0.9998979
0.9999003
0.9946953
0.9888118
0.9841973
0.9790013
0.9735226
0.9679268
0.9624530
0.9571664
0.9521353
0.9470818
0.9419073
0.9367492
0.9318877
0.9269141
0.9219810
0.9176718
0.9121387
0.9075877
0.9028993
0.8986064
0.8936296
0.8891888
0.8845938
0.8804386
0.8764203
0.8721815
0.8687845
0.8653429
0.8617810
0.8586070
0.8554264
0.8525110
0.8500800
0.8476699
0.8459620
0.8442216
0.8424474
0.8413232
0.8407003
0.8407918
0.8413121
0.8423193
0.8436570
0.8454246
0.8477066
0.8509439
0.8544182
0.8585674
0.8626520
0.8666618
0.8712570
0.8755784
0.8792877
0.8831022
0.8865874
0.8895600
0.8931044
0.8958524
0.8983669
0.9010991
0.9031974
0.9051616
0.9071583
0.9087578
0.9104922
0.9116779
0.9122994
0.9136429
0.9147570
0.9152364
0.9159315
0.9159561
0.9159546
0.9156738
0.9153516
0.9144952
0.9137205
0.9126741
0.9107402
0.9089051
0.9068986
0.9051025
0.9033359
0.9015863
0.8992339
0.8970729
0.8951189
0.8926630
0.8907017
0.8880656
0.8856189
0.8833009
0.8808702
0.8785412
0.8761974
0.8739813
0.8718165
0.8693856
0.8674243
0.8650741
0.8627147
0.8604387
0.8577195
0.8554922
0.8535983
0.8512991
0.8495680
0.8477943
0.8454125
0.8432068
0.8409229
0.8390009
0.8373128
0.8352657
0.8331714
0.8311990
0.8294275
0.8271864
0.8250992
0.8230943
0.8211002
0.8190464
0.8172193
0.8154988
0.8135182
0.8117449
0.8099165
0.8078231
0.8060798
0.8042645
0.8021870
0.8003787
0.7981147
0.7965103
0.7947071
0.7926354
0.7911284
0.7896918
0.7875916
0.7853130
0.7838364
0.7820578
0.7801270
0.7783194
0.7765192
0.7746403
0.7728853
0.7712613
0.7698090
0.7681248
0.7660963
0.7647450
0.7630768
0.7615625
0.7598557
0.7583122
0.7566894
0.7552158
0.7537480
0.7521684
0.7505608
0.7489072
0.7477021
0.7461714
0.7444407
0.7428991
0.7416222
0.7397767
0.7381870
0.7363958
0.7352380
0.7336920
0.7324065
0.7310398
0.7297772
0.7285810
0.7272595
0.7260019
0.7248414
0.7232828
0.7218859
0.7205880
0.7189390
0.7176241
0.7162919
0.7150845
0.7133318
0.7120362
0.7107884
0.7094469
0.7080899
0.7068976
0.7058295
0.7045807
0.7032433
0.7016467
0.7000680
0.6988690
0.6975148
0.6962000
