0.0000253
0.0000408
0.0003773
0.0005938
0.0003114
0.0004186
0.0003923
0.0007823
0.0008964
0.0008243
0.0008802
0.0009071
0.0007800
0.0009991
0.0011262
0.0008885
0.0008692
0.0007676
0.0010041
0.0008681
0.0008981
0.0005681
0.0008540
0.0012858
0.0014099
0.0018261
0.0016662
0.0021412
0.0020573
0.0024165
0.0028216
0.0032770
0.0036486
0.0036994
0.0041830
0.0048798
0.0052225
0.0059583
0.0072160
0.0080242
0.0087074
0.0092234
0.0098888
0.0099804
0.0111001
0.0126963
0.0132859
0.0131781
0.0132743
0.0135128
0.0135239
0.0130730
0.0119998
0.0114397
0.0110032
0.0100179
0.0095451
0.0096845
0.0092262
0.0092843
0.0090705
0.0084257
0.0080482
0.0076867
0.0074523
0.0069959
0.0064132
0.0059271
0.0052181
0.0043878
0.0038010
0.0034822
0.0032823
0.0030625
0.0026172
0.0022899
0.0022925
0.0023025
0.0020368
0.0021540
0.0023715
0.0027863
0.0029772
0.0033294
0.0034015
0.0034179
0.0040124
0.0044068
0.0046655
0.0053416
0.0056997
0.0059793
0.0064442
0.0067166
0.0070448
0.0070378
0.0073944
0.0077332
0.0077213
0.0082412
0.0081068
0.0084524
0.0088543
0.0089146
0.0091339
0.0091843
0.0089821
0.0091601
0.0086626
0.0084601
0.0086594
0.0087125
0.0086450
0.0088854
0.0087494
0.0086946
0.0087848
0.0087634
0.0084124
0.0085150
0.0086883
0.0085671
0.0084702
0.0085233
0.0084000
0.0081823
0.0083253
0.0083778
0.0083016
0.0083634
0.0082813
0.0081445
0.0081791
0.0081529
0.0085735
0.0083056
0.0081093
0.0083015
0.0079590
0.0078007
0.0078794
0.0081617
0.0080398
0.0080801
0.0081389
0.0081758
0.0082407
0.0082312
0.0079344
0.0078256
0.0077309
0.0077638
0.0079340
0.0078791
0.0079120
0.0078332
0.0080105
0.0079286
0.0076816
0.0074651
0.0072968
0.0072104
0.0071012
0.0069623
0.0065947
0.0064617
0.0066023
0.0064635
0.0063511
0.0066683
0.0066756
0.0066390
0.0064637
0.0064210
0.0062180
0.0061716
0.0061979
0.0060390
0.0059774
0.0058066
0.0056160
0.0056790
0.0056396
0.0057701
0.0058724
0.0059766
0.0060003
0.0059363
0.0060200
0.0059654
0.0058928
0.0058905
0.0059698
0.0059525
0.0058117
0.0056216
0.0055234
0.0056571
0.0058433
0.0057515
0.0057091
0.0056672
