0.9999422
0.9999718
0.9953567
0.9898528
0.9847431
0.9797352
0.9742103
0.9692983
0.9640245
0.9586113
0.9536783
0.9486719
0.9432747
0.9385007
0.9338620
0.9284718
0.9235048
0.9190175
0.9138989
0.9091096
0.9044738
0.8996023
0.8951269
0.8914429
0.8870655
0.8836398
0.8793414
0.8759352
0.8723911
0.8695792
0.8667276
0.8643518
0.8618227
0.8589964
0.8574130
0.8562245
0.8551175
0.8546669
0.8550976
0.8553902
0.8559650
0.8569611
0.8586479
0.8598158
0.8631163
0.8676822
0.8709979
0.8740461
0.8776890
0.8822563
0.8863604
0.8895797
0.8922936
0.8956331
0.8985771
0.9006643
0.9033206
0.9065376
0.9092786
0.9121284
0.9142681
0.9158701
0.9173064
0.9186369
0.9202228
0.9210222
0.9217349
0.9220686
0.9214471
0.9213351
0.9214205
0.9213410
0.9216855
0.9213250
0.9205428
0.9196881
0.9193705
0.9185316
0.9172911
0.9164502
0.9148976
0.9137898
0.9121178
0.9109391
0.9092990
0.9075781
0.9062679
0.9047983
0.9032978
0.9020272
0.9006938
0.8985478
0.8969161
0.8950757
0.8932202
0.8908791
0.8891604
0.8875381
0.8853526
0.8838331
0.8816361
0.8798919
0.8782369
0.8760667
0.8737319
0.8715929
0.8693445
0.8673574
0.8647542
0.8626255
0.8605931
0.8584805
0.8560783
0.8545777
0.8526512
0.8505080
0.8485719
0.8465619
0.8441751
0.8421139
0.8403306
0.8381132
0.8359490
0.8339884
0.8319451
0.8298431
0.8281132
0.8264319
0.8244698
0.8224848
0.8205975
0.8185424
0.8165255
0.8146713
0.8131448
0.8110707
0.8089234
0.8071886
0.8050811
0.8033670
0.8014048
0.7996211
0.7979309
0.7962228
0.7943952
0.7926522
0.7909658
0.7890702
0.7867949
0.7849802
0.7833618
0.7817353
0.7800052
0.7785576
0.7769472
0.7752947
0.7738988
0.7722116
0.7701559
0.7683028
0.7665399
0.7648088
0.7630098
0.7611128
0.7592631
0.7574992
0.7560151
0.7542301
0.7527561
0.7514668
0.7498898
0.7480345
0.7465693
0.7449485
0.7433072
0.7418591
0.7406426
0.7391679
0.7377385
0.7361812
0.7346868
0.7332386
0.7317726
0.7307035
0.7292338
0.7281016
0.7268109
0.7254913
0.7238853
0.7224940
0.7211189
0.7197734
0.7185554
0.7173327
0.7160178
0.7144357
0.7129263
0.7115640
0.7103118
0.7089518
0.7075232
0.7061351
