155.5162904
24.5657470
0.0349954
0.0045716
0.0010918
0.0007044
0.0007227
0.0008251
0.0009813
0.0011894
0.0014680
0.0018334
0.0022959
0.0028668
0.0035343
0.0042868
0.0050462
0.0057428
0.0062817
0.0065633
0.0065424
0.0062364
0.0057080
0.0050617
0.0043995
0.0037761
0.0032444
0.0028070
0.0024403
0.0021488
0.0019060
0.0017206
0.0015430
0.0014107
0.0012951
0.0011857
0.0011093
0.0010303
0.0009771
0.0008969
0.0008517
0.0007911
0.0007663
0.0007129
0.0006825
0.0006572
0.0006233
0.0005921
0.0005549
0.0005759
0.0005288
0.0005285
0.0004943
0.0004854
0.0004639
0.0004344
0.0004285
0.0004367
0.0004229
0.0004112
0.0003868
0.0003730
0.0003741
0.0003608
0.0003384
0.0003539
0.0003162
0.0003284
0.0003096
0.0003230
0.0003193
0.0003118
0.0003093
0.0002941
0.0002818
0.0003027
0.0002805
0.0003119
0.0002827
0.0002795
0.0002914
0.0003080
0.0002555
0.0002419
0.0002495
0.0002574
0.0002703
0.0002461
0.0002331
0.0002460
0.0002375
0.0002677
0.0002321
0.0002181
0.0002342
0.0002430
0.0002412
0.0002472
0.0002246
0.0002256
0.0002104
0.0002044
