155.2446139
24.4859122
0.0345416
0.0045268
0.0010355
0.0006233
0.0006161
0.0006841
0.0007960
0.0009456
0.0011530
0.0014320
0.0018012
0.0022825
0.0028970
0.0036403
0.0044667
0.0053013
0.0060020
0.0063366
0.0061905
0.0057553
0.0051539
0.0045080
0.0038919
0.0033337
0.0028787
0.0024997
0.0021887
0.0019452
0.0017384
0.0015783
0.0014332
0.0013000
0.0012059
0.0011035
0.0010361
0.0009607
0.0009141
0.0008451
0.0007998
0.0007438
0.0007215
0.0006787
0.0006378
0.0006198
0.0005873
0.0005561
0.0005219
0.0005484
0.0004942
0.0004876
0.0004576
0.0004562
0.0004285
0.0004098
0.0003979
0.0003953
0.0003882
0.0003785
0.0003532
0.0003471
0.0003472
0.0003279
0.0003173
0.0003333
0.0002858
0.0002953
0.0002851
0.0002923
0.0002963
0.0002788
0.0002766
0.0002717
0.0002599
0.0002665
0.0002547
0.0002635
0.0002438
0.0002464
0.0002399
0.0002637
0.0002266
0.0002141
0.0002175
0.0002340
0.0002149
0.0002182
0.0001957
0.0002285
0.0002031
0.0002247
0.0002049
0.0001935
0.0001898
0.0002088
0.0002062
0.0002073
0.0001975
0.0001928
0.0001859
0.0001747
