0.4383248
0.1288060
0.0007321
0.0000724
0.0000909
0.0001308
0.0001720
0.0002276
0.0002990
0.0003934
0.0005082
0.0006476
0.0007981
0.0009426
0.0010282
0.0010431
0.0009349
0.0007123
0.0004513
0.0003657
0.0005677
0.0007761
0.0008941
0.0008933
0.0008189
0.0007138
0.0005900
0.0004957
0.0004060
0.0003285
0.0002704
0.0002297
0.0001771
0.0001786
0.0001439
0.0001325
0.0001181
0.0001123
0.0001016
0.0000835
0.0000838
0.0000764
0.0000723
0.0000551
0.0000721
0.0000604
0.0000581
0.0000580
0.0000533
0.0000443
0.0000557
0.0000659
0.0000592
0.0000470
0.0000572
0.0000398
0.0000493
0.0000667
0.0000560
0.0000528
0.0000542
0.0000418
0.0000435
0.0000531
0.0000340
0.0000333
0.0000490
0.0000534
0.0000395
0.0000496
0.0000372
0.0000533
0.0000528
0.0000361
0.0000354
0.0000585
0.0000417
0.0000781
0.0000627
0.0000534
0.0000831
0.0000715
0.0000466
0.0000449
0.0000517
0.0000377
0.0000894
0.0000449
0.0000603
0.0000281
0.0000554
0.0000693
0.0000440
0.0000396
0.0000716
0.0000553
0.0000566
0.0000643
0.0000438
0.0000529
0.0000395
0.0000479
