155.7879670
24.6455817
0.0354491
0.0046165
0.0011481
0.0007855
0.0008293
0.0009662
0.0011666
0.0014332
0.0017831
0.0022348
0.0027906
0.0034510
0.0041716
0.0049334
0.0056256
0.0061843
0.0065614
0.0067900
0.0068942
0.0067174
0.0062622
0.0056154
0.0049071
0.0042186
0.0036101
0.0031142
0.0026920
0.0023524
0.0020736
0.0018630
0.0016527
0.0015214
0.0013843
0.0012678
0.0011825
0.0011000
0.0010401
0.0009486
0.0009036
0.0008385
0.0008111
0.0007470
0.0007272
0.0006946
0.0006593
0.0006281
0.0005879
0.0006034
0.0005633
0.0005693
0.0005310
0.0005145
0.0004993
0.0004591
0.0004591
0.0004780
0.0004576
0.0004440
0.0004204
0.0003989
0.0004011
0.0003937
0.0003595
0.0003746
0.0003466
0.0003615
0.0003341
0.0003538
0.0003424
0.0003448
0.0003421
0.0003165
0.0003038
0.0003389
0.0003063
0.0003603
0.0003216
0.0003126
0.0003429
0.0003524
0.0002843
0.0002698
0.0002816
0.0002808
0.0003256
0.0002739
0.0002705
0.0002634
0.0002718
0.0003106
0.0002594
0.0002426
0.0002785
0.0002772
0.0002763
0.0002870
0.0002517
0.0002584
0.0002349
0.0002341
