0.9999750099960016
0.9842512994802080
0.4997550979608157
0.5659086365453818
0.5135795681727309
0.4819872051179528
0.4686575369852060
0.4640443822471012
0.4556077568972411
0.4495801679328268
0.4533786485405837
0.4413984406237505
0.4409886045581767
0.4407736905237905
0.4361105557776889
0.4375149940023991
0.4344112355057977
0.4314324270291883
0.4312824870051979
0.4298680527788885
0.4270591763294682
0.4262894842063175
0.4255897640943623
0.4250049980007997
0.4269842063174730
0.4219912035185925
0.4256147540983607
0.4243502598960416
0.4213364654138345
0.4209466213514594
0.4230157936825270
0.4203268692522991
0.4170981607357057
0.4209366253498600
0.4165333866453418
0.4176279488204718
0.4131497401039584
0.4167982806877250
0.4149040383846461
0.4153838464614155
0.4142942822870851
0.4139444222311076
0.4146991203518593
0.4144292283086766
0.4137395041983207
0.4116153538584566
0.4128498600559776
0.4118002798880448
0.4100459816073571
0.4123000799680128
0.4089964014394242
0.4097311075569772
0.4055277888844462
0.4102858856457416
0.4078418632546981
0.4087065173930428
0.4144392243102759
0.4116303478608556
0.4097311075569772
0.4009096361455418
0.4070771691323470
0.4054628148740503
0.4048830467812875
0.4041583366653339
0.4058926429428229
0.4037684926029588
0.4051929228308676
0.4074670131947221
0.4001949220311876
0.4069172331067573
0.4044082367053179
0.3994202319072371
0.4049930027988805
0.4014294282287085
0.4031487405037985
0.4002199120351859
0.4021591363454618
0.4009246301479408
0.3991303478608557
0.3984106357457017
0.4026439424230308
0.3986255497800880
0.3989404238304678
0.3998150739704118
0.3994302279088364
0.3987005197920832
0.3999950019992003
0.4000099960015994
0.3981057576969212
0.3963914434226309
0.3967363054778089
0.3947820871651340
0.3954918032786885
0.3931177528988404
0.3939724110355858
0.3994352259096361
0.3962065173930428
0.3945221911235506
0.3913534586165534
0.3960165933626549
0.3979608156737305
0.3956667333066773
0.3942323070771692
0.3884796081567373
0.3909386245501799
0.3893642542982807
0.3980307876849261
0.3947870851659336
0.3879448220711715
0.3895691723310676
0.3919132347061176
0.3915583766493402
0.3965563774490204
0.3927678928428628
0.3830917632946821
0.3923180727708916
0.3906987205117953
0.3890593762495002
0.3863304678128748
0.3890043982407038
0.3887644942023191
0.3877648940423830
0.3898640543782487
0.3832267093162735
0.3855807676929228
0.3872650939624150
0.3868002798880448
0.3840163934426229
0.3854808076769292
0.3837415033986405
0.3897241103558576
0.3884596161535386
0.3864804078368652
0.3909036385445822
0.3793232706917233
0.3862954818072771
0.3821721311475410
0.3829318272690924
0.3843712514994002
0.3882297081167533
0.3791733306677329
0.3893492602958817
0.3831067572970812
0.3875899640143942
0.3809276289484206
0.3789934026389444
0.3774590163934426
0.3837514994002399
0.3806877249100360
0.3799230307876850
0.3791383446621351
0.3874750099960016
0.3737854858056777
0.3767842862854858
0.3855657736905238
0.3735805677728908
0.3751149540183926
0.3759046381447421
0.3751799280287885
0.3782137145141943
0.3784336265493803
0.3828568572570972
0.3766243502598960
0.3769642143142743
0.3807177129148340
0.3801829268292683
0.3761245501799280
0.3815773690523790
0.3802528988404638
0.3752449020391843
0.3800629748100760
0.3800379848060776
0.3767842862854858
0.3758746501399440
0.3788684526189524
0.3752399040383847
0.3735255897640943
0.3738604558176730
0.3747101159536186
0.3732107157137145
0.3684976009596161
0.3706017592962815
0.3719412235105958
0.3690223910435826
0.3717363054778089
0.3745451819272291
0.3692323070771691
0.3706967213114754
0.3694922031187525
0.3763194722111156
0.3729808076769292
0.3700769692123151
0.3655637744902039
0.3752898840463814
0.3661435425829668
0.3716413434626150
0.3685725709716114
0.3726759296281488
0.3675129948020792
0.3663334666133546
0.3718512594962015
0.3615453818472611
