1.000000000000
1.000000000000
0.991738304678
0.987534986006
0.983266693323
0.979938024790
0.977923830468
0.976589364254
0.973275689724
0.972535985606
0.970976609356
0.967877848860
0.966873250700
0.964529188325
0.961780287885
0.960350859656
0.958851459416
0.957856857257
0.955787684926
0.956097560976
0.955642742903
0.951834266293
0.949400239904
0.949835065974
0.946981207517
0.946516393443
0.945851659336
0.945031987205
0.943692522991
0.942123150740
0.941983206717
0.941873250700
0.941278488605
0.941658336665
0.938254698121
0.936605357857
0.937919832067
0.936105557777
0.934191323471
0.931952219112
0.932472011196
0.932117153139
0.933051779288
0.930717712915
0.929748100760
0.927409036385
0.927573970412
0.926644342263
0.927019192323
0.926639344262
0.925219912035
0.925879648141
0.923700519792
0.920931627349
0.922116153539
0.921306477409
0.920566773291
0.918037784886
0.919612155138
0.917822870852
0.917642942823
0.915353858457
0.914709116353
0.916428428629
0.917338064774
0.913184726110
0.914589164334
0.911985205918
0.910805677729
0.907946821271
0.908816473411
0.907751899240
0.910500799680
0.906637345062
0.909081367453
0.907666933227
0.907187125150
0.905912634946
0.903388644542
0.904778088764
0.903038784486
0.903793482607
0.905312874850
0.899405237905
0.899935025990
0.899330267893
0.900274890044
0.897091163535
0.901274490204
0.895801679328
0.897036185526
0.897351059576
0.894762095162
0.892493002799
0.891678328669
0.894792083167
0.891603358657
0.893642542983
0.891843262695
0.890873650540
0.891888244702
0.887714914034
0.889274290284
0.894542183127
0.888189724110
0.891058576569
0.887664934026
0.885245901639
0.889139344262
0.886330467813
0.881307477009
0.886265493802
0.881997201120
0.881117552979
0.880902638944
0.881087564974
0.877628948421
0.881457417033
0.883226709316
0.884171331467
0.878033786485
0.876889244302
0.876659336265
0.878233706517
0.875444822071
0.877563974410
0.875004998001
0.873290683727
0.870366853259
0.873765493802
0.877543982407
0.869622151140
0.870286885246
0.873100759696
0.872825869652
0.874215313874
0.870151939224
0.869822071172
0.872051179528
0.868612554978
0.867627948820
0.867802878848
0.869647141144
0.863359656138
0.864714114354
0.868012794882
0.872650939624
0.865533786485
0.863064774090
0.861575369852
0.864919032387
0.862844862055
0.858651539384
0.863499600160
0.857077169132
0.865128948421
0.861760295882
0.858886445422
0.856167532987
0.862874850060
0.855767692923
0.854348260696
0.859071371451
0.855962614954
0.860625749700
0.855137944822
0.853863454618
0.855837664934
0.856537385046
0.855617752899
0.854688124750
0.857142143143
0.855517792883
0.852194122351
0.852189124350
0.858201719312
0.856072570972
0.848825469812
0.851549380248
0.850644742103
0.851944222311
0.852778888445
0.849445221911
0.846636345462
0.849645141943
0.849150339864
0.845441823271
0.847630947621
0.847291083567
0.843572570972
0.842542982807
0.845666733307
0.846566373451
0.845791683327
0.845061975210
0.845091963215
0.843827469012
0.844822071172
0.846321471411
0.841308476609
0.839029388245
0.838609556178
