1.000000000000
1.000000000000
0.907472011196
0.860310875650
0.825889644142
0.802598960416
0.795286885246
0.774015393842
0.756592363055
0.730257896841
0.721266493403
0.728348660536
0.732516993203
0.729598160736
0.720586765294
0.718167732907
0.730402838864
0.725434826070
0.740328868453
0.747181127549
0.744107357057
0.735560775690
0.775124950020
0.760230907637
0.790108956417
0.789504198321
0.791963214714
0.811110555778
0.821716313475
0.822525989604
0.833861455418
0.847341063575
0.868592562975
0.863949420232
0.882776889244
0.876494402239
0.890943622551
0.896486405438
0.912130147941
0.909076369452
0.922710915634
0.913619552179
0.917148140744
0.921826269492
0.937480007997
0.934761095562
0.937090163934
0.941363454618
0.947790883647
0.944867053179
0.950359856058
0.961730307877
0.955712714914
0.962574970012
0.965313874450
0.970971611355
0.971876249500
0.966323470612
0.970261895242
0.974275289884
0.979103358657
0.978093762495
0.976094562175
0.982302079168
0.976839264294
0.979258296681
0.985035985606
0.984086365454
0.985595761695
0.984461215514
0.987060175930
0.986835265894
0.988844462215
0.988619552179
0.988684526190
0.991488404638
0.991573370652
0.989104358257
0.991273490604
0.992238104758
0.992707916833
0.990283886445
0.994307277089
0.993822471012
0.993282686925
0.991353458617
0.991383446621
0.993907437025
0.992253098760
0.994237305078
0.993142742903
0.993532586965
0.993677528988
0.993222710916
0.993542582967
0.994427229108
0.994022391044
0.994452219112
0.995501799280
0.993727508996
0.993152738904
0.994127349060
0.994377249100
0.994607157137
0.992877848860
0.993317672931
0.993517592963
0.994742103159
0.995191923231
0.995131947221
0.995791683327
0.993712514994
0.995566773291
0.993602558976
0.994407237105
0.993907437025
0.994687125150
0.994292283087
0.992857856857
0.994137345062
0.993907437025
0.995536785286
0.993387644942
0.993532586965
0.995121951220
0.996261495402
0.995471811275
0.993542582967
0.993472610956
0.994952019192
0.993997401040
0.994607157137
0.994712115154
0.995056977209
0.995461815274
0.995566773291
0.993667532987
0.993802479008
0.992912834866
0.996061575370
0.994592163135
0.994317273091
0.993582566973
0.994727109156
0.994802079168
0.994772091164
0.993682526989
0.994147341064
0.992068172731
0.993692522991
0.995146941224
0.995151939224
0.991778288685
0.993457616953
0.992692922831
0.993612554978
0.993627548980
0.992712914834
0.993957417033
0.991778288685
0.992383046781
0.991688324670
0.993992403039
0.990413834466
0.993632546981
0.994117353059
0.994162335066
0.992932826869
0.993007796881
0.991763294682
0.993712514994
0.993037784886
0.992612954818
0.993732506997
0.992468012795
0.993187724910
0.992957816873
0.993347660936
0.991598360656
0.990598760496
0.991768292683
0.992752898840
0.990743702519
0.992223110756
0.990843662535
0.991973210716
0.991068572571
0.992338064774
0.991543382647
0.991873250700
0.993877449020
0.991788284686
0.990963614554
0.991403438625
0.990378848461
0.990148940424
0.992702918832
0.990933626549
0.991278488605
0.991708316673
0.991448420632
0.991048580568
