1.000000000000
1.000000000000
0.986135545782
0.999930027989
0.999960015994
0.999980007997
0.999985005998
0.999990003998
0.999995001999
0.999995001999
0.999985005998
0.999990003998
0.999995001999
0.999975009996
1.000000000000
0.999985005998
0.999990003998
0.999975009996
0.999965013994
1.000000000000
0.999980007997
0.999975009996
0.999975009996
0.999895041983
0.999930027989
0.999930027989
0.999990003998
0.999940023990
0.999990003998
0.999990003998
0.999920031987
0.999900039984
0.999900039984
0.999895041983
0.999850059976
0.999870051979
0.999900039984
0.999945021991
0.999910035986
0.999760095962
0.999775089964
0.999875049980
0.999715113954
0.999805077969
0.999535185926
0.999790083966
0.999790083966
0.999565173930
0.998845461815
0.999815073970
0.999400239904
0.999555177929
0.999440223910
0.999300279888
0.998840463814
0.999715113954
0.999210315874
0.998740503798
0.998715513794
0.998745501799
0.999385245902
0.998895441823
0.998685525790
0.998085765694
0.998100759696
0.998005797681
0.997266093563
0.997705917633
0.998455617753
0.997825869652
0.996411435426
0.998325669732
0.996821271491
0.996636345462
0.997066173531
0.996026589364
0.995671731307
0.994737105158
0.995451819272
0.994907037185
0.992847860856
0.993647540984
0.992393042783
0.994592163135
0.995021991204
0.989339264294
0.992263094762
0.991913234706
0.990903638545
0.989919032387
0.991158536585
0.988984406238
0.983861455418
0.990258896441
0.986785285886
0.988119752099
0.983541583367
0.986295481807
0.982851859256
0.984691123551
0.984296281487
0.982182127149
0.984361255498
0.982347061176
0.978763494602
0.980007996801
0.981052578968
0.977738904438
0.978858456617
0.979873050780
0.970886645342
0.974690123950
0.970456817273
0.973035785686
0.968172730908
0.971706317473
0.972061175530
0.971411435426
0.967258096761
0.964214314274
0.967692922831
0.961315473810
0.958681527389
0.965303878449
0.963019792083
0.958006797281
0.958126749300
0.959041383447
0.955277888844
0.954848060776
0.953083766493
0.960400839664
0.955572770892
0.953168732507
0.948320671731
0.952114154338
0.953428628549
0.949250299880
0.943937425030
0.945786685326
0.947675929628
0.943407636945
0.941358456617
0.941678328669
0.943377648940
0.939124350260
0.946901239504
0.942782886845
0.945231907237
0.936700319872
0.939139344262
0.939714114354
0.937889844062
0.931557377049
0.932826869252
0.927983806477
0.933241703319
0.933426629348
0.930787684926
0.934496201519
0.937425029988
0.931642343063
0.934016393443
0.932052179128
0.932232107157
0.933926429428
0.932511995202
0.934461215514
0.929678128749
0.932901839264
0.932996801279
0.927054178329
0.922905837665
0.928673530588
0.929113354658
0.924100359856
0.929893042783
0.931582367053
0.925484806078
0.931397441024
0.931042582967
0.927429028389
0.921416433427
0.928128748501
0.928878448621
0.928408636545
0.932287085166
0.930307876849
0.916103558577
0.921821271491
0.925329868053
0.922645941623
0.919222311076
0.931022590964
0.929908036785
0.928658536585
0.924685125950
0.923140743703
0.920066973211
0.920241903239
0.919192323071
0.920976609356
