272.579838935823
10.798825512638
0.000181772363
0.000291253231
0.000155213137
0.000117197459
0.000116985611
0.000102953643
0.000089564007
0.000063004666
0.000064189421
0.000051905273
0.000056380942
0.000062253185
0.000048887571
0.000052484700
0.000046264989
0.000052406964
0.000030641306
0.000034357314
0.000026494597
0.000027275199
0.000025185880
0.000021829890
0.000026770662
0.000029221667
0.000024071707
0.000025019820
0.000031898874
0.000024281481
0.000015546183
0.000017184092
0.000015201400
0.000019434626
0.000018251257
0.000018920632
0.000016808316
0.000017267923
0.000026302605
0.000013775616
0.000012775201
0.000014775720
0.000012254606
0.000011989223
0.000014063415
0.000010571577
0.000013782344
0.000013996919
0.000008874962
0.000012535165
0.000009437462
0.000014660885
0.000012687931
0.000011112096
0.000012006321
0.000012533644
0.000010330389
0.000008396627
0.000008214514
0.000008684555
0.000013671671
0.000011400384
0.000008091416
0.000007558644
0.000008577331
0.000016357263
0.000005960898
0.000008537819
0.000009396482
0.000008170013
0.000006185476
0.000008389252
0.000008345382
0.000006308276
0.000009326172
0.000006938652
0.000007321611
0.000006747519
0.000006799994
0.000008234823
0.000005308640
0.000006473765
0.000006699344
0.000008551602
0.000007338694
0.000006776355
0.000008006148
0.000007048310
0.000007271794
0.000004491965
0.000007136160
0.000006456557
0.000004741200
0.000007212153
0.000005851995
0.000008370522
0.000005419494
0.000004995410
0.000004007460
0.000006404711
0.000008209093
0.000005055445
0.000005571142
0.000005133655
0.000005102693
0.000006050515
0.000006112547
0.000007557652
0.000010105650
0.000004410577
0.000003148179
0.000007318266
0.000003536039
0.000005261880
0.000003808625
0.000006290025
0.000004738909
0.000006101511
0.000005433464
0.000004607781
0.000003820850
0.000002937957
0.000004693264
0.000004923696
0.000005531426
0.000003922565
0.000004926787
0.000003560075
0.000003518746
0.000004770279
0.000005057464
0.000005524989
0.000004778392
0.000004514671
0.000003471939
0.000004402997
0.000004519826
0.000004611471
0.000003839517
0.000003525139
0.000003933538
0.000003400312
0.000003457090
0.000002860933
0.000004042486
0.000003456241
0.000006058717
0.000003584569
0.000003454712
0.000003223413
0.000003264051
0.000003537676
0.000003875744
0.000003843734
0.000004003227
0.000003392195
0.000003614690
0.000004074945
0.000003141201
0.000003236980
0.000003770676
0.000004286821
0.000003747986
0.000002710769
0.000004822323
0.000003203812
0.000003114981
0.000004396442
0.000002456201
0.000003581174
0.000003854246
0.000003007707
0.000002926054
0.000003700423
0.000002224652
0.000002483273
0.000002868991
0.000002900338
0.000004475639
0.000003029857
0.000001780261
0.000003037565
0.000002963912
0.000002516017
0.000003223503
0.000002938070
0.000003158806
0.000002563350
0.000002489906
0.000002691387
0.000004215579
0.000002374886
0.000002830435
0.000003179401
0.000003411600
0.000002434286
0.000002793677
0.000003638635
0.000002433632
0.000002721046
0.000003060588
0.000002108037
