272.579838935823
10.986425376476
0.000000596031
0.000000349845
0.000000215838
0.000000195227
0.000000183520
0.000000124664
0.000000133156
0.000000107360
0.000000054079
0.000000075030
0.000000067951
0.000000089222
0.000000055985
0.000000038080
0.000000034415
0.000000050147
0.000000060378
0.000000054802
0.000000044328
0.000000033170
0.000000066596
0.000000039893
0.000000030174
0.000000072289
0.000000034434
0.000000061278
0.000000046404
0.000000066743
0.000000046576
0.000000063122
0.000000103039
0.000000052155
0.000000064650
0.000000057935
0.000000065565
0.000000093864
0.000000122409
0.000000104487
0.000000137346
0.000000157644
0.000000135314
0.000000151246
0.000000217127
0.000000108622
0.000000139724
0.000000204404
0.000000157973
0.000000190957
0.000000150378
0.000000221936
0.000000301723
0.000000099481
0.000000224308
0.000000200140
0.000000178681
0.000000154738
0.000000220785
0.000000298048
0.000000290211
0.000000286258
0.000000214505
0.000000164713
0.000000171219
0.000000275644
0.000000224864
0.000000201421
0.000000251091
0.000000267210
0.000000286806
0.000000232262
0.000000250677
0.000000234565
0.000000245706
0.000000235939
0.000000262474
0.000000181729
0.000000291007
0.000000188865
0.000000289398
0.000000219463
0.000000277221
0.000000346204
0.000000184780
0.000000203404
0.000000194392
0.000000223142
0.000000223531
0.000000235337
0.000000188638
0.000000185699
0.000000189953
0.000000199840
0.000000167485
0.000000218201
0.000000180926
0.000000162867
0.000000310529
0.000000224477
0.000000219060
0.000000221595
0.000000162300
0.000000262272
0.000000163386
0.000000175144
0.000000240837
0.000000217210
0.000000176330
0.000000191899
0.000000191192
0.000000226812
0.000000239631
0.000000169015
0.000000185235
0.000000165146
0.000000212913
0.000000175935
0.000000149341
0.000000196750
0.000000293876
0.000000299760
0.000000166545
0.000000126740
0.000000149364
0.000000182818
0.000000225618
0.000000145972
0.000000139738
0.000000183022
0.000000186520
0.000000175130
0.000000168943
0.000000160314
0.000000247915
0.000000151947
0.000000172277
0.000000126545
0.000000138082
0.000000199640
0.000000165565
0.000000189476
0.000000145904
0.000000197602
0.000000167089
0.000000174151
0.000000181139
0.000000149906
0.000000135199
0.000000186523
0.000000200723
0.000000161884
0.000000176476
0.000000129038
0.000000129194
0.000000148978
0.000000142587
0.000000139772
0.000000141317
0.000000146797
0.000000171966
0.000000131291
0.000000139018
0.000000112577
0.000000193126
0.000000159046
0.000000123544
0.000000137050
0.000000167163
0.000000144100
0.000000141777
0.000000173793
0.000000119958
0.000000143856
0.000000174176
0.000000150502
0.000000189411
0.000000155500
0.000000140386
0.000000135635
0.000000180927
0.000000141979
0.000000100871
0.000000192369
0.000000095124
0.000000142429
0.000000133525
0.000000132163
0.000000138357
0.000000131272
0.000000136311
0.000000132355
0.000000109567
0.000000150855
0.000000152309
0.000000103223
0.000000107133
0.000000113634
0.000000125497
0.000000142595
0.000000173304
0.000000137186
