272.5798389358233180
10.5683278026966647
0.0002422862940374
0.0009235771154812
0.0006175656335402
0.0005159919953485
0.0004766409577912
0.0004343004779261
0.0002554223424402
0.0002001277002896
0.0003257343373602
0.0001775668105402
0.0001833794776092
0.0002011529459265
0.0001766780999212
0.0001398070066128
0.0002024358911584
0.0001416508062945
0.0002185737000355
0.0001121513841674
0.0001106088175463
0.0001140630804236
0.0000597334899039
0.0000971195876760
0.0001447385402927
0.0000687783363888
0.0000914699934522
0.0000756548378077
0.0000750806694195
0.0000878012586798
0.0000796782466170
0.0000549792544711
0.0000534647312065
0.0000900570545922
0.0000746252667986
0.0000559551916149
0.0000635869771720
0.0000828421904241
0.0000585593070202
0.0000712119345970
0.0000634878477418
0.0000545456567174
0.0000541790946098
0.0000674350112751
0.0000691920680724
0.0000459903299222
0.0000682975274173
0.0000532390639844
0.0000368720676021
0.0000653000877891
0.0000274269735815
0.0000552849421537
0.0000345779468676
0.0000518939124153
0.0000369273872800
0.0000400248223503
0.0000534731987627
0.0000393972732005
0.0000439286791100
0.0000249982621802
0.0000310115359384
0.0000350326264764
0.0000383784349230
0.0000342364108086
0.0000279014422906
0.0000367042010404
0.0000415358982742
0.0000333175055064
0.0000230081930237
0.0000399876152201
0.0000461730092843
0.0000321218051287
0.0000312345763571
0.0000371597310632
0.0000362840639240
0.0000311417839761
0.0000286095315486
0.0000297126698782
0.0000217834732378
0.0000177092993967
0.0000450773865311
0.0000344848602053
0.0000301881790959
0.0000260971579550
0.0000281980468544
0.0000252403472621
0.0000231205722363
0.0000268824556077
0.0000181879274703
0.0000201101048186
0.0000190953871084
0.0000258393178186
0.0000168926097663
0.0000223921536881
0.0000275041708666
0.0000200659479996
0.0000193025397223
0.0000242761438075
0.0000172389225372
0.0000247542773752
0.0000210622744591
0.0000231381045293
0.0000238677091044
0.0000191231463789
0.0000205827791559
0.0000155629739472
0.0000245853497575
0.0000258872216676
0.0000172877658702
0.0000231656390183
0.0000203836767460
0.0000236043032880
0.0000203924300979
0.0000246996703304
0.0000184354307780
0.0000309763817795
0.0000208294588404
0.0000147032576198
0.0000188256376731
0.0000200637560244
0.0000152875425802
0.0000149890706285
0.0000286486790203
0.0000118865518282
0.0000102640856812
0.0000169618238307
0.0000163982139792
0.0000180280743946
0.0000161359581623
0.0000169192889575
0.0000212934951615
0.0000246744390719
0.0000147251008707
0.0000300043098831
0.0000116551551768
0.0000150341073005
0.0000097404004413
0.0000150887421237
0.0000113017084247
0.0000155319110686
0.0000147538281687
0.0000144208965984
0.0000125107466706
0.0000121831061163
0.0000164525484021
0.0000090071287255
0.0000139887750409
0.0000160860750920
0.0000118783769283
0.0000110614862072
0.0000197970840929
0.0000142153488072
0.0000114331772486
0.0000112355366729
0.0000229714048223
0.0000089479744350
0.0000144906049510
0.0000114190115388
0.0000127547573124
0.0000174060519603
0.0000144926158726
0.0000173413111427
0.0000137174635259
0.0000155652585910
0.0000128577739119
0.0000130229655107
0.0000125313055393
0.0000103995615350
0.0000136284471597
0.0000110932765111
0.0000193378680121
0.0000135179635308
0.0000107875818334
0.0000103376719278
0.0000151141405153
0.0000118721840574
0.0000116951461928
0.0000108022578222
0.0000153461915126
0.0000291267311872
0.0000128175459517
0.0000113906906364
0.0000139883229861
0.0000098701906835
0.0000104672107054
0.0000105359742689
0.0000149584810710
0.0000098386818977
0.0000159688394709
0.0000118823145046
0.0000084567366165
0.0000107487216538
0.0000073471645876
0.0000129169769786
0.0000100141575097
0.0000103535014310
0.0000126056193326
0.0000129998462145
0.0000083672474836
0.0000092383515344
0.0000103003448855
0.0000067203174805
