272.579838935823
11.029049039236
0.000000008225
0.000000004944
0.000000002113
0.000000001913
0.000000001376
0.000000000796
0.000000000848
0.000000001481
0.000000000832
0.000000001109
0.000000000751
0.000000000780
0.000000000702
0.000000000627
0.000000000375
0.000000000503
0.000000000550
0.000000000413
0.000000000602
0.000000000289
0.000000000164
0.000000000339
0.000000000299
0.000000000315
0.000000000252
0.000000000259
0.000000000258
0.000000000285
0.000000000110
0.000000000318
0.000000000179
0.000000000212
0.000000000273
0.000000000123
0.000000000217
0.000000000173
0.000000000153
0.000000000268
0.000000000154
0.000000000154
0.000000000200
0.000000000173
0.000000000225
0.000000000117
0.000000000142
0.000000000192
0.000000000177
0.000000000203
0.000000000192
0.000000000194
0.000000000199
0.000000000113
0.000000000183
0.000000000124
0.000000000153
0.000000000115
0.000000000187
0.000000000118
0.000000000105
0.000000000142
0.000000000098
0.000000000123
0.000000000195
0.000000000109
0.000000000128
0.000000000097
0.000000000132
0.000000000097
0.000000000072
0.000000000096
0.000000000131
0.000000000078
0.000000000088
0.000000000095
0.000000000144
0.000000000100
0.000000000068
0.000000000127
0.000000000095
0.000000000122
0.000000000088
0.000000000084
0.000000000137
0.000000000088
0.000000000081
0.000000000058
0.000000000105
0.000000000083
0.000000000090
0.000000000068
0.000000000093
0.000000000073
0.000000000058
0.000000000086
0.000000000059
0.000000000085
0.000000000073
0.000000000060
0.000000000093
0.000000000046
0.000000000106
0.000000000102
0.000000000061
0.000000000086
0.000000000119
0.000000000066
0.000000000071
0.000000000104
0.000000000055
0.000000000095
0.000000000059
0.000000000047
0.000000000068
0.000000000038
0.000000000057
0.000000000097
0.000000000040
0.000000000089
0.000000000046
0.000000000031
0.000000000074
0.000000000080
0.000000000042
0.000000000053
0.000000000068
0.000000000045
0.000000000047
0.000000000058
0.000000000088
0.000000000034
0.000000000051
0.000000000050
0.000000000073
0.000000000053
0.000000000052
0.000000000053
0.000000000097
0.000000000046
0.000000000040
0.000000000045
0.000000000036
0.000000000040
0.000000000043
0.000000000048
0.000000000093
0.000000000044
0.000000000045
0.000000000037
0.000000000061
0.000000000049
0.000000000033
0.000000000047
0.000000000037
0.000000000066
0.000000000043
0.000000000042
0.000000000038
0.000000000060
0.000000000028
0.000000000038
0.000000000062
0.000000000024
0.000000000049
0.000000000063
0.000000000049
0.000000000058
0.000000000059
0.000000000037
0.000000000036
0.000000000066
0.000000000059
0.000000000051
0.000000000027
0.000000000038
0.000000000030
0.000000000027
0.000000000050
0.000000000021
0.000000000058
0.000000000059
0.000000000050
0.000000000034
0.000000000033
0.000000000043
0.000000000029
0.000000000041
0.000000000035
0.000000000036
0.000000000030
0.000000000045
0.000000000049
0.000000000031
0.000000000039
0.000000000032
0.000000000030
0.000000000043
0.000000000025
0.000000000033
0.000000000025
0.000000000041
