4.8181692759181951
4.6134359150651072
1.9705005402845690
12.9288575917641317
23.4705133566249167
29.9248454428671202
34.5044816447957174
38.0349386372923988
40.9222108147773653
43.4088064001122547
45.4910178990298704
47.3193888458739522
49.0057093272763424
50.4386590691544185
51.7560337865969942
52.9879673545331400
54.0743448994433393
55.0806350477409978
56.0302957222008899
56.8866441421198701
57.6955579165584282
58.5137041225137651
59.2573131105053506
59.9464718322929144
60.6050238536762933
61.2235798115150658
61.8117827733329790
62.3935582681375536
62.9573517605677182
63.5108175307518792
64.0225779375185624
64.5407962078124200
64.9993717736612098
65.4739518820372837
65.9414639549263768
66.4088946805092917
66.8162518012200906
67.2634861514310245
67.6741570391665164
68.0892986812446992
68.4720023215135143
68.8439749808109411
69.2079830616386005
69.5493544564941146
69.9122850767176800
70.2620323853315085
70.6074484223341443
70.9579791993152469
71.2732182000514598
71.5926977217946927
71.9001284761984323
72.2064751029324725
72.5074045656859028
72.8115727993536836
73.0857859427427883
73.3757674055497944
73.6715294463600969
73.9528784867346189
74.2290738316427650
74.4855429410655887
74.7421422059290848
74.9928598711840948
75.2565337687068023
75.5008579449293222
75.7440146997513892
75.9858867474918895
76.2202360642684482
76.4607775281136952
76.6832032472066771
76.9170608535839619
77.1331883986566851
77.3578199290000867
77.5889924580597068
77.8113562765934148
78.0286803911927223
78.2245569315590927
78.4355195190387775
78.6492607691869523
78.8536695904375904
79.0574477005341265
79.2458330493744540
79.4421533081442277
79.6407338883780795
79.8305600756101370
80.0038532618794136
80.1760204645253225
80.3576214206305508
80.5262475983883803
80.7169635229388263
80.8902376909957326
81.0630768342054751
81.2463827954107529
81.4141290345364155
81.5649882387553617
81.7194234460926481
81.8882700713472644
82.0589580014537177
82.2142268897648876
82.3712751008102373
82.5362428117392426
82.6864842940563847
82.8291525614416173
82.9750020245098909
83.1255006130443377
83.2722249422638328
83.4171600017499344
83.5673021309109458
83.7230152263217491
83.8752866695343755
84.0104556241646350
84.1618144595521898
84.3071624507635562
84.4536246483738324
84.5835779311878753
84.7171887343454983
84.8507899326720576
84.9838225857206311
85.1298465279272421
85.2656765850187526
85.4037736505382696
85.5470003549108071
85.6670330120891919
85.7911462494331261
85.9238112265491623
86.0587959909517366
86.1818250437007691
86.3053338049822827
86.4328055380997142
86.5622570566211920
86.6845960180978210
86.8139336697998374
86.9278852162705249
87.0330217371962789
87.1520328765086987
87.2690807757759188
87.3898292139121082
87.4952307042153308
87.6013931760664519
87.7191787478505631
87.8350934796884246
87.9523240886674103
88.0662600909048905
88.1763939203209901
88.2840499173676676
88.3918523326109238
88.5041933341011884
88.6251486281320524
88.7378116651942719
88.8514652584539846
88.9543152985946506
89.0548237021584015
89.1587341271312255
89.2636488640468428
89.3727046177975808
89.4710720196596583
89.5688255869922045
89.6692787855552353
89.7774096304366367
89.8804712117050997
89.9735951922965569
90.0757828579687327
90.1765699926523752
90.2712681836425190
90.3582540101145639
90.4584208650654062
90.5463605550141892
90.6369786105040163
90.7290871881018575
90.8276189798923212
90.9248402740957431
91.0224292885011437
91.1163191891372435
91.2020764808741404
91.2940825088396224
91.3890831173354172
91.4821251410951248
91.5717556906969037
91.6677848149436585
91.7599965502132022
91.8474506753155140
91.9331121947305121
92.0205246411103843
92.1077680209709087
92.1942231683172793
92.2770998699578939
92.3623228679178681
92.4445865843884320
92.5300071563309530
92.6142783480576810
92.6928441851572131
92.7715756816594563
92.8540655238845432
92.9332757702353689
93.0006536643588788
93.0868724410238713
93.1709051712345655
93.2499370905459983
93.3283026138597620
93.4055304882202790
93.4864735208871878
93.5647980620815787
93.6472137807400884
