4.818169275918
4.797476924879
3.864209605841
3.494383702934
3.235637350360
3.034117031324
2.868548360747
2.728655323844
2.607459678493
2.501575394893
2.407709336356
2.324351417400
2.249844369636
2.183064437422
2.122897885158
2.069136085836
2.021402133047
1.978713351093
1.941147352005
1.907864407519
1.879860314300
1.856515637468
1.837891014702
1.824674245311
1.816734498026
1.814028181437
1.818116448593
1.828760278010
1.847308792233
1.875172089624
1.913276947116
1.962974449466
2.026626583857
2.103901880208
2.197634462365
2.309161887256
2.439010065867
2.586215000022
2.741552838461
2.908448579949
3.074745270237
3.240413645203
3.403989388207
3.565703461599
3.722073663002
3.878515966342
4.035434609412
4.194875669045
4.356890379130
4.523581986842
4.696015427904
4.875761933019
5.060892372426
5.251503256210
5.447009195168
5.650388135504
5.856750567829
6.070219702592
6.287529413544
6.507990513591
6.733894987941
6.959352732150
7.189816042762
7.422166227116
7.659318634720
7.894562016165
8.130969495276
8.369908475460
8.607811812813
8.847904614091
9.088071804662
9.325798584653
9.565052351983
9.805829413653
10.040224077173
10.275169038526
10.508459198167
10.742347649750
10.972827108489
11.199805764866
11.423550433420
11.646663669227
11.865644729215
12.085754333851
12.301536325183
12.515243080159
12.722169619371
12.930131486604
13.133788636021
13.335249205552
13.534936483107
13.733188596348
13.928812705554
14.118994754072
14.308918884220
14.495489851395
14.679154448297
14.860241832208
15.038487806192
15.217736909063
15.391848341735
15.562620595434
15.732514456439
15.901150874909
16.068773429944
16.234311730690
16.395661698239
16.555130442828
16.712805867650
16.868929082948
17.022870637001
17.175147218501
17.327353894178
17.475813668682
17.621669710211
17.766738891606
17.911472282408
18.053458367396
18.195019234990
18.334812438472
18.472875658410
18.609706601849
18.744875105078
18.877435509735
19.007455007699
19.137755166496
19.266396866720
19.392263864800
19.517076771896
19.641160208482
19.765649130856
19.887164251292
20.007696848392
20.128085803390
20.248332672299
20.364823223290
20.482035145718
20.597468539043
20.711650222903
20.822788868438
20.932986368476
21.044625531637
21.154161632925
21.261789316188
21.369263113323
21.475232970346
21.581913840254
21.685370191342
21.788686414556
21.892190435214
21.994841360035
22.095891855879
22.195825265766
22.295711567274
22.393724080591
22.491365844361
22.589476902392
22.686960049273
22.782153389031
22.877269021805
22.971301575602
23.064851275203
23.156622385973
23.250858770650
23.341366977784
23.431168800475
23.523157205124
23.611117647656
23.699516542600
23.788656730823
23.876037391977
23.963308889834
24.048081280872
24.133314102307
24.218066045223
24.302549666081
24.386271096441
24.467783601554
24.550609268138
24.631747062747
24.712829861475
24.792420794366
24.872896137940
24.953836069083
25.035061278165
25.112966933114
25.191057190628
25.270252059958
25.348889822813
25.424099044615
25.501083650097
25.577169808796
25.651528578851
25.727623719232
25.801838399572
25.875841318815
25.950607641223
26.022653619282
26.095509320459
26.167988443985
26.240178364047
26.310430954060
