4.818169275918
4.816014025680
4.712316934919
4.664924272837
4.628764500629
4.598477862366
4.571919277124
4.548030318406
4.526195822561
4.505956810567
4.486999126411
4.469138673102
4.452215295638
4.436103977998
4.420692024145
4.405916994379
4.391699719805
4.377990721787
4.364747413080
4.351924074884
4.339486950138
4.327402400951
4.315635802768
4.304178096010
4.293026299365
4.282138198169
4.271490960270
4.261071014370
4.250888243998
4.240908877864
4.231118994181
4.221525732799
4.212112080026
4.202868284611
4.193781407841
4.184849219082
4.176061238349
4.167425048516
4.158931633206
4.150558690421
4.142311464226
4.134181019239
4.126168765539
4.118275034115
4.110491602913
4.102796976813
4.095213620529
4.087713761062
4.080319366189
4.073010984447
4.065788672610
4.058653987012
4.051606671623
4.044634720256
4.037743149338
4.030933513696
4.024183602077
4.017510616372
4.010917726031
4.004381366486
3.997913283742
3.991511530870
3.985182805924
3.978902952704
3.972683105293
3.966529424572
3.960431021975
3.954381195736
3.948396531985
3.942451081489
3.936579650661
3.930730371904
3.924942676168
3.919195569583
3.913508936442
3.907870704125
3.902259114687
3.896701631766
3.891184400517
3.885719718380
3.880307148728
3.874915431353
3.869568903627
3.864274226372
3.859010443274
3.853787530078
3.848605174452
3.843443783436
3.838320541631
3.833248883760
3.828211916912
3.823196911908
3.818231114862
3.813300774184
3.808382207761
3.803503816237
3.798666842965
3.793850242217
3.789065289584
3.784316313423
3.779602228029
3.774906473466
3.770234174149
3.765601498051
3.761002294417
3.756424593649
3.751869671497
3.747351089189
3.742864545833
3.738395333665
3.733942373638
3.729513093791
3.725124092187
3.720758077582
3.716415049762
3.712084629691
3.707779388909
3.703521226512
3.699285595873
3.695052223999
3.690838633783
3.686637490854
3.682484041733
3.678354366801
3.674240239394
3.670135606606
3.666056913194
3.662002549398
3.657975535735
3.653975775877
3.649977753623
3.645989598385
3.642024728218
3.638091004458
3.634180440858
3.630284820456
3.626405738521
3.622535348662
3.618685472648
3.614858569330
3.611058907694
3.607280624811
3.603517171816
3.599759857234
3.596016452958
3.592288670184
3.588592795489
3.584901759653
3.581238428065
3.577588992691
3.573947715952
3.570325934044
3.566712967063
3.563124550039
3.559557198336
3.556004536197
3.552465074185
3.548928594742
3.545400312779
3.541888050037
3.538387644728
3.534919149227
3.531463367606
3.528028291099
3.524600883458
3.521182121458
3.517775203385
3.514381215903
3.511003465241
3.507639654750
3.504298878251
3.500969075829
3.497659811195
3.494350990737
3.491046408228
3.487750399735
3.484464246203
3.481193605652
3.477935787998
3.474709907673
3.471485356987
3.468279142545
3.465080188609
3.461888424682
3.458706258493
3.455530798538
3.452372026211
3.449224645522
3.446091240241
3.442984527852
3.439883908675
3.436800658368
3.433718187279
3.430647964189
3.427576978168
3.424505888746
3.421450298596
3.418410490022
3.415370409747
3.412363249776
3.409365631755
3.406371487588
