4.818169275918
4.733624529199
5.744287077831
13.946339237750
19.133539163492
22.599447352239
25.172438734530
27.226097705818
28.890052848003
30.354553171744
31.636297739665
32.779158889318
33.801042739446
34.715617654473
35.586496476398
36.341927702551
37.080429120179
37.777510483441
38.421991032385
39.036282827331
39.625940335863
40.187459640270
40.708472668358
41.217248867974
41.678998941561
42.136850931917
42.566590789078
42.995903482094
43.413874164518
43.792262248935
44.185829303883
44.558388690914
44.909494121350
45.252731259198
45.581957458869
45.904544017962
46.218353032670
46.530342356144
46.835940560007
47.133306983951
47.419667555211
47.702775170872
47.980883982653
48.234821204172
48.498421735103
48.757702674280
49.003392953101
49.253383030853
49.496292565120
49.733911743631
49.960072435676
50.198649209501
50.425915511294
50.647316409436
50.866459488396
51.088345343663
51.298423984952
51.502696144863
51.705792019081
51.915414634642
52.118395850199
52.303673737364
52.481320217566
52.666520970196
52.859126868719
53.034984732353
53.211874564861
53.399795394183
53.568463292914
53.742003844683
53.917197599435
54.087635206376
54.253026703726
54.409131583234
54.572617633367
54.731818244099
54.889613521522
55.036621973263
55.188309570572
55.340576706819
55.492616759837
55.637379311621
55.789444221254
55.931681259278
56.070319142382
56.209813128908
56.352482334692
56.495585448967
56.635674525502
56.767421018899
56.891480839680
57.019447667539
57.144164598995
57.271662687069
57.404380411645
57.532171264735
57.660426352775
57.786824350059
57.909897301862
58.031874142908
58.152859173578
58.276772502377
58.395098512463
58.503243450520
58.621528952762
58.743472529931
58.860786785244
58.969112504096
59.081731920490
59.193836647708
59.294886122743
59.405168621814
59.513317343094
59.620252871313
59.728450575900
59.839317641371
59.939187736545
60.040567920095
60.135704273766
60.242874940835
60.344834205001
60.446507173955
60.544769952332
60.644552290412
60.740043836882
60.834177776209
60.932326017454
61.022196933084
61.114842904331
61.212000723273
61.298990494741
61.392633155271
61.486494806868
61.576435522884
61.663341582242
61.750355138608
61.840689195641
61.925628668792
62.018157497747
62.106964565286
62.193461781149
62.282127991435
62.372109536392
62.459509090042
62.542125687886
62.619617386505
62.705964793054
62.794855549485
62.877642818807
62.961882654488
63.040750152228
63.116853373318
63.205572444989
63.287480145320
63.363405825075
63.447559785020
63.528781485154
63.607283482458
63.688370259094
63.766767720081
63.846300215408
63.921201557640
63.997203552224
64.072986621336
64.153908911246
64.225696664365
64.298917429950
64.374994537789
64.450555487697
64.522218156374
64.596750341865
64.669232921520
64.738718466517
64.814635270030
64.884090726710
64.956662287380
65.032312031526
65.099538197821
65.166544729694
65.235436131937
65.305718529180
65.375209016085
65.438899172147
65.514116472513
65.585092057462
65.650236991255
65.716861534509
65.791642468453
65.857427463981
65.926406952545
65.991958004469
66.054912492066
66.118759740666
66.179985486829
66.245725334589
66.312305802651
66.377769025397
66.443504051304
66.504981789209
66.568495226263
66.632671784747
66.700186170328
