1.000000000000
1.000000000000
0.991843262695
0.987684926030
0.983366653339
0.980087964814
0.978168732507
0.976809276289
0.973490603758
0.972730907637
0.971291483407
0.968172730908
0.967133146741
0.964934026389
0.962135145942
0.960655737705
0.959176329468
0.958216713315
0.956137544982
0.956617353059
0.956257497001
0.952179128349
0.949740103958
0.950219912035
0.947301079568
0.946781287485
0.946141543383
0.945421831267
0.944062375050
0.942423030788
0.942463014794
0.942343062775
0.941703318673
0.942183126749
0.938704518193
0.937025189924
0.938344662135
0.936625349860
0.934546181527
0.932307077169
0.932946821271
0.932626949220
0.933866453419
0.931307477009
0.930427828868
0.927868852459
0.928148740504
0.927189124350
0.927588964414
0.927069172331
0.925669732107
0.926629348261
0.924430227909
0.921271491403
0.922710915634
0.921871251499
0.921111555378
0.918512594962
0.920311875250
0.918392642943
0.918392642943
0.915913634546
0.915313874450
0.917113154738
0.917952818872
0.913914434226
0.915393842463
0.912475009996
0.911435425830
0.908396641343
0.909316273491
0.908196721311
0.911195521791
0.907317073171
0.909916033587
0.908356657337
0.908076769292
0.906677329068
0.903878448621
0.905637744902
0.903598560576
0.904558176729
0.906117552979
0.899840063974
0.900719712115
0.900119952019
0.901039584166
0.897560975610
0.902159136345
0.896361455418
0.897840863655
0.898120751699
0.895401839264
0.893002798880
0.892163134746
0.895761695322
0.892163134746
0.894322271092
0.892682926829
0.891483406637
0.892882846861
0.888364654138
0.890123950420
0.895841663335
0.888964414234
0.892083166733
0.888484606158
0.885805677729
0.889884046381
0.887285085966
0.881927229108
0.887245101959
0.882686925230
0.881727309076
0.881727309076
0.881727309076
0.878128748501
0.882447021192
0.883766493403
0.885285885646
0.878528588565
0.877688924430
0.877808876449
0.879048380648
0.875849660136
0.878368652539
0.875889644142
0.873970411835
0.870811675330
0.874530187925
0.878768492603
0.870251899240
0.870931627349
0.873890443822
0.873810475810
0.875369852059
0.871091563375
0.870691723311
0.873130747701
0.869492203119
0.868412634946
0.868532586965
0.870291883247
0.864054378249
0.865373850460
0.869052379048
0.873650539784
0.866373450620
0.863854458217
0.862255097961
0.865693722511
0.863334666134
0.859216313475
0.864334266293
0.857536985206
0.866173530588
0.862654938025
0.859456217513
0.856697321072
0.863694522191
0.856457417033
0.854938024790
0.860415833667
0.856617353059
0.861615353858
0.855817672931
0.854698120752
0.856737305078
0.857696921232
0.856417433027
0.855577768892
0.858296681327
0.856777289084
0.852858856457
0.853018792483
0.859656137545
0.857217113155
0.849420231907
0.852538984406
0.851339464214
0.853138744502
0.854258296681
0.850419832067
0.847461015594
0.850779688125
0.850379848061
0.846461415434
0.848620551779
0.848260695722
0.844342263095
0.843182726909
0.846701319472
0.847700919632
0.846981207517
0.845981607357
0.845861655338
0.844862055178
0.845941623351
0.847381047581
0.842063174730
0.839744102359
0.839344262295
