1.000000000000
1.000000000000
0.908156737305
0.861655337865
0.827668932427
0.805157936825
0.798680527789
0.777968812475
0.759296281487
0.734866053579
0.725309876050
0.734266293483
0.737465013994
0.736225509796
0.727189124350
0.723750499800
0.735545781687
0.733146741303
0.747740903639
0.755057976809
0.752019192323
0.740903638545
0.783006797281
0.766613354658
0.798240703719
0.798840463814
0.798960415834
0.818432626949
0.828188724510
0.830307876849
0.841383446621
0.853538584566
0.873170731707
0.870211915234
0.887125149940
0.880807676929
0.894962015194
0.900879648141
0.915993602559
0.912514994002
0.925149940024
0.917233106757
0.920591763295
0.925189924030
0.941303478609
0.937944822071
0.940503798481
0.945261895242
0.951619352259
0.948100759696
0.953498600560
0.965053978409
0.958896441423
0.964734106357
0.967972810876
0.973210715714
0.974090363854
0.969172331068
0.972810875650
0.976609356257
0.981207516993
0.980287884846
0.978248700520
0.983766493403
0.978808476609
0.981367453019
0.986605357857
0.985365853659
0.987205117953
0.986325469812
0.988484606158
0.988604558177
0.990243902439
0.989844062375
0.990043982407
0.992562974810
0.992363054778
0.990163934426
0.992403038784
0.993522590964
0.993682526989
0.991443422631
0.995201919232
0.994682127149
0.994242303079
0.992443022791
0.992642942823
0.994882047181
0.993202718912
0.994922031188
0.994122351060
0.994522191124
0.994682127149
0.994402239104
0.994362255098
0.995001999200
0.994882047181
0.995321871251
0.996201519392
0.994482207117
0.993922431028
0.995001999200
0.995161935226
0.995481807277
0.993922431028
0.994242303079
0.994522191124
0.995401839264
0.995721711315
0.995881647341
0.996321471411
0.994602159136
0.996321471411
0.994402239104
0.995401839264
0.995001999200
0.995401839264
0.995081967213
0.993762495002
0.995081967213
0.994882047181
0.996081567373
0.994482207117
0.994442223111
0.996041583367
0.996801279488
0.996281487405
0.994562175130
0.994402239104
0.995561775290
0.995121951220
0.995281887245
0.995321871251
0.995761695322
0.995881647341
0.996281487405
0.994282287085
0.994762095162
0.994562175130
0.996601359456
0.995441823271
0.994922031188
0.994442223111
0.995481807277
0.995561775290
0.995441823271
0.994322271092
0.994882047181
0.992882846861
0.994442223111
0.995801679328
0.995841663335
0.992762894842
0.994482207117
0.994002399040
0.994802079168
0.994482207117
0.993802479008
0.994762095162
0.993002798880
0.992962814874
0.992802878848
0.994922031188
0.991523390644
0.994682127149
0.994802079168
0.994882047181
0.993962415034
0.994122351060
0.992922830868
0.994682127149
0.994282287085
0.993682526989
0.994482207117
0.993402638944
0.994202319072
0.993842463015
0.994362255098
0.992882846861
0.991963214714
0.992922830868
0.993642542983
0.991923230708
0.993242702919
0.992203118752
0.993082766893
0.992323070772
0.993282686925
0.992722910836
0.992922830868
0.994682127149
0.992842862855
0.992163134746
0.993002798880
0.991603358657
0.991443422631
0.993842463015
0.992163134746
0.992562974810
0.993002798880
0.992642942823
0.992043182727
