0.9998800479808077
1.0000000000000000
0.6297081167532986
0.6760495801679328
0.5858856457417033
0.5269492203118753
0.5011595361855258
0.4981207516993203
0.4891643342662935
0.4832866853258697
0.4850459816073571
0.4735305877648940
0.4724110355857657
0.4653738504598161
0.4640943622550980
0.4634946021591363
0.4584166333466613
0.4543382646941224
0.4552179128348661
0.4536985205917633
0.4534186325469812
0.4534586165533787
0.4531787285085966
0.4523790483806477
0.4510995601759296
0.4508196721311475
0.4514594162335066
0.4516193522590964
0.4499400239904038
0.4499800079968013
0.4481007596961216
0.4485005997600960
0.4479408236705318
0.4480607756897241
0.4462614954018392
0.4452618952419032
0.4441823270691723
0.4433826469412235
0.4429428228708517
0.4431427429028388
0.4424230307876849
0.4418632546981208
0.4433826469412235
0.4432227109156338
0.4413834466213515
0.4415833666533386
0.4414634146341463
0.4380247900839664
0.4372251099560176
0.4390243902439024
0.4370651739304278
0.4403838464614154
0.4383446621351459
0.4377848860455817
0.4375849660135946
0.4363054778088765
0.4413034786085566
0.4391043582566973
0.4388644542183127
0.4360655737704918
0.4382247101159536
0.4354658136745302
0.4358256697321072
0.4339864054378249
0.4330667732906837
0.4340263894442223
0.4336265493802479
0.4371451419432227
0.4315873650539784
0.4333466613354658
0.4346261495401839
0.4313474610155937
0.4330267892842863
0.4326269492203119
0.4326669332267093
0.4287884846061575
0.4325069972011196
0.4313474610155937
0.4286285485805678
0.4297880847660935
0.4294682127149140
0.4288284686125550
0.4278688524590164
0.4285885645741703
0.4273090763694522
0.4300679728108757
0.4297081167532987
0.4287884846061575
0.4305077968812475
0.4269892043182727
0.4277888844462215
0.4290683726509396
0.4259896041583366
0.4242303078768492
0.4242303078768492
0.4281087564974010
0.4267892842862855
0.4244702119152339
0.4250699720111955
0.4257497001199520
0.4270691723310676
0.4253498600559776
0.4272291083566573
0.4223110755697721
0.4221511395441823
0.4231507397041184
0.4262295081967213
0.4271891243502599
0.4167133146741304
0.4214714114354258
0.4238704518192723
0.4211115553778488
0.4236705317872851
0.4211115553778488
0.4187125149940024
0.4225909636145542
0.4229108356657337
0.4192323070771691
0.4159936025589764
0.4165533786485406
0.4187924830067973
0.4170731707317073
0.4168332666933227
0.4167133146741304
0.4175929628148741
0.4199520191923231
0.4170731707317073
0.4148340663734506
0.4153538584566174
0.4143142742902839
0.4167532986805278
0.4168332666933227
0.4157137145141943
0.4190723710515794
0.4094762095161935
0.4151539384246302
0.4127948820471811
0.4139544182327069
0.4117153138744502
0.4156737305077969
0.4104758096761296
0.4126349460215913
0.4109556177528988
0.4153938424630148
0.4093962415033987
0.4082766893242703
0.4091963214714114
0.4127948820471811
0.4109556177528988
0.4130747700919632
0.4121151539384246
0.4154738104758097
0.4032786885245901
0.4097161135545782
0.4103158736505398
0.4051579368252699
0.4035185925629748
0.4039184326269492
0.4127548980407837
0.4122750899640144
0.4074370251899240
0.4089964014394242
0.4063974410235905
0.4061175529788085
0.4070371851259496
0.4068772491003599
0.4007596961215514
0.4073970411835266
0.4079968012794882
0.4054378248700520
0.4081167532986805
0.4028388644542183
0.4039184326269492
0.4042782886845262
0.3994802079168333
0.4044382247101160
0.4007596961215514
0.4000399840063975
0.3980007996801280
0.3971211515393843
0.3962415033986406
0.3993602558976410
0.3968012794882047
0.4025189924030388
0.4021191523390644
0.3999600159936025
0.3973610555777689
0.3982007197121152
0.4002798880447821
0.4023190723710516
0.3982806877249100
0.3933226709316274
0.3976409436225510
0.4036785285885646
0.3918832467013195
0.3966813274690124
0.3942023190723711
0.3979608156737305
0.3946021591363454
0.3927229108356657
0.3960415833666533
0.3921631347461015
