1.000000000000
1.000000000000
0.987524990004
1.000000000000
1.000000000000
1.000000000000
1.000000000000
1.000000000000
1.000000000000
1.000000000000
1.000000000000
1.000000000000
1.000000000000
1.000000000000
1.000000000000
1.000000000000
1.000000000000
1.000000000000
1.000000000000
1.000000000000
1.000000000000
1.000000000000
1.000000000000
0.999960015994
1.000000000000
0.999960015994
1.000000000000
0.999960015994
1.000000000000
1.000000000000
0.999960015994
0.999960015994
0.999960015994
0.999960015994
1.000000000000
0.999960015994
1.000000000000
1.000000000000
0.999960015994
0.999840063974
0.999880047981
0.999960015994
0.999840063974
0.999920031987
0.999640143942
0.999880047981
0.999880047981
0.999720111955
0.999160335866
0.999920031987
0.999600159936
0.999720111955
0.999600159936
0.999560175930
0.999000399840
0.999840063974
0.999440223910
0.999080367853
0.999080367853
0.999080367853
0.999640143942
0.999200319872
0.999000399840
0.998560575770
0.998480607757
0.998600559776
0.997800879648
0.998280687725
0.998920431827
0.998280687725
0.997201119552
0.998720511795
0.997520991603
0.997201119552
0.997720911635
0.996681327469
0.996401439424
0.995641743303
0.996081567373
0.995681727309
0.994082367053
0.994522191124
0.993482606957
0.995361855258
0.995721711315
0.990243902439
0.992962814874
0.992762894842
0.992003198721
0.991043582567
0.992323070772
0.990043982407
0.985365853659
0.991363454618
0.987924830068
0.989324270292
0.984766093563
0.987365053978
0.984206317473
0.985765693723
0.986245501799
0.983486605358
0.985605757697
0.983726509396
0.980647740904
0.981607357057
0.982606957217
0.979528188725
0.980807676929
0.981247501000
0.973250699720
0.976889244302
0.972251099560
0.975049980008
0.969852059176
0.973930427829
0.974010395842
0.973130747701
0.969052379048
0.966533386645
0.969492203119
0.963334666134
0.961175529788
0.967413034786
0.964934026389
0.960615753699
0.960135945622
0.961135545782
0.957297081168
0.957656937225
0.955217912835
0.962734906038
0.957616953219
0.955057976809
0.950099960016
0.954298280688
0.955417832867
0.951259496202
0.945741703319
0.947261095562
0.948980407837
0.944862055178
0.942463014794
0.943342662935
0.945141943223
0.940503798481
0.948460615754
0.943662534986
0.946221511395
0.937784886046
0.940383846461
0.940823670532
0.939384246301
0.933426629348
0.935025989604
0.929588164734
0.934106357457
0.934826069572
0.932347061176
0.935265893643
0.938264694122
0.933186725310
0.935145941623
0.933026789284
0.933426629348
0.934826069572
0.933386645342
0.936305477809
0.931027588964
0.933946421431
0.934226309476
0.928708516593
0.924470211915
0.930387844862
0.930227908836
0.925669732107
0.931187524990
0.933186725310
0.926589364254
0.932786885246
0.932267093163
0.929108356657
0.922550979608
0.929508196721
0.930227908836
0.929868052779
0.933066773291
0.931707317073
0.918192722911
0.923790483806
0.926829268293
0.924350259896
0.920671731307
0.932187125150
0.931227508996
0.930067972811
0.925589764094
0.924630147941
0.921591363455
0.922231107557
0.920711715314
0.922431027589
