0.001172878427
0.001164555051
0.001115549740
0.001094937933
0.001079829524
0.001068625613
0.001059346545
0.001050982129
0.001043437471
0.001036891657
0.001030845530
0.001025070161
0.001019586966
0.001014885699
0.001010762053
0.001006976356
0.001003711565
0.001000088954
0.000996951801
0.000993979301
0.000991235478
0.000988666221
0.000986447534
0.000984078009
0.000981635699
0.000979435878
0.000977296054
0.000975236398
0.000973176939
0.000971245502
0.000969352287
0.000967513989
0.000965865910
0.000964070596
0.000962418866
0.000960794187
0.000959434874
0.000957982550
0.000956493420
0.000955314349
0.000954057299
0.000952846382
0.000951741735
0.000950552044
0.000949424966
0.000948351329
0.000947218104
0.000946053360
0.000945041982
0.000943985591
0.000943039039
0.000942228805
0.000941436866
0.000940623093
0.000939973905
0.000939166702
0.000938466319
0.000937703112
0.000937067362
0.000936307004
0.000935471411
0.000934726052
0.000933990211
0.000933217219
0.000932450803
0.000931694823
0.000931129999
0.000930460232
0.000929512424
0.000928758317
0.000928090311
0.000927638111
0.000927296509
0.000926917429
0.000926524592
0.000926098054
0.000925772151
0.000925297399
0.000924928811
0.000924462090
0.000923979295
0.000923528890
0.000922962473
0.000922456988
0.000922032179
0.000921631784
0.000921295021
0.000920912421
0.000920576921
0.000920229276
0.000919884070
0.000919639583
0.000919240498
0.000918867472
0.000918450152
0.000918073674
0.000917812951
0.000917521684
0.000917246034
0.000917035290
0.000916834158
0.000916604965
0.000916410082
0.000916336894
0.000916108891
0.000916030302
0.000915833227
0.000915636623
0.000915482534
0.000915349647
0.000915195018
0.000915057532
0.000914943606
0.000914822025
0.000914661020
0.000914596013
0.000914537205
0.000914392896
0.000914231027
0.000914193293
0.000914100145
0.000914042141
0.000913951253
0.000913844716
0.000913878276
0.000913884695
0.000913886610
0.000913906205
0.000913871744
0.000913786720
0.000913748883
0.000913711047
0.000913662514
0.000913565903
0.000913432141
0.000913412438
0.000913412101
0.000913361999
0.000913318767
0.000913291748
0.000913399378
0.000913464905
0.000913506452
0.000913488775
0.000913451394
0.000913460852
0.000913396338
0.000913376636
0.000913343423
0.000913261351
0.000913207426
0.000913174217
0.000913181647
0.000913194705
0.000913231067
0.000913310324
0.000913355582
0.000913415478
0.000913519851
0.000913629409
0.000913719267
0.000913802374
0.000913911160
0.000913953280
0.000914004073
0.000914085728
0.000914169977
0.000914272929
0.000914332179
0.000914487861
0.000914577762
0.000914643669
0.000914647725
0.000914720057
0.000914836222
0.000914941240
0.000915078830
0.000915152982
0.000915259145
0.000915334995
0.000915395069
0.000915554899
0.000915603933
0.000915710798
0.000915743941
0.000915819135
0.000915936384
0.000916025003
0.000916146100
0.000916311522
0.000916413127
0.000916620303
0.000916799078
0.000916900823
0.000917005056
0.000917197407
0.000917408169
0.000917598757
0.000917784285
0.000917975024
0.000918194342
0.000918416509
