0.0011728781716522
0.0011155728828707
0.1037393955206136
0.1007507112905950
0.0431749449154362
0.0240663013246147
0.0179619037893000
0.0136780635617839
0.0146423755935468
0.0094895661366445
0.0085332595215260
0.0100476960479572
0.0088748275923942
0.0075752884149551
0.0062876264350767
0.0063458910289151
0.0069973412630588
0.0051095488960442
0.0051872219236105
0.0052393787144576
0.0049179814971154
0.0061396612237679
0.0051628328268843
0.0039494396015263
0.0041926156749921
0.0049565533447487
0.0052214623490455
0.0055168766225782
0.0046989153121493
0.0040298443693181
0.0049696114820288
0.0043357550601542
0.0033493427081893
0.0056479040755791
0.0046524117702342
0.0040989773474962
0.0039053443412962
0.0036721836290222
0.0035996055651469
0.0046245791030036
0.0029899513962656
0.0038026340685289
0.0029911639448045
0.0028583984118558
0.0031347899188298
0.0047311380024981
0.0028723232932420
0.0036015047155259
0.0030267364623938
0.0031270911054527
0.0045931794484668
0.0031802764689183
0.0027606677420578
0.0027007594546426
0.0030191748555950
0.0031283278135757
0.0029751042156124
0.0036723389447180
0.0031831031439816
0.0034335724281145
0.0041329639022508
0.0029299128296150
0.0028372032586145
0.0026683993293100
0.0026272223190297
0.0037115114854211
0.0037553056333515
0.0028801238508100
0.0035008936359838
0.0037242912855174
0.0026182391698049
0.0029861613236069
0.0046362551013681
0.0026885733982929
0.0026109489049402
0.0026709154409859
0.0031545447250521
0.0025310107157006
0.0024722573744423
0.0032441065253357
0.0026908373437549
0.0026780745112137
0.0022932440898138
0.0031290667049944
0.0031611695609515
0.0024786036534024
0.0028924607708747
0.0026924434329430
0.0031472291928906
0.0032698044518159
0.0029783883325907
0.0024169257273963
0.0023724314529919
0.0023478400855162
0.0030959212096216
0.0023874330644537
0.0022009517145683
0.0031392416758231
0.0031825323284635
0.0030246475650211
0.0023253826400410
0.0030108741027580
0.0028468193293841
0.0023458249753934
0.0023546226589046
0.0024537504326162
0.0026891567783383
0.0022946746924823
0.0026580156163460
0.0037846259462630
0.0021364448219802
0.0026205259457818
0.0023168861737679
0.0021642149315793
0.0023104289455783
0.0024361315410993
0.0023276434420742
0.0025237026439751
0.0031607866947250
0.0023834808028456
0.0026491570957433
0.0021330440617451
0.0024828518954446
0.0024412800396573
0.0024798375249324
0.0024532680856462
0.0023313340228823
0.0021140784332980
0.0027934923150925
0.0045237969667975
0.0030617321956795
0.0023232148692787
0.0020789992750129
0.0020074704639051
0.0021556936257730
0.0026888140831858
0.0020109674335961
0.0032118252985707
0.0028186266732423
0.0031799432847424
0.0021848211514747
0.0019473981537189
0.0023031039117607
0.0020089585833636
0.0023921067819902
0.0021287119265128
0.0021279450789950
0.0032897406434267
0.0022384418078867
0.0020131120045313
0.0025352938617541
0.0035198833106792
0.0020748883554376
0.0019404265120957
0.0021493598766099
0.0024090357571130
0.0020785053558276
0.0025185247429569
0.0019846243113089
0.0025938885121812
0.0024298020773198
0.0020281680820866
0.0022578696921516
0.0026265460349877
0.0018837013766495
0.0022897919989626
0.0019324149009842
0.0019322255979792
0.0018679103064301
0.0027382723959729
0.0019084036700324
0.0020064721270425
0.0019328397201959
0.0018372917141385
0.0018594295409553
0.0020838750310853
0.0022270662149189
0.0021721991501423
0.0019713195603919
0.0031274831754591
0.0022828699870071
0.0019903350595852
0.0017707035166942
0.0021186439419792
0.0017235345213615
0.0023930371899914
0.0021552702327204
0.0020322868903869
0.0020192937635068
0.0023617785337638
0.0022020983510918
0.0023909568684422
0.0018354925667735
0.0025154286260268
0.0016974821196403
0.0021797879299044
0.0018111544664055
0.0019409201564469
0.0023616890997866
0.0018230335975054
0.0021385836027413
0.0018002804323725
