0.001172878172
0.001458076049
0.175364681430
0.106236542335
0.056552193195
0.040429460791
0.031007856758
0.026494437723
0.021544875578
0.019509028287
0.018582560062
0.016087182371
0.015181204835
0.014866009969
0.013303917586
0.012607234247
0.012591690632
0.011415191479
0.011662146736
0.011455921013
0.009826991212
0.009680713411
0.009558092572
0.009086102912
0.008628455549
0.008891045885
0.008350236338
0.008003107668
0.007777886861
0.007712648317
0.007469029316
0.008009873039
0.007132465531
0.007260504628
0.006983091244
0.006998981732
0.006825343359
0.006777175666
0.007063931541
0.006439542722
0.006414975190
0.006599359901
0.006145463207
0.006703441838
0.005976795144
0.005978790583
0.005962923848
0.005966105867
0.005826582625
0.005849225914
0.005766384279
0.005657001000
0.005721960838
0.005733369052
0.005553530121
0.005624312034
0.006108092769
0.005419546628
0.005588486856
0.005341510175
0.005437647746
0.005157252823
0.005165035473
0.005208435310
0.005187079187
0.005111755063
0.004985420919
0.004956296323
0.004948648508
0.005079760740
0.005033502025
0.005052892711
0.004864512147
0.004820297443
0.004940822252
0.004869100687
0.004963860804
0.005034121560
0.004614359117
0.004644129871
0.004755974316
0.004644753398
0.004543320571
0.004461293198
0.004519452298
0.004523958329
0.004439463356
0.004417218600
0.004408043691
0.004378663085
0.004488592895
0.004370719276
0.004436030731
0.004374282257
0.004410724205
0.004204041558
0.004269921862
0.004292069326
0.004282794271
0.004336458601
0.004388099557
0.004242817948
0.004221176619
0.004147078176
0.004066534491
0.004138766433
0.004041779623
0.004202861948
0.003994632335
0.004061912898
0.003977708265
0.004036775422
0.004138628390
0.003968541081
0.003969646969
0.003952746923
0.003898421503
0.003927076914
0.003934020931
0.003900690587
0.003879827113
0.004122005318
0.003897069300
0.004091031346
0.003901010275
0.004011781094
0.003886096630
0.003772299843
0.003771962594
0.003728823613
0.003706517028
0.003908685788
0.003809471825
0.003895045388
0.003726937575
0.003966796194
0.003816960129
0.003687873527
0.003792672509
0.003698835213
0.003685765827
0.003682885058
0.003702771238
0.003643410494
0.003646408508
0.003720793750
0.003697237197
0.003602429436
0.003635222962
0.003573308322
0.003576510837
0.003632979023
0.003559969801
0.003553036095
0.003540511277
0.003561563664
0.003586936390
0.003548271068
0.003742997780
0.003530511153
0.003786886430
0.003709706522
0.003522348958
0.003700078705
0.003698747759
0.003498051245
0.003589702167
0.003562195528
0.003500179955
0.003415792671
0.003485076181
0.003461036894
0.003395056871
0.003519806397
0.003461566407
0.003377507577
0.003452979533
0.003430077627
0.003601844541
0.003329944419
0.003303757681
0.003304023628
0.003358297197
0.003326614501
0.003397842781
0.003512593552
0.003541991697
0.003388787546
0.003562804768
0.003304124699
0.003318356865
0.003347465134
0.003395805776
0.003305018989
0.003261989152
0.003254575935
0.003376086186
0.003246736412
0.003357696635
0.003273176154
0.003270717947
0.003308951358
