0.001172878427
0.001118526455
0.001067177906
0.001151810979
0.001257401753
0.001377820523
0.001511813574
0.001667474758
0.001839918422
0.002032374556
0.002248711755
0.002495020726
0.002779847288
0.003104874244
0.003484667140
0.003925759430
0.004448211726
0.005045405673
0.005754616561
0.006574777859
0.007588465858
0.008793551582
0.010254937895
0.012066380158
0.014314417799
0.017054041745
0.020515227359
0.024788054845
0.030187130458
0.036987087148
0.045416799331
0.055739531536
0.068235394413
0.082365288198
0.097678100050
0.112916185236
0.125958030993
0.134444078737
0.137292929476
0.134478917874
0.128768960798
0.122050861098
0.116295994128
0.112500127254
0.111319732484
0.112009838597
0.114270533987
0.117722648628
0.122052318736
0.126945100238
0.131987298280
0.136930505521
0.141898117990
0.146683807549
0.151196769513
0.155210656666
0.158741825903
0.161613736391
0.164144684181
0.166061884099
0.167271890246
0.168303284101
0.168875375197
0.169166172952
0.168980643176
0.168604675883
0.167866256510
0.166760302898
0.165428780710
0.163674122522
0.161633721141
0.159301368171
0.156743992475
0.153952077368
0.150869298192
0.147718440704
0.144329473621
0.140991538879
0.137566769570
0.134160441231
0.130849548317
0.127541894370
0.124211243408
0.120960352934
0.117758890219
0.114639068462
0.111863843924
0.109077559167
0.106392213649
0.103853193004
0.101414580845
0.099037764114
0.096962162268
0.094631909485
0.092654169159
0.090452849454
0.088523424290
0.086609624813
0.084851140276
0.083068528395
0.081411540819
0.079848855941
0.078377171366
0.076793079609
0.075387794706
0.073964846150
0.072544425472
0.071254559838
0.069981814606
0.068757122168
0.067635488303
0.066350118714
0.065257357114
0.064173050003
0.063161130471
0.062140840691
0.061142034320
0.060244636940
0.059345415666
0.058420277141
0.057550748295
0.056664325743
0.055851067184
0.055087542725
0.054355958059
0.053625612894
0.052903628030
0.052145368768
0.051536400449
0.050852865407
0.050180228918
0.049604376353
0.049127984611
0.048502663255
0.047819838531
0.047217041886
0.046654978895
0.046229134467
0.045692778468
0.045268974083
0.044640297589
0.044245702336
0.043655113832
0.043232374667
0.042746624574
0.042318262984
0.041901281922
0.041451147519
0.041034945509
0.040661872588
0.040212391473
0.039791139730
0.039423984521
0.039015264042
0.038640278104
0.038309509873
0.037937799919
0.037563061600
0.037202707688
0.036890034823
0.036617251159
0.036266451123
0.035989835537
0.035596434288
0.035270252334
0.034987618820
0.034644128078
0.034345083773
0.034051306195
0.033772683867
0.033454245730
0.033156930653
0.032910096209
0.032648759590
0.032368456749
0.032131733107
0.031880354368
0.031579217024
0.031334818987
0.031081633659
0.030824305574
0.030623230960
0.030374750324
0.030139811851
0.029915150685
0.029700738559
0.029462937237
0.029244645199
0.029051455740
0.028840232883
0.028650181859
0.028414663297
0.028300991017
0.028052497623
0.027872835653
0.027654688459
0.027466990874
0.027329547560
0.027114139746
0.026954366394
0.026735839999
0.026539172716
