272.581011813995
10.800283588687
0.175546453793
0.106527795565
0.056707406332
0.040546658250
0.031124842369
0.026597391366
0.021634439585
0.019572032953
0.018646749483
0.016139087644
0.015237585776
0.014928263154
0.013352805157
0.012659718947
0.012637955621
0.011467598443
0.011692788042
0.011490278327
0.009853485810
0.009707988610
0.009583278453
0.009107932802
0.008655226211
0.008920267551
0.008374308045
0.008028127488
0.007809785735
0.007736929798
0.007484575499
0.008027057131
0.007147666931
0.007279939254
0.007001342500
0.007017902364
0.006842151676
0.006794443588
0.007090234146
0.006453318338
0.006427750391
0.006614135621
0.006157717813
0.006715431061
0.005990858559
0.005989362160
0.005976706191
0.005980102786
0.005835457588
0.005861761080
0.005775821740
0.005671661885
0.005734648768
0.005744481148
0.005565536441
0.005636845678
0.006118423158
0.005427943255
0.005596701370
0.005350194730
0.005451319417
0.005168653207
0.005173126889
0.005215993953
0.005195656517
0.005128112326
0.004991381816
0.004964834142
0.004958044990
0.005087930753
0.005039687501
0.005061281963
0.004872857529
0.004826605720
0.004950148424
0.004876039339
0.004971182415
0.005040869079
0.004621159112
0.004652364693
0.004761282956
0.004651227163
0.004550019916
0.004469844800
0.004526790992
0.004530734684
0.004447469504
0.004424266909
0.004415315485
0.004383155050
0.004495729055
0.004377175833
0.004440771931
0.004381494410
0.004416576200
0.004212412080
0.004275341356
0.004297064736
0.004286801732
0.004342863312
0.004396308650
0.004247873393
0.004226747761
0.004152211831
0.004071637184
0.004144816948
0.004047892170
0.004210419600
0.004004737985
0.004066323475
0.003980856444
0.004044093688
0.004142164429
0.003973802960
0.003973455593
0.003959036948
0.003903160412
0.003933178425
0.003939454396
0.003905298368
0.003883647963
0.004124943275
0.003901762564
0.004095955043
0.003906541701
0.004015703659
0.003891023416
0.003775859918
0.003775481340
0.003733593892
0.003711574492
0.003914210777
0.003814250218
0.003899560059
0.003730409514
0.003971199191
0.003821479955
0.003692484998
0.003796512026
0.003702360352
0.003689699365
0.003686285370
0.003706228328
0.003646271427
0.003650450994
0.003724249991
0.003703295913
0.003606014005
0.003638677674
0.003576531735
0.003579774887
0.003636516699
0.003563845545
0.003556879829
0.003544514505
0.003564955859
0.003590551080
0.003552346013
0.003746138980
0.003533748133
0.003790657107
0.003713993344
0.003526096944
0.003702789474
0.003703570083
0.003501255057
0.003592817148
0.003566591970
0.003502636156
0.003419373845
0.003488930427
0.003464044601
0.003397982924
0.003523506820
0.003463791059
0.003379990850
0.003455848524
0.003432977965
0.003606320180
0.003332974276
0.003305537942
0.003307061193
0.003361261109
0.003329130517
0.003401066283
0.003515531621
0.003545150503
0.003391350896
0.003565294674
0.003306816086
0.003322572444
0.003349840020
0.003398636210
0.003308198389
0.003265400752
0.003257010220
0.003378879863
0.003250375047
0.003360130267
0.003275897200
0.003273778534
0.003311059395
