272.581011814250
10.987543902931
0.001067773937
0.001152160824
0.001257617592
0.001378015749
0.001511997094
0.001667599421
0.001840051578
0.002032481916
0.002248765834
0.002495095756
0.002779915239
0.003104963467
0.003484723125
0.003925797510
0.004448246141
0.005045455820
0.005754676939
0.006574832662
0.007588510186
0.008793584752
0.010255004491
0.012066420051
0.014314447973
0.017054114034
0.020515261793
0.024788116123
0.030187176862
0.036987153891
0.045416845908
0.055739594658
0.068235497452
0.082365340353
0.097678164700
0.112916243171
0.125958096558
0.134444172601
0.137293051885
0.134479022362
0.128769098144
0.122051018742
0.116296129441
0.112500278500
0.111319949611
0.112009947220
0.114270673712
0.117722853033
0.122052476709
0.126945291195
0.131987448658
0.136930727457
0.141898419714
0.146683907030
0.151196993821
0.155210856805
0.158742004585
0.161613891128
0.164144904966
0.166062182147
0.167272180457
0.168303570359
0.168875589702
0.169166337665
0.168980814395
0.168604951527
0.167866481374
0.166760504318
0.165429031801
0.163674389732
0.161634007946
0.159301600434
0.156744243152
0.153952311933
0.150869543898
0.147718676643
0.144329736096
0.140991720609
0.137567060577
0.134160630096
0.130849837715
0.127542113833
0.124211520629
0.120960699138
0.117759075000
0.114639271866
0.111864038316
0.109077782308
0.106392437180
0.103853428342
0.101414769483
0.099037949813
0.096962352221
0.094632109324
0.092654336644
0.090453067655
0.088523605217
0.086609787680
0.084851450805
0.083068752872
0.081411759879
0.079849077537
0.078377333667
0.076793341881
0.075387958092
0.073965021294
0.072544666309
0.071254777047
0.069981990936
0.068757314067
0.067635679495
0.066350345527
0.065257596745
0.064173219018
0.063161315707
0.062141005837
0.061142247233
0.060244812876
0.059345565007
0.058420473891
0.057551042172
0.056664625502
0.055851233728
0.055087669466
0.054356107423
0.053625795712
0.052903853648
0.052145514740
0.051536540187
0.050853048430
0.050180415438
0.049604551483
0.049128153553
0.048502823569
0.047820086446
0.047217193833
0.046655151173
0.046229261012
0.045692916550
0.045269173723
0.044640463154
0.044245891812
0.043655259736
0.043232572269
0.042746791663
0.042318437135
0.041901463061
0.041451297425
0.041035080708
0.040662059111
0.040212592197
0.039791301614
0.039424160996
0.039015393081
0.038640407299
0.038309658851
0.037937942505
0.037563201371
0.037202849005
0.036890181620
0.036617423125
0.036266582413
0.035989974555
0.035596546865
0.035270445460
0.034987777866
0.034644251621
0.034345220824
0.034051473358
0.033772827966
0.033454387507
0.033157104446
0.032910216167
0.032648903446
0.032368630925
0.032131883609
0.031880543779
0.031579372524
0.031334959373
0.031081769294
0.030824486501
0.030623372939
0.030374851196
0.030140004220
0.029915245809
0.029700880988
0.029463070762
0.029244777363
0.029051594096
0.028840364154
0.028650318170
0.028414795652
0.028301100584
0.028052648478
0.027872987962
0.027654791683
0.027467098007
0.027329661194
0.027114265243
0.026954508989
0.026736013303
0.026539309902
