272.581011814250
11.030213594286
0.001115557965
0.001094942877
0.001079831638
0.001068627526
0.001059347921
0.001050982925
0.001043438319
0.001036893138
0.001030846362
0.001025071270
0.001019587717
0.001014886480
0.001010762755
0.001006976983
0.001003711940
0.001000089457
0.000996952352
0.000993979714
0.000991236079
0.000988666510
0.000986447698
0.000984078348
0.000981635998
0.000979436193
0.000977296307
0.000975236657
0.000973177197
0.000971245787
0.000969352398
0.000967514307
0.000965866089
0.000964070809
0.000962419139
0.000960794311
0.000959435091
0.000957982723
0.000956493573
0.000955314617
0.000954057452
0.000952846536
0.000951741934
0.000950552217
0.000949425192
0.000948351445
0.000947218247
0.000946053552
0.000945042159
0.000943985794
0.000943039231
0.000942228999
0.000941437064
0.000940623207
0.000939974088
0.000939166826
0.000938466472
0.000937703227
0.000937067549
0.000936307122
0.000935471516
0.000934726193
0.000933990309
0.000933217342
0.000932450998
0.000931694932
0.000931130127
0.000930460329
0.000929512556
0.000928758414
0.000928090384
0.000927638207
0.000927296641
0.000926917507
0.000926524680
0.000926098149
0.000925772295
0.000925297499
0.000924928879
0.000924462217
0.000923979390
0.000923529012
0.000922962561
0.000922457072
0.000922032316
0.000921631871
0.000921295102
0.000920912479
0.000920577025
0.000920229359
0.000919884160
0.000919639652
0.000919240591
0.000918867545
0.000918450210
0.000918073761
0.000917813009
0.000917521769
0.000917246106
0.000917035350
0.000916834251
0.000916605011
0.000916410189
0.000916336997
0.000916108952
0.000916030388
0.000915833346
0.000915636689
0.000915482605
0.000915349751
0.000915195074
0.000915057627
0.000914943665
0.000914822072
0.000914661088
0.000914596050
0.000914537262
0.000914392993
0.000914231067
0.000914193382
0.000914100191
0.000914042172
0.000913951327
0.000913844796
0.000913878318
0.000913884748
0.000913886678
0.000913906250
0.000913871791
0.000913786778
0.000913748972
0.000913711081
0.000913662566
0.000913565953
0.000913432214
0.000913412491
0.000913412152
0.000913362053
0.000913318864
0.000913291794
0.000913399418
0.000913464951
0.000913506488
0.000913488815
0.000913451437
0.000913460900
0.000913396431
0.000913376679
0.000913343468
0.000913261388
0.000913207488
0.000913174265
0.000913181680
0.000913194752
0.000913231105
0.000913310389
0.000913355626
0.000913415520
0.000913519889
0.000913629469
0.000913719295
0.000913802411
0.000913911222
0.000913953305
0.000914004123
0.000914085792
0.000914170026
0.000914272987
0.000914332238
0.000914487898
0.000914577797
0.000914643735
0.000914647784
0.000914720109
0.000914836250
0.000914941278
0.000915078861
0.000915153010
0.000915259195
0.000915335016
0.000915395126
0.000915554958
0.000915603984
0.000915710832
0.000915743974
0.000915819177
0.000915936413
0.000916025044
0.000916146135
0.000916311557
0.000916413158
0.000916620348
0.000916799127
0.000916900854
0.000917005096
0.000917197438
0.000917408200
0.000917598800
0.000917784310
0.000917975057
0.000918194367
0.000918416550
