272.5810118139949623
10.5694433755795352
0.1039816818146510
0.1016742884060762
0.0437925105489764
0.0245822933199632
0.0184385447470912
0.0141123640397101
0.0148977979359869
0.0096896938369341
0.0088589938588862
0.0102252628584974
0.0090582070700034
0.0077764413608816
0.0064643045349979
0.0064856980355279
0.0071997771542173
0.0052511997023387
0.0054057956236459
0.0053515300986250
0.0050285903146618
0.0062537243041915
0.0052225663167882
0.0040465591892023
0.0043373542152848
0.0050253316811375
0.0053129323424977
0.0055925314603859
0.0047739959815688
0.0041176456279979
0.0050492897286458
0.0043907343146253
0.0034028074393958
0.0057379611301713
0.0047270370370328
0.0041549325391111
0.0039689313184682
0.0037550258194463
0.0036581648721671
0.0046957910376006
0.0030534392440074
0.0038571797252463
0.0030453430394143
0.0029258334231309
0.0032039819869022
0.0047771283324203
0.0029406208206593
0.0036547437795103
0.0030636085299960
0.0031923911932418
0.0046206064220483
0.0032355614110720
0.0027952456889253
0.0027526533670579
0.0030561022428750
0.0031683526359260
0.0030285774143751
0.0037117362179185
0.0032270318230917
0.0034585706902947
0.0041639754381892
0.0029649454560914
0.0028755816935374
0.0027026357401186
0.0026551237613203
0.0037482156864616
0.0037968415316257
0.0029134413563164
0.0035239018290075
0.0037642789007376
0.0026644121790892
0.0030182831287355
0.0046674896777253
0.0027257331293560
0.0026472329688643
0.0027020572249620
0.0031831542566007
0.0025607233855788
0.0024940408476801
0.0032618158247324
0.0027359147302860
0.0027125593714190
0.0023234322689097
0.0031551638629494
0.0031893676078059
0.0025038440006646
0.0029155813431110
0.0027193258885506
0.0031654171203609
0.0032899145566345
0.0029974837196991
0.0024427650452149
0.0023893240627582
0.0023702322392043
0.0031234253804882
0.0024074990124533
0.0022202542542906
0.0031635178196307
0.0031997712510006
0.0030494018423963
0.0023464449145001
0.0030340122072873
0.0028706870384885
0.0023649481217723
0.0023752054380606
0.0024693134065634
0.0027137421280957
0.0023205619141500
0.0026753033822163
0.0038077915852812
0.0021568284987262
0.0026441302490698
0.0023372786038658
0.0021889146019097
0.0023288643763563
0.0024671079228788
0.0023484729009145
0.0025384059015948
0.0031796123323981
0.0024035445588700
0.0026644446383236
0.0021480331323736
0.0025115005744649
0.0024531665914855
0.0024901016106136
0.0024702299094768
0.0023477322368615
0.0021321065076926
0.0028096282732548
0.0045407162557550
0.0030830256908410
0.0023478893083505
0.0020937243758836
0.0020374747737882
0.0021673487809498
0.0027038481904863
0.0020207078340374
0.0032269140406944
0.0028299283816670
0.0031954751958110
0.0021995749796434
0.0019618190503173
0.0023156146584313
0.0020211416894799
0.0024085593303923
0.0021377190552383
0.0021419338540359
0.0033058267185188
0.0022503201848150
0.0020241734907385
0.0025550909458469
0.0035340986594864
0.0020863215326862
0.0019516620487687
0.0021723312814322
0.0024179837315480
0.0020929959607785
0.0025299437544957
0.0019973790686212
0.0026112945641415
0.0024442946931924
0.0020455093932293
0.0022715871556775
0.0026421112935787
0.0018965591505614
0.0023028149644733
0.0019449462065234
0.0019426251595142
0.0018815387535898
0.0027493656724840
0.0019277415380444
0.0020199900905734
0.0019436273020293
0.0018476293860663
0.0018745436814706
0.0020957472151427
0.0022387613611116
0.0021830014079645
0.0019866657519045
0.0031566099066463
0.0022956875329587
0.0020017257502216
0.0017846918396803
0.0021285141326626
0.0017340017320669
0.0024035731642603
0.0021702287137914
0.0020421255722846
0.0020352626029777
0.0023736608482684
0.0022105550877083
0.0024017055900960
0.0018428397313611
0.0025283456030054
0.0017074962771500
0.0021901414313354
0.0018237600857381
0.0019539200026614
0.0023700563472702
0.0018322719490398
0.0021488839476267
0.0018070007498530
