2.302234968535
2.302012282244
2.301914427884
2.301839318625
2.301780707963
2.301729505666
2.301683489164
2.301641729069
2.301604807822
2.301571361446
2.301538122590
2.301505820974
2.301477164300
2.301449686559
2.301423235798
2.301399212233
2.301374183114
2.301350769901
2.301328840637
2.301307822673
2.301287133853
2.301267781003
2.301248374653
2.301228539308
2.301209819794
2.301191890748
2.301174298922
2.301156933180
2.301140195306
2.301123421097
2.301107636992
2.301092376200
2.301076712290
2.301062033049
2.301047246679
2.301033568096
2.301019265652
2.301004363441
2.300990855090
2.300977367592
2.300964411640
2.300951533031
2.300938355637
2.300925587400
2.300913465595
2.300900923347
2.300888720830
2.300877207724
2.300865311718
2.300853807163
2.300842631213
2.300831296094
2.300819973501
2.300809310786
2.300797999032
2.300787111537
2.300776561769
2.300766126633
2.300755646737
2.300745675341
2.300735472329
2.300725415579
2.300715198135
2.300705220604
2.300695241769
2.300686086909
2.300676600456
2.300666943073
2.300657602978
2.300648532422
2.300639378134
2.300630427329
2.300621644624
2.300612710381
2.300604109287
2.300595784314
2.300587605000
2.300579486211
2.300570849482
2.300562177785
2.300553685983
2.300544884237
2.300536394660
2.300528057766
2.300519921780
2.300512298203
2.300504361025
2.300496523031
2.300488860416
2.300480734921
2.300473175494
2.300465675767
2.300458142344
2.300450540002
2.300442891343
2.300435478020
2.300428320821
2.300420985508
2.300413829899
2.300406782754
2.300399528090
2.300392479769
2.300385664590
2.300378548018
2.300371701622
2.300364547825
2.300357208697
2.300350334581
2.300343624242
2.300336672338
2.300329849911
2.300323192310
2.300316684532
2.300309716765
2.300303308296
2.300296930567
2.300290214094
2.300283332761
2.300277125200
2.300270614815
2.300264427376
2.300258108203
2.300251643753
2.300245523103
2.300239381186
2.300233081373
2.300227073828
2.300221046829
2.300214820766
2.300208618164
2.300202810001
2.300196656831
2.300190426095
2.300184243298
2.300178468895
2.300172585710
2.300166706403
2.300160889912
2.300155153465
2.300149557813
2.300143772475
2.300138089466
2.300132237848
2.300126315339
2.300120458730
2.300114619637
2.300109295972
2.300103803921
2.300098135376
2.300092481677
2.300086864503
2.300081409899
2.300075841808
2.300070510419
2.300065257613
2.300059920661
2.300054605039
2.300049381320
2.300044130166
2.300038741684
2.300033561897
2.300028465303
2.300022935422
2.300017630005
2.300012356663
2.300007085164
2.300001777808
2.299996401628
2.299991313775
2.299986215878
2.299981124528
2.299975747808
2.299970727348
2.299965972265
2.299961014112
2.299956251589
2.299951203537
2.299946336778
2.299941405042
2.299936515649
2.299931772804
2.299927020868
2.299922259871
2.299917412376
2.299912701448
2.299908075015
2.299903047244
2.299898405584
2.299893676694
2.299888850117
2.299884195995
2.299879554653
2.299874569607
2.299869771099
2.299865153027
2.299860529868
2.299855805238
2.299851340326
2.299846768125
2.299842177741
2.299837644196
