9.3599999999999994
9.4333333333333318
23.1333333333333329
65.2616666666666561
80.3133333333333326
86.3916666666666657
88.9849999999999994
90.5783333333333331
91.5116666666666561
92.1783333333333275
92.8050000000000068
93.2166666666666686
93.5900000000000034
93.8916666666666657
94.1316666666666748
94.3483333333333292
94.5016666666666652
94.6899999999999977
94.8100000000000023
94.9716666666666782
95.0633333333333326
95.1766666666666623
95.2316666666666691
95.3400000000000034
95.3716666666666697
95.4583333333333286
95.5000000000000000
95.5733333333333377
95.5916666666666686
95.6783333333333417
95.7316666666666691
95.7616666666666703
95.8133333333333326
95.8266666666666538
95.8550000000000040
95.8949999999999960
95.9500000000000028
95.9650000000000034
96.0049999999999955
96.0449999999999875
96.0716666666666725
96.0666666666666629
96.1266666666666652
96.1899999999999977
96.2099999999999937
96.2099999999999937
96.2666666666666515
96.3000000000000114
96.3266666666666680
96.3266666666666680
96.3316666666666777
96.3750000000000000
96.4050000000000011
96.4233333333333320
96.4516666666666680
96.4583333333333286
96.4749999999999943
96.4883333333333297
96.5049999999999955
96.5249999999999915
96.5666666666666629
96.5949999999999989
96.5833333333333286
96.5999999999999943
96.6266666666666652
96.6516666666666708
96.6566666666666663
96.6500000000000057
96.7016666666666680
96.6983333333333235
96.7283333333333246
96.7483333333333206
96.7583333333333400
96.7816666666666663
96.7916666666666714
96.8150000000000119
96.8116666666666674
96.8333333333333428
96.8416666666666686
96.8233333333333377
96.8433333333333337
96.8483333333333292
96.8649999999999949
96.8666666666666742
96.8599999999999994
96.8766666666666652
96.9149999999999920
96.9083333333333314
96.9349999999999881
96.9283333333333275
96.9149999999999920
96.9666666666666686
96.9549999999999841
96.9416666666666629
96.9500000000000028
96.9616666666666589
96.9866666666666646
96.9716666666666498
97.0000000000000000
97.0150000000000006
96.9916666666666600
97.0166666666666657
97.0250000000000057
97.0183333333333451
97.0216666666666754
97.0283333333333360
97.0199999999999960
97.0550000000000068
97.0433333333333366
97.0383333333333411
97.0583333333333371
97.0766666666666680
97.0649999999999977
97.0999999999999943
97.0949999999999989
97.0983333333333292
97.1066666666666691
97.1349999999999909
97.1283333333333303
97.1233333333333348
97.1316666666666606
97.1200000000000045
97.1333333333333258
97.1366666666666703
97.1416666666666657
97.1383333333333212
97.1599999999999966
97.1500000000000057
97.1749999999999972
97.1666666666666714
97.1733333333333320
97.1616666666666617
97.1683333333333366
97.1933333333333280
97.1883333333333468
97.1866666666666674
97.1950000000000074
97.2200000000000131
97.2150000000000034
97.2116666666666731
97.2316666666666691
97.2366666666666646
97.2349999999999994
97.2300000000000040
97.2566666666666748
97.2383333333333439
97.2433333333333394
97.2616666666666703
97.2583333333333400
97.2766666666666708
97.2800000000000011
97.2683333333333309
97.2766666666666708
97.2866666666666617
97.2916666666666714
97.2916666666666714
97.2950000000000017
97.2933333333333366
97.3049999999999926
97.2983333333333320
97.3049999999999926
97.3033333333333275
97.3116666666666674
97.3199999999999932
97.3216666666666583
97.3283333333333331
97.3366666666666731
97.3466666666666640
97.3333333333333428
97.3266666666666680
97.3366666666666731
97.3400000000000034
97.3449999999999989
97.3449999999999989
97.3383333333333240
97.3300000000000125
97.3466666666666640
97.3466666666666640
97.3549999999999898
97.3666666666666742
97.3466666666666640
97.3483333333333292
97.3616666666666504
97.3716666666666697
97.3816666666666606
97.3933333333333309
97.3749999999999858
97.3749999999999858
97.3733333333333348
97.3733333333333348
97.3733333333333348
97.3683333333333252
97.3749999999999858
97.3949999999999960
97.3966666666666612
97.3999999999999915
97.3999999999999915
97.3900000000000006
97.4066666666666663
97.4066666666666663
97.4200000000000017
97.3983333333333263
