2.3023273136456806
2.3023147005399069
2.1276785672187803
1.1625205100059510
0.6833361703554789
0.5134052262624105
0.4264553661902746
0.3717115539828936
0.3336593644022942
0.3046963882327080
0.2830297673642636
0.2654155104180177
0.2511773609995842
0.2396027383605639
0.2297578619261583
0.2216674903333187
0.2149852549334367
0.2089238110532363
0.2036620396196842
0.1991234738692641
0.1949864048163096
0.1911673830131690
0.1875979407350222
0.1844676217754682
0.1815359376202027
0.1789315005838871
0.1766133932545781
0.1743226174076398
0.1721915472467740
0.1700081482281288
0.1682412219375372
0.1663972531527281
0.1646233552972476
0.1631407088448604
0.1615078940113386
0.1599795136829217
0.1586585706517100
0.1571651926716169
0.1558389207839966
0.1547174415732424
0.1534339655806621
0.1524074745575587
0.1512071851506829
0.1501676582157612
0.1491451566497485
0.1482560707489649
0.1471468569020430
0.1461618010371923
0.1452919608041644
0.1444841529846191
0.1437325987463196
0.1428196949253480
0.1419984693586826
0.1411495934138695
0.1404544787347317
0.1397212494706114
0.1389804640665650
0.1382954956114292
0.1376002375622590
0.1369596243679523
0.1362963148444891
0.1355829344501098
0.1349754931658506
0.1343195543040832
0.1337514875541131
0.1332318036695321
0.1326679652621349
0.1320537000328302
0.1315797194709381
0.1310761520758271
0.1304868569056193
0.1299817358563344
0.1295447880168756
0.1289284619023403
0.1284043366382519
0.1280160834749540
0.1275551445727547
0.1270748923321565
0.1266529845630129
0.1262661741750936
0.1258556601266066
0.1254787552510699
0.1249702474613984
0.1246461176216602
0.1242973278572162
0.1239156384125352
0.1235665312046806
0.1232367580542962
0.1229226251646876
0.1225341411933303
0.1221982176497579
0.1217791796172659
0.1214513984153668
0.1212090999692678
0.1210178695773085
0.1206391569646696
0.1202969071606795
0.1200822840034962
0.1197632770558198
0.1194605454022686
0.1191557367632786
0.1189833387851715
0.1186818141569694
0.1184134353056550
0.1181673477485776
0.1179192462772131
0.1177012939502795
0.1174305600335201
0.1172103328414261
0.1170624174644550
0.1167023707389832
0.1164782036453486
0.1162102242132028
0.1159673682808876
0.1158102632999420
0.1155932630081972
0.1154113555438817
0.1151263516465823
0.1149796316275994
0.1147026764492194
0.1145271145450572
0.1142547463302811
0.1141447667568922
0.1139556052640080
0.1137551189859708
0.1135368583748738
0.1133119255177677
0.1131107558652759
0.1129964002932111
0.1129271206105749
0.1126664814616243
0.1124487061654528
0.1123083876917760
0.1121587788008153
0.1119804348334670
0.1118765606607000
0.1116849677075942
0.1116609611655275
0.1114699484840035
0.1113507590889931
0.1111500566581885
0.1109739859730005
0.1108513992925485
0.1106999724696080
0.1105950445900361
0.1104293867955605
0.1102799004549782
0.1101952898862461
0.1099766588345170
0.1097979137085378
0.1097036300083001
0.1095990678866704
0.1093997061009208
0.1092297160988053
0.1091265788170199
0.1090566013321281
0.1089013575067123
0.1087994160532951
0.1086321738908688
0.1085569990570347
0.1084335524161657
0.1083091256524126
0.1081957064598799
0.1081274946091076
0.1079516385798653
0.1078869127045075
0.1077677447224657
0.1076314937755466
0.1075127599656582
0.1074478459780415
0.1072962941899896
0.1071836492657661
0.1071022400222719
0.1069901696257293
0.1068695647932589
0.1067967066744963
0.1066887886683146
0.1065523578204215
0.1064726321679850
0.1064521898925304
0.1062799641887347
0.1061838514876862
0.1060503615061442
0.1059726431245605
0.1058402248866856
0.1058368734814227
0.1057034690265854
0.1056333394517501
0.1055455992120008
0.1054845583533247
0.1053898400403559
0.1053195674101512
0.1052237843632698
0.1052106344660123
0.1050418616702159
0.1049933083148052
0.1048677657678723
0.1047840927238266
0.1047208679144581
0.1045865388679008
0.1045507433588306
0.1044400961125890
