2.301420025571
2.299685196845
2.299021676413
2.298483401871
2.297989036783
2.297528764184
2.297066344039
2.296614042791
2.296138779736
2.295648342037
2.295129405276
2.294562560685
2.293948087565
2.293279202366
2.292540445518
2.291699200757
2.290772192065
2.289729955641
2.288580355612
2.287225114346
2.285671591345
2.283858794785
2.281702695306
2.279135296154
2.276116081810
2.272417321491
2.267973290952
2.262521882598
2.255793385347
2.247512531312
2.237335774358
2.224742721303
2.209702847195
2.191727548726
2.170650741164
2.146667103831
2.120432501920
2.094100333405
2.067523707517
2.042725837739
2.019573240948
1.997983677165
1.977529835637
1.958028749339
1.938720855681
1.919371412818
1.899624280167
1.879416405614
1.858560138671
1.837091941865
1.814877458445
1.792040819963
1.768489676730
1.744388179652
1.719684289805
1.694732269033
1.669180560176
1.643615205002
1.618007142639
1.592174132045
1.566411332385
1.540739037879
1.515363083156
1.489986262798
1.465064395603
1.440462066348
1.416127331130
1.392128627014
1.368577164094
1.345571381712
1.323051467705
1.300950022539
1.279406362184
1.258554862881
1.238286595519
1.218626270103
1.199471791871
1.181009637610
1.163223449850
1.146096002118
1.129499578333
1.113428209488
1.097847236888
1.082780372842
1.068246617969
1.054443046284
1.040925938344
1.027802087196
1.015228393237
1.002921284707
0.990961730544
0.979500208807
0.968351826501
0.957473524634
0.946915601953
0.936641389990
0.926773425547
0.917195333751
0.907828676685
0.898693478799
0.889841235646
0.881222761377
0.872830128543
0.864650106025
0.856673765711
0.848860743928
0.841264802313
0.833953179073
0.826810763590
0.819783485238
0.812905356073
0.806212393069
0.799670667847
0.793302583742
0.787064258377
0.780935196845
0.774958556581
0.769075894912
0.763305639974
0.757680324539
0.752157273300
0.746771212212
0.741528065626
0.736383005230
0.731316640615
0.726359129810
0.721498337444
0.716769481659
0.712090845696
0.707527229706
0.703064752094
0.698672557759
0.694315219529
0.690000538437
0.685768098752
0.681618778245
0.677551188600
0.673549379690
0.669672315637
0.665811603165
0.662003698452
0.658303371056
0.654655602066
0.651058348918
0.647486056089
0.643950429845
0.640485337297
0.637087232033
0.633749273721
0.630434293592
0.627176975187
0.623984585222
0.620852542019
0.617745350734
0.614703845863
0.611734774057
0.608779615887
0.605866101464
0.603027951535
0.600209866790
0.597392408911
0.594678643648
0.591923443305
0.589214722141
0.586572475457
0.583942636180
0.581383156971
0.578842916540
0.576299396650
0.573814120491
0.571365223408
0.568973757613
0.566587419796
0.564233906305
0.561936481023
0.559665649223
0.557421671287
0.555185703739
0.552986097892
0.550796518314
0.548673786547
0.546537778060
0.544419304752
0.542316338174
0.540287254079
0.538291626573
0.536281521142
0.534298178248
0.532355435093
0.530428106078
0.528505238545
0.526626038706
0.524743892789
0.522909131809
0.521075482019
0.519279879014
0.517520681739
0.515769192684
0.514002437663
0.512273593056
0.510572501389
