2.3096349360783894
2.3023272511800128
2.1276966247240701
1.1627243459065755
0.6834476492325465
0.5133989442269007
0.4265619078636170
0.3717880398054918
0.3337442579785983
0.3047293603916963
0.2830686178505420
0.2654154860496520
0.2512156089087327
0.2396494080503782
0.2297961193939050
0.2216682070046663
0.2149855688353380
0.2089407826284568
0.2036920248041550
0.1991421318004529
0.1949838276624680
0.1911803361465534
0.1876256444305182
0.1844993518799544
0.1815341933727264
0.1789481704200307
0.1766361807197332
0.1743418434689442
0.1722267535229524
0.1700262303526203
0.1682532357911269
0.1664046327402194
0.1646314743941029
0.1631263582517704
0.1615341674238444
0.1599747024724881
0.1586678624838591
0.1571710599576434
0.1558495701335371
0.1547481144050757
0.1534466823051373
0.1524231483260791
0.1512210125113527
0.1501723847816388
0.1491813405041894
0.1482603009263674
0.1471498746171594
0.1461640044351419
0.1453038274268309
0.1444724846216540
0.1437376500574251
0.1428324738860130
0.1420143971284231
0.1411425023173292
0.1404594660292069
0.1397522785047690
0.1389724920938412
0.1382956773161888
0.1376096926589807
0.1369714725951354
0.1363104132423798
0.1355781493008137
0.1349629555503527
0.1343100331485272
0.1337567233939966
0.1332366393789649
0.1326550860397518
0.1320473580857118
0.1315811117430528
0.1311044779345393
0.1304921225619813
0.1299806631396214
0.1295406915009022
0.1289283005903165
0.1284232123384873
0.1280271801163753
0.1275512307738264
0.1270816842883825
0.1266579980599383
0.1262649594674508
0.1258737213383118
0.1254931330805024
0.1249721128642559
0.1246431510478258
0.1243024370183547
0.1239222673078378
0.1235747145841519
0.1232407820070783
0.1229226671412587
0.1225323941777150
0.1222106125421822
0.1217730711917082
0.1214605527336399
0.1212069862430294
0.1210302901342511
0.1206390389343103
0.1203149365062515
0.1200797323584557
0.1197719824160139
0.1194753208691875
0.1191461721261342
0.1190007385075092
0.1186961501215895
0.1184173409382502
0.1181645560142895
0.1179267765601476
0.1177060354391734
0.1174226170515021
0.1172217249343793
0.1170734815225005
0.1167124132389824
0.1164900293429693
0.1162187965484957
0.1159805307765802
0.1158098989839355
0.1155948625385761
0.1154146987229586
0.1151257501934966
0.1149729098940889
0.1146999673187733
0.1145222141365210
0.1142569654569030
0.1141417648891608
0.1139514458512267
0.1137679835647345
0.1135320203542709
0.1133083838030696
0.1131078255136808
0.1130007323980332
0.1129179924011230
0.1126756476312876
0.1124481759279966
0.1123177803893884
0.1121491556689143
0.1119815902411938
0.1118853144506613
0.1116872991830111
0.1116535645768046
0.1114721816147367
0.1113525414635738
0.1111462305217981
0.1109716721470157
0.1108627972488602
0.1107018828406930
0.1106037494242191
0.1104304642677307
0.1102850753349563
0.1101900615324577
0.1099813437486688
0.1098033638288577
0.1097150489931305
0.1096115802173813
0.1094055211116870
0.1092293297524254
0.1091356384068728
0.1090660241991282
0.1089108326877157
0.1087942265177766
0.1086282714853684
0.1085566693375508
0.1084354615221421
0.1083203282249471
0.1081864614571134
0.1081293593292435
0.1079540317694346
0.1078972090174754
0.1077733225926757
0.1076307675113281
0.1075194281940659
0.1074380992618700
0.1073079221968850
0.1071910254448652
0.1071036110234757
0.1069840792323152
0.1068746978970865
0.1068100634828210
0.1066856083025535
0.1065557431509097
0.1064754602233569
0.1064630075573921
0.1062834199160338
0.1061840943937500
0.1060612071186304
0.1059708126386007
0.1058388446807861
0.1058367588937283
0.1057113244781892
0.1056331222916643
0.1055538972586393
0.1054889674946666
0.1053958182574560
0.1053232002456983
0.1052353887031476
0.1052087294973433
0.1050442305316528
0.1049924206763506
0.1048680964430173
0.1047839374432961
0.1047220904464523
0.1045910518368085
0.1045602310548226
0.1044373299186428
