2.298174457645
1.763704847209
0.955927265406
0.698147967879
0.574631194095
0.499715646875
0.449592125225
0.413394003256
0.385151226676
0.362432611235
0.343477779476
0.327971223561
0.314826334715
0.302778097576
0.292643271514
0.283596826802
0.275551860720
0.268516492583
0.261985607745
0.255925361631
0.250519471337
0.245728847071
0.241193993872
0.237062707881
0.233236054828
0.229676652178
0.226394771280
0.223116681041
0.220300796024
0.217437569471
0.215020919782
0.212551539437
0.210332914390
0.208155952265
0.206075862517
0.204042939380
0.202105867698
0.200364637536
0.198531711350
0.196919201410
0.195303367565
0.193722754201
0.192357151826
0.190821024033
0.189472321584
0.188179203635
0.186925107789
0.185690066545
0.184535530614
0.183411985145
0.182272944562
0.181198326767
0.180099870164
0.179102336328
0.178080781662
0.177126452442
0.176139527419
0.175281640085
0.174368079835
0.173470824892
0.172630082027
0.171875923010
0.171084104348
0.170270090887
0.169536015446
0.168815251989
0.168061099941
0.167390726150
0.166714889993
0.166025782353
0.165387749940
0.164748176808
0.164136034892
0.163512781280
0.162925500476
0.162383199310
0.161820262522
0.161232045737
0.160700230385
0.160174432873
0.159674388759
0.159102544729
0.158584928425
0.158106380578
0.157611536027
0.157132344450
0.156645833819
0.156193880084
0.155759027319
0.155349492349
0.154902594673
0.154538315277
0.154095412940
0.153670479988
0.153224688347
0.152826823702
0.152415435892
0.152012857570
0.151632823795
0.151257034237
0.150832652048
0.150438290174
0.150102976193
0.149724936465
0.149367014915
0.148960674645
0.148674216309
0.148323944518
0.147981692692
0.147708733643
0.147368704916
0.147060023007
0.146749464069
0.146435714389
0.146113543853
0.145824296421
0.145544017037
0.145279574543
0.144972563346
0.144673324879
0.144402746794
0.144109500509
0.143847721226
0.143565574557
0.143332358238
0.143057402613
0.142816144061
0.142548842984
0.142291260317
0.142054646570
0.141848128481
0.141597993122
0.141390719263
0.141146887941
0.140938562343
0.140702057315
0.140467831215
0.140224211676
0.139975122808
0.139759923059
0.139540043492
0.139313879898
0.139091464927
0.138876179709
0.138715838182
0.138493736661
0.138237175179
0.138056194344
0.137843872759
0.137648204834
0.137462355889
0.137223550042
0.137038981011
0.136852805683
0.136672352173
0.136485168570
0.136310317063
0.136133387818
0.135912153003
0.135760290530
0.135565731401
0.135372194718
0.135202000479
0.135003014843
0.134839892397
0.134664163881
0.134491446414
0.134308888103
0.134142073194
0.133973142909
0.133814686193
0.133650721918
0.133484702049
0.133298368913
0.133127439596
0.132964941486
0.132810054255
0.132687057977
0.132510453434
0.132360642534
0.132185530471
0.132068475787
0.131894055801
0.131723902041
0.131589288983
0.131463398748
0.131282838813
0.131148783930
0.130971306883
0.130837508477
0.130719313725
0.130575518094
0.130464747369
0.130314286433
0.130158069958
0.130017387017
0.129881562485
0.129778349386
0.129619744728
0.129498170741
0.129356275902
