11.2366666666666664
11.2366666666666664
23.1266666666666652
65.2699999999999960
80.2999999999999972
86.3700000000000045
88.9816666666666691
90.5799999999999983
91.5183333333333309
92.1816666666666720
92.7933333333333366
93.2216666666666640
93.5600000000000023
93.8866666666666703
94.1383333333333354
94.3466666666666640
94.4950000000000045
94.7016666666666680
94.8233333333333377
94.9699999999999989
95.0733333333333377
95.1833333333333371
95.2333333333333343
95.3333333333333286
95.3783333333333303
95.4650000000000034
95.5066666666666606
95.5766666666666680
95.5999999999999943
95.6766666666666623
95.7333333333333343
95.7600000000000051
95.8033333333333275
95.8199999999999932
95.8599999999999994
95.9050000000000011
95.9449999999999932
95.9733333333333292
96.0066666666666606
96.0450000000000017
96.0783333333333331
96.0750000000000028
96.1299999999999955
96.1966666666666725
96.2216666666666640
96.2016666666666680
96.2766666666666708
96.2966666666666669
96.3316666666666634
96.3266666666666680
96.3366666666666731
96.3766666666666652
96.4000000000000057
96.4166666666666714
96.4516666666666680
96.4599999999999937
96.4816666666666691
96.4883333333333297
96.5033333333333303
96.5199999999999960
96.5783333333333331
96.5966666666666640
96.5799999999999983
96.5933333333333337
96.6133333333333297
96.6550000000000011
96.6416666666666657
96.6633333333333269
96.7000000000000028
96.7000000000000028
96.7233333333333292
96.7500000000000000
96.7533333333333303
96.7783333333333360
96.7999999999999972
96.8216666666666725
96.8250000000000028
96.8349999999999937
96.8449999999999989
96.8283333333333331
96.8516666666666737
96.8449999999999989
96.8716666666666697
96.8716666666666697
96.8683333333333394
96.8716666666666697
96.9150000000000063
96.9066666666666663
96.9300000000000068
96.9233333333333320
96.9166666666666714
96.9650000000000034
96.9599999999999937
96.9466666666666725
96.9433333333333280
96.9716666666666640
96.9766666666666737
96.9699999999999989
97.0016666666666652
97.0183333333333309
96.9966666666666697
97.0216666666666612
97.0283333333333360
97.0183333333333309
97.0233333333333263
97.0216666666666612
97.0116666666666703
97.0550000000000068
97.0450000000000017
97.0400000000000063
97.0583333333333371
97.0716666666666725
97.0633333333333326
97.0949999999999989
97.0983333333333292
97.1066666666666691
97.1016666666666737
97.1383333333333354
97.1266666666666652
97.1116666666666646
97.1250000000000000
97.1250000000000000
97.1299999999999955
97.1350000000000051
97.1433333333333309
97.1383333333333354
97.1599999999999966
97.1483333333333263
97.1716666666666669
97.1666666666666714
97.1616666666666617
97.1633333333333269
97.1733333333333320
97.1933333333333280
97.1916666666666629
97.1916666666666629
97.1933333333333280
97.2183333333333337
97.2083333333333286
97.2166666666666686
97.2283333333333388
97.2316666666666691
97.2216666666666640
97.2283333333333388
97.2583333333333400
97.2349999999999994
97.2433333333333394
97.2600000000000051
97.2633333333333354
97.2766666666666708
97.2800000000000011
97.2750000000000057
97.2750000000000057
97.2783333333333360
97.2816666666666663
97.2883333333333269
97.2950000000000017
97.2933333333333366
97.3016666666666623
97.2999999999999972
97.2983333333333320
97.2916666666666714
97.3100000000000023
97.3216666666666725
97.3199999999999932
97.3316666666666634
97.3366666666666731
97.3466666666666640
97.3349999999999937
97.3250000000000028
97.3433333333333337
97.3400000000000034
97.3433333333333337
97.3466666666666640
97.3383333333333383
97.3416666666666686
97.3449999999999989
97.3449999999999989
97.3533333333333388
97.3583333333333343
97.3516666666666737
97.3599999999999994
97.3599999999999994
97.3633333333333297
97.3916666666666657
97.3866666666666703
97.3716666666666697
97.3733333333333348
97.3683333333333394
97.3766666666666652
97.3783333333333303
97.3633333333333297
97.3766666666666652
97.3883333333333354
97.4000000000000057
97.3983333333333263
97.4066666666666663
97.4000000000000057
97.4033333333333360
97.4116666666666617
97.4200000000000017
97.3983333333333263
