11.236666666667
46.378333333333
72.531666666667
80.583333333333
84.918333333333
87.105000000000
88.461666666667
89.458333333333
90.233333333333
90.796666666667
91.220000000000
91.641666666667
91.973333333333
92.290000000000
92.575000000000
92.820000000000
93.020000000000
93.193333333333
93.385000000000
93.535000000000
93.698333333333
93.808333333333
93.925000000000
94.026666666667
94.143333333333
94.225000000000
94.305000000000
94.380000000000
94.431666666667
94.493333333333
94.531666666667
94.621666666667
94.648333333333
94.716666666667
94.775000000000
94.823333333333
94.865000000000
94.950000000000
94.975000000000
95.008333333333
95.063333333333
95.091666666667
95.135000000000
95.168333333333
95.213333333333
95.238333333333
95.281666666667
95.306666666667
95.326666666667
95.358333333333
95.401666666667
95.435000000000
95.486666666667
95.503333333333
95.540000000000
95.563333333333
95.581666666667
95.598333333333
95.623333333333
95.655000000000
95.676666666667
95.696666666667
95.733333333333
95.730000000000
95.745000000000
95.766666666667
95.798333333333
95.821666666667
95.833333333333
95.860000000000
95.861666666667
95.876666666667
95.888333333333
95.903333333333
95.906666666667
95.918333333333
95.938333333333
95.940000000000
95.941666666667
95.961666666667
95.955000000000
95.985000000000
95.990000000000
96.010000000000
96.025000000000
96.050000000000
96.051666666667
96.071666666667
96.085000000000
96.091666666667
96.098333333333
96.118333333333
96.128333333333
96.140000000000
96.160000000000
96.165000000000
96.175000000000
96.183333333333
96.190000000000
96.181666666667
96.200000000000
96.225000000000
96.230000000000
96.216666666667
96.221666666667
96.248333333333
96.263333333333
96.281666666667
96.288333333333
96.301666666667
96.321666666667
96.333333333333
96.350000000000
96.353333333333
96.365000000000
96.375000000000
96.376666666667
96.393333333333
96.391666666667
96.415000000000
96.415000000000
96.420000000000
96.466666666667
96.453333333333
96.491666666667
96.493333333333
96.483333333333
96.505000000000
96.500000000000
96.501666666667
96.493333333333
96.501666666667
96.516666666667
96.525000000000
96.531666666667
96.550000000000
96.563333333333
96.563333333333
96.566666666667
96.571666666667
96.585000000000
96.591666666667
96.590000000000
96.591666666667
96.586666666667
96.613333333333
96.623333333333
96.625000000000
96.631666666667
96.630000000000
96.648333333333
96.648333333333
96.643333333333
96.666666666667
96.660000000000
96.675000000000
96.653333333333
96.663333333333
96.700000000000
96.696666666667
96.711666666667
96.715000000000
96.715000000000
96.696666666667
96.728333333333
96.720000000000
96.733333333333
96.726666666667
96.745000000000
96.751666666667
96.755000000000
96.748333333333
96.760000000000
96.761666666667
96.768333333333
96.771666666667
96.770000000000
96.765000000000
96.786666666667
96.785000000000
96.785000000000
96.788333333333
96.798333333333
96.791666666667
96.810000000000
96.805000000000
96.803333333333
96.818333333333
96.821666666667
96.808333333333
96.823333333333
96.821666666667
96.820000000000
96.828333333333
96.841666666667
96.833333333333
96.838333333333
96.836666666667
96.836666666667
96.850000000000
96.863333333333
