11.236666666667
11.236666666667
11.236666666667
11.236666666667
11.236666666667
11.236666666667
11.236666666667
11.236666666667
11.236666666667
11.236666666667
11.236666666667
11.236666666667
11.236666666667
11.236666666667
11.273333333333
11.685000000000
12.830000000000
14.323333333333
15.765000000000
17.286666666667
18.475000000000
19.598333333333
20.436666666667
21.243333333333
22.101666666667
22.748333333333
23.533333333333
24.205000000000
24.546666666667
25.031666666667
25.671666666667
26.110000000000
26.695000000000
27.281666666667
27.770000000000
28.196666666667
28.695000000000
29.228333333333
29.678333333333
30.240000000000
30.835000000000
31.536666666667
32.388333333333
33.408333333333
34.558333333333
35.736666666667
37.071666666667
38.348333333333
39.540000000000
40.730000000000
41.918333333333
43.041666666667
44.343333333333
45.393333333333
46.286666666667
47.468333333333
48.381666666667
49.343333333333
50.343333333333
51.376666666667
52.543333333333
53.688333333333
54.683333333333
55.586666666667
56.520000000000
57.426666666667
58.225000000000
59.146666666667
59.973333333333
60.670000000000
61.468333333333
62.053333333333
62.526666666667
63.120000000000
63.723333333333
64.215000000000
64.833333333333
65.381666666667
65.823333333333
66.360000000000
66.858333333333
67.228333333333
67.550000000000
67.936666666667
68.346666666667
68.776666666667
69.168333333333
69.630000000000
70.003333333333
70.443333333333
70.815000000000
71.183333333333
71.540000000000
71.891666666667
72.190000000000
72.540000000000
72.783333333333
73.086666666667
73.423333333333
73.765000000000
74.073333333333
74.425000000000
74.750000000000
75.001666666667
75.241666666667
75.480000000000
75.755000000000
75.941666666667
76.175000000000
76.456666666667
76.625000000000
76.835000000000
77.056666666667
77.256666666667
77.503333333333
77.736666666667
77.978333333333
78.136666666667
78.343333333333
78.575000000000
78.736666666667
78.910000000000
79.055000000000
79.265000000000
79.418333333333
79.610000000000
79.733333333333
79.953333333333
80.111666666667
80.251666666667
80.378333333333
80.545000000000
80.730000000000
80.840000000000
80.971666666667
81.126666666667
81.280000000000
81.411666666667
81.518333333333
81.661666666667
81.781666666667
81.885000000000
82.005000000000
82.101666666667
82.228333333333
82.351666666667
82.468333333333
82.573333333333
82.686666666667
82.795000000000
82.936666666667
83.033333333333
83.130000000000
83.211666666667
83.341666666667
83.411666666667
83.485000000000
83.596666666667
83.670000000000
83.735000000000
83.836666666667
83.940000000000
84.041666666667
84.126666666667
84.240000000000
84.326666666667
84.406666666667
84.500000000000
84.581666666667
84.648333333333
84.731666666667
84.803333333333
84.878333333333
84.928333333333
84.990000000000
85.071666666667
85.155000000000
85.198333333333
85.270000000000
85.335000000000
85.401666666667
85.460000000000
85.528333333333
85.588333333333
85.665000000000
85.686666666667
85.760000000000
85.811666666667
85.885000000000
85.938333333333
85.993333333333
86.051666666667
86.135000000000
86.186666666667
86.246666666667
86.311666666667
86.370000000000
86.415000000000
86.488333333333
86.528333333333
86.578333333333
