47.2189000
71.9120000
76.1788000
82.7373000
82.9142000
83.0837000
83.2636000
83.4016000
83.5281000
83.6293000
83.6959000
83.7490000
83.7877000
83.8259000
83.8654000
83.8937000
83.9138000
83.9338000
83.9553000
83.9676000
83.9741000
83.9847000
83.9890000
83.9955000
83.9995000
83.9988000
84.0075000
84.0209000
84.0281000
84.0361000
84.0423000
84.0486000
84.0526000
84.0573000
84.0613000
84.0633000
84.0674000
84.0737000
84.0711000
84.0715000
84.0740000
84.0748000
84.0785000
84.0845000
84.0879000
84.0922000
84.0998000
84.1358000
84.1343000
84.1366000
84.1398000
84.1421000
84.1484000
84.1559000
84.1515000
84.1510000
84.1538000
84.1527000
84.1605000
84.1661000
84.1690000
84.2048000
84.2031000
84.2054000
84.2113000
84.2121000
84.2881000
84.3262000
84.3278000
84.3296000
84.3300000
84.3318000
84.3669000
84.3684000
84.3606000
84.3667000
84.3365000
84.3049000
84.3021000
84.3052000
84.3046000
84.3093000
84.3140000
84.3163000
84.3208000
84.3912000
84.3980000
84.3978000
84.4021000
84.4064000
84.4082000
84.4087000
84.3763000
84.3820000
84.3867000
84.4222000
84.4604000
84.4622000
84.4645000
84.4705000
84.4719000
84.4717000
