44.0275720
71.9120000
74.9812649
82.6130088
82.8943124
83.0648411
83.2443058
83.3849915
83.5128461
83.6164204
83.6894204
83.7400481
83.7743229
83.8130700
83.8548153
83.8806456
83.9017057
83.9188582
83.9415268
83.9537152
83.9582459
83.9698245
83.9716875
83.9770110
83.9809487
83.9804705
83.9899796
84.0063631
84.0146845
84.0228285
84.0276090
84.0358941
84.0397408
84.0423884
84.0467773
84.0490362
84.0531817
84.0592383
84.0604745
84.0599934
84.0617285
84.0634767
84.0642061
84.0698793
84.0699782
84.0724559
84.0798970
84.0576996
84.0567830
84.0595278
84.0636794
84.0684095
84.0730614
84.0783343
84.0770157
84.0791158
84.0816253
84.0798460
84.0822853
84.0863386
84.0876163
84.0997488
84.1012756
84.1038299
84.1100721
84.1090586
84.1662055
84.2024891
84.2029821
84.2042460
84.2009760
84.2005977
84.2353820
84.2370226
84.2316403
84.2377734
84.1992873
84.1695903
84.1654309
84.1669999
84.1679344
84.1733551
84.1746508
84.1736890
84.1780092
84.2487681
84.2559007
84.2558249
84.2604584
84.2630589
84.2632348
84.2638588
84.2278978
84.2325259
84.2356518
84.2739914
84.3162164
84.3179757
84.3210459
84.3258065
84.3270855
84.3267888
