5.1489108
0.0000000
1.9321115
0.2005323
0.0320868
0.0304271
0.0311294
0.0267963
0.0246108
0.0207800
0.0104542
0.0144430
0.0215826
0.0207000
0.0170775
0.0210621
0.0195131
0.0241073
0.0222218
0.0224018
0.0255791
0.0240002
0.0279321
0.0298304
0.0299308
0.0295730
0.0282675
0.0234540
0.0216446
0.0214124
0.0237025
0.0204998
0.0207470
0.0240585
0.0234310
0.0230133
0.0229399
0.0233326
0.0171432
0.0185648
0.0197990
0.0182691
0.0230619
0.0235892
0.0289152
0.0318553
0.0321117
0.1260078
0.1250664
0.1243489
0.1228135
0.1188928
0.1215518
0.1251451
0.1201734
0.1159784
0.1164472
0.1175432
0.1261921
0.1286876
0.1313050
0.1694903
0.1642842
0.1638739
0.1633218
0.1662477
0.1966654
0.1995960
0.2013821
0.2022470
0.2081682
0.2116827
0.2121921
0.2119652
0.2080645
0.2080111
0.2213799
0.2183096
0.2205028
0.2229730
0.2204973
0.2193345
0.2248270
0.2300896
0.2303796
0.2298007
0.2292640
0.2290637
0.2285255
0.2312675
0.2338879
0.2336878
0.2394331
0.2411626
0.2437023
0.2391208
0.2326268
0.2326924
0.2314499
0.2334495
0.2336448
0.2338008
