50.4102280
71.9120000
77.3763351
82.8615912
82.9340876
83.1025589
83.2828942
83.4182085
83.5433539
83.6421796
83.7023796
83.7579519
83.8010771
83.8387300
83.8759847
83.9067544
83.9258943
83.9487418
83.9690732
83.9814848
83.9899541
83.9995755
84.0063125
84.0139890
84.0180513
84.0171295
84.0250204
84.0354369
84.0415155
84.0493715
84.0569910
84.0613059
84.0654592
84.0722116
84.0758227
84.0775638
84.0816183
84.0881617
84.0817255
84.0830066
84.0862715
84.0861233
84.0927939
84.0991207
84.1058218
84.1119441
84.1197030
84.2139004
84.2118170
84.2136722
84.2159206
84.2157905
84.2237386
84.2334657
84.2259843
84.2228842
84.2259747
84.2255540
84.2387147
84.2458614
84.2503837
84.3098512
84.3049244
84.3069701
84.3125279
84.3151414
84.4099945
84.4499109
84.4526179
84.4549540
84.4590240
84.4630023
84.4984180
84.4997774
84.4895597
84.4956266
84.4737127
84.4402097
84.4387691
84.4434001
84.4412656
84.4452449
84.4533492
84.4589110
84.4635908
84.5336319
84.5400993
84.5397751
84.5437416
84.5497411
84.5531652
84.5535412
84.5247022
84.5314741
84.5377482
84.5704086
84.6045836
84.6064243
84.6079541
84.6151935
84.6167145
84.6166112
