11.4403333
11.3976667
47.1200000
75.8963333
85.2713333
88.9363333
90.6400000
91.6796667
92.4190000
92.9493333
93.3816667
93.7420000
94.0306667
94.2596667
94.4930000
94.6796667
94.8230000
94.9923333
95.0893333
95.2090000
95.3093333
95.4213333
95.4976667
95.5696667
95.6356667
95.7083333
95.7593333
95.8210000
95.8773333
95.9123333
95.9593333
96.0000000
96.0503333
96.0836667
96.1160000
96.1536667
96.1876667
96.2246667
96.2506667
96.2880000
96.3120000
96.3363333
96.3563333
96.4000000
96.4243333
96.4260000
96.4663333
96.4960000
96.5153333
96.5290000
96.5530000
96.5766667
96.5926667
96.6100000
96.6300000
96.6450000
96.6666667
96.6736667
96.6973333
96.7093333
96.7300000
96.7510000
96.7493333
96.7620000
96.7783333
96.7860000
96.8013333
96.8200000
96.8263333
96.8320000
96.8463333
96.8650000
96.8670000
96.8880000
96.9016667
96.9123333
96.9220000
96.9306667
96.9473333
96.9473333
96.9626667
96.9713333
96.9750000
96.9813333
96.9923333
96.9956667
97.0103333
97.0153333
97.0266667
97.0343333
97.0370000
97.0500000
97.0616667
97.0563333
97.0570000
97.0690000
97.0796667
97.0960000
97.0986667
97.1040000
97.1090000
97.1196667
97.1230000
97.1216667
97.1316667
97.1373333
97.1416667
97.1413333
97.1553333
97.1620000
97.1643333
97.1693333
97.1753333
97.1923333
97.1883333
97.2026667
97.2023333
97.2143333
97.2130000
97.2113333
97.2216667
97.2253333
97.2333333
97.2396667
97.2356667
97.2463333
97.2500000
97.2450000
97.2500000
97.2563333
97.2600000
97.2603333
97.2620000
97.2796667
97.2776667
97.2803333
97.2923333
97.2963333
97.2903333
97.2976667
97.3023333
97.3096667
97.3106667
97.3190000
97.3266667
97.3230000
97.3260000
97.3376667
97.3406667
97.3420000
97.3386667
97.3400000
97.3470000
97.3513333
97.3526667
97.3590000
97.3636667
97.3673333
97.3690000
97.3640000
97.3683333
97.3730000
97.3786667
97.3863333
97.3780000
97.3843333
97.3880000
97.3970000
97.3980000
97.3963333
97.4066667
97.4066667
97.4033333
97.4073333
97.4210000
97.4173333
97.4226667
97.4233333
97.4260000
97.4300000
97.4310000
97.4283333
97.4323333
97.4413333
97.4456667
97.4506667
97.4486667
97.4463333
97.4510000
97.4553333
97.4576667
97.4590000
97.4600000
97.4683333
97.4706667
97.4726667
97.4686667
97.4730000
97.4746667
97.4823333
97.4833333
97.4736667
