10.2968569
10.3455445
29.3738088
67.1956639
81.6358465
87.1320887
89.4615062
90.8121038
91.7152690
92.3186148
92.8549835
93.2936111
93.6269716
93.9105660
94.1641423
94.4168359
94.5782494
94.7671605
94.8861339
95.0293664
95.1310114
95.2528407
95.3327324
95.4274878
95.4913507
95.5753258
95.6185355
95.6910684
95.7346713
95.7836098
95.8370025
95.8709340
95.9262468
95.9474458
95.9815733
96.0214335
96.0578863
96.0938126
96.1227981
96.1546515
96.1821217
96.1992161
96.2299901
96.2799572
96.3074301
96.2971174
96.3454529
96.3815618
96.3990422
96.4065994
96.4239558
96.4581952
96.4754280
96.4863283
96.5115465
96.5204307
96.5429570
96.5555546
96.5727072
96.5857493
96.6142880
96.6321702
96.6218258
96.6315740
96.6616626
96.6807724
96.6901422
96.7059863
96.7158122
96.7186005
96.7313637
96.7580367
96.7620656
96.7823360
96.7901627
96.8063136
96.8179398
96.8227436
96.8435475
96.8366763
96.8612522
96.8643126
96.8743146
96.8787895
96.8959956
96.8888048
96.9150344
96.9099484
96.9275967
96.9422453
96.9425288
96.9493273
96.9671295
96.9582793
96.9562154
96.9799231
96.9900080
96.9961592
97.0002737
97.0160321
97.0122643
97.0327002
97.0340439
97.0281373
97.0378820
97.0391088
97.0413507
97.0507134
97.0611246
97.0646231
97.0733880
97.0741456
97.0782022
97.1048813
97.1073463
97.1128406
97.1156904
97.1362410
97.1353198
97.1322266
97.1444350
97.1416128
97.1491724
97.1618712
97.1613956
97.1681547
97.1753997
97.1699775
97.1840295
97.1817823
97.1794146
97.1800429
97.1865215
97.1997920
97.2005479
97.2033930
97.2103688
97.2196764
97.2120020
97.2187046
97.2266955
97.2252303
97.2268025
97.2376785
97.2530223
97.2457330
97.2496936
97.2591111
97.2612465
97.2670663
97.2678627
97.2625697
97.2720322
97.2751904
97.2781374
97.2807930
97.2864107
97.2929990
97.2860056
97.2944600
97.3005439
97.2962763
97.3006192
97.3196204
97.2991906
97.3204629
97.3162320
97.3342161
97.3245216
97.3259466
97.3369587
97.3365131
97.3339568
97.3312510
97.3463792
97.3431485
97.3496241
97.3513065
97.3488203
97.3587597
97.3551593
97.3573572
97.3564701
97.3630020
97.3767928
97.3831447
97.3701883
97.3783402
97.3776018
97.3786876
97.3838510
97.3836959
97.3826027
97.3937445
97.3965221
97.3951724
97.3968036
97.3972843
97.3966520
97.4065771
97.4130582
97.3965102
