1.3045363
1.2003146
20.2457602
9.9261675
4.1475489
2.0583743
1.3444859
0.9897600
0.8028523
0.7195559
0.6008670
0.5115449
0.4605559
0.3982718
0.3751776
0.2998507
0.2792239
0.2568886
0.2318203
0.2049352
0.2034388
0.1922250
0.1881654
0.1622049
0.1646430
0.1517417
0.1606293
0.1482326
0.1627561
0.1468544
0.1395612
0.1472451
0.1415643
0.1554077
0.1533609
0.1508583
0.1480600
0.1492850
0.1458789
0.1521308
0.1481718
0.1564303
0.1441388
0.1369509
0.1333692
0.1470359
0.1379066
0.1305569
0.1326709
0.1396408
0.1472202
0.1351583
0.1337518
0.1410910
0.1351378
0.1421150
0.1411343
0.1347483
0.1421799
0.1409909
0.1320101
0.1355671
0.1454671
0.1487967
0.1331040
0.1200491
0.1268525
0.1300726
0.1260882
0.1293720
0.1311632
0.1220291
0.1197145
0.1205469
0.1272094
0.1209527
0.1187172
0.1231241
0.1184042
0.1262432
0.1156988
0.1220947
0.1148671
0.1169872
0.1099070
0.1219134
0.1087219
0.1202285
0.1130241
0.1050587
0.1077775
0.1148526
0.1078528
0.1118650
0.1149802
0.1016235
0.1022872
0.1139035
0.1122517
0.1003582
0.1103610
0.0992158
0.1014856
0.1067031
0.1069943
0.1120595
0.1144455
0.1033839
0.1074782
0.1110926
0.1037551
0.1085951
0.1108122
0.0997697
0.0923941
0.1024782
0.0988467
0.0890917
0.0886215
0.0902490
0.0881098
0.0955127
0.0960150
0.0887531
0.0847323
0.0891902
0.0851078
0.0855895
0.0752625
0.0850516
0.0919360
0.0915994
0.0861097
0.0911251
0.0879811
0.0877775
0.0935094
0.0874541
0.0893644
0.0900839
0.0862915
0.0963293
0.0956765
0.0927757
0.0840172
0.0881501
0.0870543
0.0896202
0.0906066
0.0854881
0.0807768
0.0883365
0.0855271
0.0868677
0.0850268
0.0892226
0.0881375
0.0848043
0.0946843
0.0793347
0.0773376
0.0875303
0.0890406
0.0761096
0.0899098
0.0728667
0.0818766
0.0716271
0.0838279
0.0803008
0.0795264
0.0800347
0.0791482
0.0867986
0.0851313
0.0846339
0.0833307
0.0821719
0.0880505
0.0812746
0.0865230
0.0809732
0.0865486
0.0893644
0.0785748
0.0770325
0.0895321
0.0775700
0.0837364
0.0874414
0.0842127
0.0859108
0.0882987
0.0850947
0.0845879
0.0884094
0.0819851
0.0863803
0.0890031
0.0864266
0.0801734
0.0880240
