12.5838098
12.4497888
64.8661912
84.5970028
88.9068202
90.7405780
91.8184938
92.5472296
93.1227310
93.5800519
93.9083498
94.1903889
94.4343618
94.6087673
94.8218577
94.9424974
95.0677506
95.2175062
95.2925328
95.3886336
95.4876553
95.5898260
95.6626009
95.7118456
95.7799827
95.8413408
95.9001311
95.9509316
96.0199954
96.0410569
96.0816641
96.1290660
96.1744199
96.2198875
96.2504267
96.2858998
96.3174470
96.3555207
96.3785352
96.4213485
96.4418783
96.4734506
96.4826766
96.5200428
96.5412366
96.5548826
96.5872138
96.6104382
96.6316245
96.6514006
96.6820442
96.6951382
96.7099053
96.7336717
96.7484535
96.7695693
96.7903763
96.7917788
96.8219595
96.8329173
96.8457120
96.8698298
96.8768408
96.8924260
96.8950041
96.8912276
96.9125244
96.9340137
96.9368545
96.9453995
96.9613029
96.9719633
96.9719344
96.9936640
97.0131706
97.0183530
97.0260602
97.0385897
97.0511192
97.0579903
97.0640812
97.0783540
97.0756854
97.0838771
97.0886711
97.1025285
97.1056323
97.1207182
97.1257366
97.1264214
97.1314712
97.1506727
97.1562038
97.1543873
97.1577846
97.1580769
97.1693253
97.1958408
97.1970596
97.1919679
97.2057357
97.2066332
97.2119561
97.2151961
97.2254513
97.2355578
97.2419826
97.2319533
97.2495421
97.2593769
97.2552786
97.2645211
97.2724645
97.2797854
97.2693203
97.2924928
97.2889763
97.2924257
97.2906802
97.2904401
97.2988983
97.3090539
97.3174942
97.3174622
97.3099378
97.3245120
97.3246003
97.3200225
97.3159705
97.3308844
97.3405854
97.3406237
97.3374785
97.3595413
97.3547855
97.3572737
97.3742979
97.3729902
97.3686647
97.3766287
97.3779712
97.3941030
97.3945309
97.4003215
97.4003110
97.4002670
97.4023064
97.4162222
97.4200869
97.4169337
97.4094706
97.4174303
97.4219678
97.4274762
97.4271959
97.4372070
97.4409226
97.4416676
97.4519944
97.4335400
97.4361228
97.4497237
97.4567142
97.4530463
97.4568094
97.4482038
97.4597680
97.4597839
97.4714784
97.4667201
97.4763746
97.4768202
97.4727098
97.4834157
97.4956208
97.4915182
97.4957092
97.4953602
97.5031797
97.5012403
97.5068407
97.4993095
97.5081966
97.5196647
97.5145405
97.5181886
97.5271450
97.5143265
97.5243982
97.5319791
97.5314823
97.5343041
97.5373973
97.5429221
97.5448112
97.5501609
97.5405298
97.5487157
97.5526813
97.5580896
97.5536084
97.5508231
