272.5848748
21.6580632
0.0000130
0.0000137
0.0000135
0.0000133
0.0000129
0.0000121
0.0000133
0.0000147
0.0000178
0.0000217
0.0000431
0.0000680
0.0001174
0.0001622
0.0002120
0.0002274
0.0002748
0.0003041
0.0003052
0.0003503
0.0003517
0.0003829
0.0003873
0.0003858
0.0004027
0.0003708
0.0004026
0.0004144
0.0003993
0.0004267
0.0004271
0.0004641
0.0004230
0.0004063
0.0004191
0.0004110
0.0004748
0.0004252
0.0004079
0.0004673
0.0004458
0.0004563
0.0004460
0.0004487
0.0004438
0.0004295
0.0004381
0.0004439
0.0003957
0.0004361
0.0004661
0.0004022
0.0004057
0.0004178
0.0004527
0.0004580
0.0004663
0.0004852
0.0003889
0.0004288
0.0004181
0.0004189
0.0004003
0.0004344
0.0004008
0.0004002
0.0004129
0.0004104
0.0004131
0.0004015
0.0004052
0.0004120
0.0003912
0.0004213
0.0004175
0.0004070
0.0004176
0.0004007
0.0004487
0.0003864
0.0003706
0.0003932
0.0003791
0.0004314
0.0004140
0.0003860
0.0003927
0.0004025
0.0004033
0.0003928
0.0004270
0.0003731
0.0004334
0.0004048
0.0003972
0.0004200
0.0003897
0.0003909
0.0004053
0.0004062
0.0004600
0.0004410
0.0004030
0.0004194
0.0004047
0.0003963
0.0004109
0.0003864
0.0003877
0.0004068
0.0003971
0.0003948
0.0003672
0.0003966
0.0004484
0.0003580
0.0004005
0.0004039
0.0004081
0.0004240
0.0004084
0.0004144
0.0003707
0.0003820
0.0004226
0.0003853
0.0003966
0.0003917
0.0004006
0.0003778
0.0003619
0.0004472
0.0003646
0.0003778
0.0003693
0.0003996
0.0003978
0.0003754
0.0004501
0.0003868
0.0003791
0.0004218
0.0003944
0.0003683
0.0003890
0.0003898
0.0004193
0.0004173
0.0003262
0.0003846
0.0003775
0.0003951
0.0004447
0.0003796
0.0003756
0.0003714
0.0003747
0.0003843
0.0004028
0.0004481
0.0004122
0.0003938
0.0003802
0.0003778
0.0003550
0.0003998
0.0004152
0.0004276
0.0003918
0.0004127
0.0003742
0.0003631
0.0003718
0.0003974
0.0003569
0.0003941
0.0003691
0.0003914
0.0003683
0.0003922
0.0003947
0.0004000
0.0003569
0.0004249
0.0003940
0.0004135
0.0004350
0.0003620
0.0004183
0.0003811
0.0004389
0.0003516
0.0004362
0.0003970
0.0004616
0.0003280
0.0004235
0.0003715
0.0003544
0.0004079
