272.1885857
21.5889599
0.0000119
0.0000122
0.0000127
0.0000111
0.0000109
0.0000107
0.0000120
0.0000131
0.0000147
0.0000138
0.0000196
0.0000292
0.0000669
0.0001025
0.0001516
0.0001902
0.0002103
0.0002920
0.0002805
0.0003260
0.0003271
0.0003428
0.0003430
0.0003617
0.0003628
0.0003475
0.0003729
0.0003816
0.0003493
0.0003782
0.0003656
0.0004216
0.0003916
0.0003728
0.0003912
0.0003882
0.0004170
0.0004136
0.0003808
0.0004321
0.0003728
0.0004042
0.0004068
0.0003818
0.0004193
0.0004025
0.0004007
0.0003869
0.0003698
0.0003791
0.0004310
0.0003878
0.0003748
0.0003669
0.0004021
0.0003858
0.0004246
0.0004222
0.0003711
0.0003834
0.0003543
0.0003645
0.0003606
0.0004049
0.0003603
0.0003280
0.0003856
0.0003793
0.0003524
0.0003493
0.0003703
0.0003661
0.0003477
0.0003784
0.0003645
0.0003824
0.0003720
0.0003617
0.0003861
0.0003630
0.0003361
0.0003818
0.0003521
0.0004011
0.0003682
0.0003551
0.0003542
0.0003574
0.0003683
0.0003628
0.0003676
0.0003253
0.0004137
0.0003897
0.0003671
0.0003675
0.0003221
0.0003360
0.0003693
0.0003824
0.0004097
0.0003717
0.0003438
0.0003504
0.0003339
0.0003413
0.0003874
0.0003707
0.0003629
0.0003539
0.0003494
0.0003322
0.0003309
0.0003586
0.0003699
0.0003342
0.0003559
0.0003456
0.0003476
0.0003642
0.0003485
0.0003813
0.0003338
0.0003625
0.0003821
0.0003510
0.0003355
0.0003621
0.0003568
0.0003392
0.0003282
0.0004206
0.0003291
0.0003331
0.0003185
0.0003634
0.0003599
0.0003124
0.0004204
0.0003438
0.0003169
0.0003719
0.0003763
0.0003107
0.0003524
0.0003219
0.0003701
0.0003344
0.0003013
0.0003122
0.0003011
0.0003785
0.0004056
0.0003361
0.0003557
0.0002999
0.0003296
0.0003353
0.0003502
0.0003148
0.0003639
0.0003632
0.0003406
0.0003337
0.0003257
0.0003709
0.0003413
0.0004019
0.0003301
0.0003496
0.0003479
0.0003320
0.0003437
0.0003333
0.0003444
0.0003564
0.0003395
0.0003119
0.0003167
0.0003607
0.0003405
0.0003491
0.0003110
0.0003667
0.0003329
0.0003811
0.0003850
0.0003076
0.0003486
0.0003364
0.0004048
0.0003167
0.0003960
0.0003439
0.0003827
0.0002881
0.0003609
0.0003337
0.0002937
0.0003525
