0.4521068
0.0788365
0.0000012
0.0000017
0.0000009
0.0000026
0.0000022
0.0000016
0.0000015
0.0000018
0.0000035
0.0000090
0.0000268
0.0000442
0.0000577
0.0000681
0.0000689
0.0000425
0.0000736
0.0000138
0.0000282
0.0000277
0.0000281
0.0000457
0.0000506
0.0000275
0.0000455
0.0000265
0.0000339
0.0000375
0.0000570
0.0000554
0.0000701
0.0000485
0.0000358
0.0000382
0.0000318
0.0000260
0.0000659
0.0000132
0.0000309
0.0000402
0.0000833
0.0000594
0.0000447
0.0000763
0.0000279
0.0000308
0.0000427
0.0000650
0.0000296
0.0000650
0.0000400
0.0000164
0.0000352
0.0000581
0.0000578
0.0000824
0.0000475
0.0000718
0.0000203
0.0000518
0.0000728
0.0000620
0.0000453
0.0000337
0.0000462
0.0000824
0.0000311
0.0000355
0.0000692
0.0000595
0.0000399
0.0000524
0.0000496
0.0000489
0.0000605
0.0000280
0.0000521
0.0000445
0.0000714
0.0000267
0.0000394
0.0000130
0.0000307
0.0000345
0.0000522
0.0000353
0.0000439
0.0000514
0.0000399
0.0000342
0.0000677
0.0000545
0.0000225
0.0000172
0.0000343
0.0000598
0.0000771
0.0000626
0.0000411
0.0000272
0.0000574
0.0000791
0.0000675
0.0000788
0.0000808
0.0000627
0.0000268
0.0000179
0.0000284
0.0000603
0.0000543
0.0000714
0.0000415
0.0000433
0.0000896
0.0000271
0.0000509
0.0000665
0.0000690
0.0000682
0.0000683
0.0000378
0.0000421
0.0000222
0.0000461
0.0000391
0.0000697
0.0000338
0.0000499
0.0000441
0.0000385
0.0000303
0.0000404
0.0000510
0.0000579
0.0000414
0.0000433
0.0000719
0.0000339
0.0000491
0.0000710
0.0000569
0.0000206
0.0000657
0.0000417
0.0000774
0.0000562
0.0000946
0.0000284
0.0000827
0.0000872
0.0000190
0.0000446
0.0000497
0.0000228
0.0000816
0.0000514
0.0000559
0.0000601
0.0001521
0.0000551
0.0000349
0.0000452
0.0000504
0.0000334
0.0000330
0.0000843
0.0000293
0.0000703
0.0000720
0.0000301
0.0000355
0.0000321
0.0000731
0.0000142
0.0000430
0.0000337
0.0000907
0.0000589
0.0000359
0.0000619
0.0000581
0.0000523
0.0000664
0.0000698
0.0000370
0.0000570
0.0000621
0.0000794
0.0000510
0.0000389
0.0000399
0.0000458
0.0000606
0.0000900
0.0000455
0.0000715
0.0000431
0.0000692
0.0000632
