272.9811639
21.7271664
0.0000141
0.0000152
0.0000143
0.0000156
0.0000148
0.0000135
0.0000146
0.0000163
0.0000209
0.0000296
0.0000666
0.0001067
0.0001680
0.0002219
0.0002724
0.0002647
0.0003393
0.0003161
0.0003300
0.0003746
0.0003763
0.0004230
0.0004317
0.0004099
0.0004426
0.0003940
0.0004323
0.0004473
0.0004492
0.0004753
0.0004885
0.0005066
0.0004544
0.0004399
0.0004470
0.0004337
0.0005325
0.0004368
0.0004349
0.0005025
0.0005189
0.0005084
0.0004852
0.0005156
0.0004682
0.0004564
0.0004755
0.0005009
0.0004216
0.0004931
0.0005012
0.0004165
0.0004365
0.0004687
0.0005033
0.0005303
0.0005079
0.0005481
0.0004067
0.0004742
0.0004819
0.0004732
0.0004400
0.0004639
0.0004412
0.0004724
0.0004402
0.0004415
0.0004737
0.0004536
0.0004402
0.0004580
0.0004347
0.0004642
0.0004705
0.0004316
0.0004633
0.0004397
0.0005113
0.0004097
0.0004052
0.0004045
0.0004060
0.0004616
0.0004598
0.0004169
0.0004312
0.0004476
0.0004383
0.0004227
0.0004863
0.0004208
0.0004531
0.0004199
0.0004272
0.0004724
0.0004573
0.0004457
0.0004413
0.0004300
0.0005103
0.0005104
0.0004621
0.0004884
0.0004756
0.0004512
0.0004344
0.0004021
0.0004126
0.0004597
0.0004447
0.0004574
0.0004035
0.0004346
0.0005269
0.0003818
0.0004451
0.0004622
0.0004685
0.0004837
0.0004682
0.0004476
0.0004076
0.0004014
0.0004630
0.0004195
0.0004577
0.0004213
0.0004444
0.0004165
0.0003956
0.0004738
0.0004000
0.0004225
0.0004200
0.0004359
0.0004357
0.0004384
0.0004798
0.0004299
0.0004414
0.0004717
0.0004124
0.0004258
0.0004256
0.0004576
0.0004685
0.0005003
0.0003511
0.0004571
0.0004539
0.0004117
0.0004838
0.0004232
0.0003956
0.0004430
0.0004197
0.0004333
0.0004555
0.0005815
0.0004606
0.0004244
0.0004199
0.0004219
0.0003842
0.0004288
0.0004892
0.0004532
0.0004534
0.0004758
0.0004005
0.0003942
0.0004000
0.0004615
0.0003693
0.0004317
0.0003986
0.0004709
0.0004200
0.0004237
0.0004490
0.0004509
0.0004027
0.0004831
0.0004552
0.0004459
0.0004850
0.0004164
0.0004879
0.0004259
0.0004730
0.0003866
0.0004763
0.0004501
0.0005405
0.0003679
0.0004862
0.0004093
0.0004150
0.0004634
