0.6961949
0.8692508
0.4918427
0.4322744
0.4160832
0.4070686
0.4008330
0.3963102
0.3929294
0.3903613
0.3883561
0.3867811
0.3854937
0.3844218
0.3834888
0.3826715
0.3819405
0.3812771
0.3806765
0.3801337
0.3796254
0.3791445
0.3786681
0.3782173
0.3777906
0.3773830
0.3769949
0.3766298
0.3762791
0.3759385
0.3756118
0.3753007
0.3749956
0.3746954
0.3743906
0.3740937
0.3738091
0.3735340
0.3732577
0.3729869
0.3727239
0.3724678
0.3722084
0.3719568
0.3717151
0.3714814
0.3712417
0.3710079
0.3707794
0.3705551
0.3703276
0.3701092
0.3699001
0.3696981
0.3694996
0.3693121
0.3691278
0.3689438
0.3687554
0.3685726
0.3683934
0.3682164
0.3680320
0.3678489
0.3676708
0.3674978
0.3673287
0.3671680
0.3670093
0.3668513
0.3666877
0.3665250
0.3663642
0.3662064
0.3660523
0.3659079
0.3657649
0.3656224
0.3654658
0.3653171
0.3651695
0.3650231
0.3648752
0.3647320
0.3645928
0.3644566
0.3643134
0.3641689
0.3640263
0.3638865
0.3637434
0.3636030
0.3634650
0.3633290
0.3631896
0.3630517
0.3629168
0.3627846
0.3626560
0.3625318
0.3624105
0.3622910
