0.6922449
0.8183171
0.4862959
0.4306248
0.4150790
0.4063478
0.4001942
0.3957337
0.3924073
0.3898777
0.3878912
0.3863279
0.3850473
0.3839785
0.3830515
0.3822370
0.3815030
0.3808321
0.3802347
0.3796909
0.3791739
0.3786804
0.3781867
0.3777179
0.3772740
0.3768498
0.3764490
0.3760726
0.3757093
0.3753556
0.3750123
0.3746835
0.3743613
0.3740446
0.3737239
0.3734081
0.3731065
0.3728151
0.3725145
0.3722173
0.3719301
0.3716518
0.3713856
0.3711353
0.3708917
0.3706524
0.3703965
0.3701386
0.3698847
0.3696358
0.3693873
0.3691500
0.3689215
0.3686999
0.3684863
0.3682857
0.3680854
0.3678837
0.3676736
0.3674673
0.3672640
0.3670632
0.3668556
0.3666522
0.3664549
0.3662633
0.3660756
0.3658975
0.3657228
0.3655492
0.3653696
0.3651899
0.3650121
0.3648373
0.3646657
0.3645034
0.3643438
0.3641852
0.3640159
0.3638536
0.3636937
0.3635357
0.3633748
0.3632176
0.3630634
0.3629120
0.3627553
0.3625991
0.3624450
0.3622939
0.3621384
0.3619856
0.3618340
0.3616835
0.3615274
0.3613734
0.3612224
0.3610747
0.3609333
0.3607965
0.3606627
0.3605302
