0.0063729
0.0821768
0.0089492
0.0026615
0.0016202
0.0011629
0.0010306
0.0009301
0.0008424
0.0007804
0.0007501
0.0007312
0.0007202
0.0007153
0.0007054
0.0007010
0.0007059
0.0007179
0.0007127
0.0007144
0.0007286
0.0007489
0.0007766
0.0008057
0.0008335
0.0008603
0.0008807
0.0008989
0.0009194
0.0009404
0.0009673
0.0009958
0.0010234
0.0010500
0.0010758
0.0011061
0.0011335
0.0011599
0.0011991
0.0012417
0.0012807
0.0013166
0.0013276
0.0013254
0.0013285
0.0013376
0.0013637
0.0014025
0.0014435
0.0014833
0.0015170
0.0015477
0.0015789
0.0016106
0.0016349
0.0016560
0.0016818
0.0017104
0.0017454
0.0017833
0.0018223
0.0018606
0.0018981
0.0019307
0.0019617
0.0019918
0.0020219
0.0020497
0.0020758
0.0021008
0.0021266
0.0021541
0.0021815
0.0022089
0.0022372
0.0022660
0.0022928
0.0023188
0.0023393
0.0023612
0.0023810
0.0023998
0.0024208
0.0024434
0.0024674
0.0024921
0.0025140
0.0025328
0.0025512
0.0025695
0.0025895
0.0026095
0.0026314
0.0026549
0.0026817
0.0027078
0.0027337
0.0027588
0.0027794
0.0027998
0.0028200
0.0028408
