0.7001449
0.9201845
0.4973895
0.4339240
0.4170874
0.4077894
0.4014718
0.3968867
0.3934516
0.3908450
0.3888211
0.3872344
0.3859401
0.3848652
0.3839260
0.3831059
0.3823780
0.3817220
0.3811183
0.3805765
0.3800770
0.3796087
0.3791494
0.3787167
0.3783072
0.3779162
0.3775407
0.3771869
0.3768489
0.3765214
0.3762114
0.3759179
0.3756299
0.3753463
0.3750574
0.3747793
0.3745116
0.3742530
0.3740008
0.3737565
0.3735177
0.3732839
0.3730313
0.3727783
0.3725386
0.3723105
0.3720869
0.3718772
0.3716741
0.3714745
0.3712678
0.3710685
0.3708787
0.3706964
0.3705129
0.3703385
0.3701702
0.3700039
0.3698372
0.3696780
0.3695229
0.3693696
0.3692085
0.3690456
0.3688866
0.3687324
0.3685819
0.3684384
0.3682959
0.3681534
0.3680058
0.3678602
0.3677163
0.3675754
0.3674389
0.3673123
0.3671860
0.3670596
0.3669157
0.3667806
0.3666453
0.3665105
0.3663757
0.3662464
0.3661221
0.3660012
0.3658716
0.3657387
0.3656075
0.3654791
0.3653484
0.3652204
0.3650959
0.3649745
0.3648517
0.3647300
0.3646111
0.3644946
0.3643787
0.3642671
0.3641584
0.3640518
