11.4403333
13.0286667
91.8130000
94.0040000
94.9716667
95.5126667
95.8946667
96.1573333
96.3480000
96.5003333
96.6206667
96.7016667
96.7863333
96.8573333
96.9266667
96.9706667
97.0276667
97.0593333
97.0980000
97.1390000
97.1563333
97.2043333
97.2260000
97.2526667
97.2960000
97.3123333
97.3456667
97.3813333
97.4060000
97.4300000
97.4410000
97.4663333
97.4850000
97.4866667
97.4930000
97.5046667
97.5256667
97.5473333
97.5590000
97.5823333
97.5773333
97.5986667
97.6146667
97.6216667
97.6316667
97.6276667
97.6420000
97.6413333
97.6500000
97.6473333
97.6456667
97.6546667
97.6673333
97.6640000
97.6836667
97.6843333
97.6796667
97.6903333
97.7063333
97.7233333
97.7393333
97.7300000
97.7440000
97.7446667
97.7450000
97.7333333
97.7256667
97.7240000
97.7360000
97.7526667
97.7626667
97.7576667
97.7750000
97.7780000
97.7976667
97.8053333
97.8043333
97.8003333
97.8010000
97.8030000
97.8116667
97.8116667
97.8133333
97.8363333
97.8360000
97.8340000
97.8320000
97.8216667
97.8196667
97.8210000
97.8283333
97.8336667
97.8373333
97.8463333
97.8516667
97.8473333
97.8520000
97.8626667
97.8656667
97.8620000
97.8616667
97.8786667
97.8840000
97.8936667
97.8966667
97.8860000
97.8673333
97.8456667
97.8430000
97.8560000
97.8573333
97.8553333
97.8756667
97.8723333
97.8820000
97.8890000
97.8736667
97.8806667
97.9073333
97.8853333
97.8740000
97.8686667
97.8500000
97.8743333
97.8850000
97.8933333
97.8856667
97.8943333
97.9173333
97.9226667
97.9363333
97.9536667
97.9643333
97.9663333
97.9646667
97.9456667
97.9220000
97.9006667
97.9020000
97.9103333
97.9260000
97.9433333
97.9526667
97.9506667
97.9713333
97.9850000
97.9810000
97.9736667
97.9643333
97.9610000
97.9466667
97.9383333
97.9436667
97.9693333
97.9666667
97.9643333
97.9753333
97.9770000
97.9806667
97.9863333
97.9790000
97.9746667
97.9543333
97.9226667
97.9216667
97.9170000
97.9263333
97.9396667
97.9416667
97.9426667
97.9383333
97.9486667
97.9573333
97.9713333
97.9810000
97.9870000
98.0040000
97.9956667
97.9926667
97.9943333
98.0000000
97.9916667
97.9990000
97.9896667
97.9910000
97.9883333
97.9693333
97.9736667
97.9796667
97.9833333
97.9873333
97.9960000
98.0203333
98.0310000
98.0463333
98.0463333
98.0130000
98.0100000
98.0133333
98.0226667
98.0353333
98.0546667
