10.2968569
9.8791233
90.8112568
93.3622832
94.4254120
95.0137710
95.4692775
95.7619435
95.9906351
96.1636398
96.3064852
96.4080255
96.5211550
96.6111912
96.6827396
96.7501193
96.7986240
96.8362554
96.8884288
96.9387076
96.9612099
97.0071141
97.0355030
97.0713491
97.1148567
97.1305479
97.1685239
97.2163763
97.2284240
97.2528298
97.2594589
97.2717927
97.3154956
97.3184311
97.3307380
97.3342295
97.3616381
97.3882910
97.4059983
97.4304798
97.4235275
97.4540410
97.4886041
97.4787284
97.4871072
97.4892229
97.5117869
97.5194997
97.5312262
97.5386103
97.5328627
97.5350392
97.5404534
97.5394115
97.5545365
97.5679021
97.5548906
97.5479684
97.5768961
97.6047934
97.6287883
97.6161174
97.6215402
97.6276985
97.6087679
97.5900730
97.5842820
97.5917662
97.6219579
97.6256892
97.6380508
97.6389878
97.6442256
97.6507042
97.6837668
97.7019645
97.6913025
97.7003225
97.7067133
97.7128192
97.7051553
97.7019728
97.7075700
97.7387375
97.7374458
97.7307212
97.7140904
97.7143170
97.7152338
97.7078748
97.7210195
97.7191211
97.7257965
97.7397362
97.7466282
97.7345104
97.7379174
97.7567275
97.7738990
97.7605064
97.7695073
97.7776283
97.7789876
97.7920974
97.8022606
97.7798073
97.7541176
97.7190595
97.7212856
97.7415506
97.7481129
97.7589832
97.7761385
97.7757787
97.7764128
97.7929062
97.7633311
97.7632825
97.7903316
97.7748083
97.7894111
97.7696898
97.7564888
97.7818799
97.7727939
97.7851993
97.7622347
97.7839505
97.8193569
97.8239351
97.8310619
97.8539979
97.8663481
97.8656971
97.8685605
97.8383743
97.8142123
97.7659069
97.7585479
97.8050943
97.8415930
97.8635785
97.8664534
97.8618873
97.8900917
97.8967492
97.8874496
97.8861229
97.8779223
97.8742291
97.8777284
97.8572621
97.8596814
97.8962265
97.8831013
97.8766668
97.8872355
97.9063046
97.9143696
97.9268377
97.9152365
97.9099214
97.8512946
97.7571150
97.7619724
97.7511578
97.7681986
97.8080710
97.8124982
97.8131563
97.8157571
97.8330086
97.8634232
97.8780168
97.8822727
97.9052868
97.9225421
97.9080050
97.8953064
97.9074493
97.9110890
97.8866160
97.8986815
97.8763763
97.8788449
97.8717028
97.8733952
97.8860888
97.9035798
97.9070415
97.9067024
97.9039630
97.9411888
97.9533352
97.9635872
97.9592638
97.9135628
97.9184307
97.9161249
97.9237882
97.9294958
97.9528372
