1.3045363
3.5931598
1.1428397
0.7321032
0.6231952
0.5691657
0.4853056
0.4510809
0.4077001
0.3841172
0.3584342
0.3350008
0.3025290
0.2808115
0.2782844
0.2516117
0.2613036
0.2544986
0.2390895
0.2285038
0.2226068
0.2249978
0.2173287
0.2068564
0.2066575
0.2073901
0.2020935
0.1881914
0.2025877
0.2021248
0.2071113
0.2219419
0.1933793
0.1919317
0.1851168
0.1944434
0.1871322
0.1814436
0.1745521
0.1732423
0.1754695
0.1649963
0.1438186
0.1630712
0.1649209
0.1579437
0.1485538
0.1389940
0.1355032
0.1240367
0.1286926
0.1364771
0.1447511
0.1421369
0.1473182
0.1328307
0.1423509
0.1624172
0.1476685
0.1352364
0.1261155
0.1299231
0.1397084
0.1334433
0.1554206
0.1634387
0.1612989
0.1508590
0.1301051
0.1448624
0.1421681
0.1353949
0.1491941
0.1452255
0.1299427
0.1179284
0.1289513
0.1140974
0.1075670
0.1028829
0.1215136
0.1251444
0.1206602
0.1113423
0.1124357
0.1178257
0.1345172
0.1224700
0.1191423
0.1290590
0.1224291
0.1306794
0.1272469
0.1216114
0.1198332
0.1287142
0.1301512
0.1208608
0.1046932
0.1157891
0.1051401
0.1152697
0.1198035
0.1158754
0.1077033
0.1211500
0.1291623
0.1444399
0.1388580
0.1305697
0.1246043
0.1099212
0.1135469
0.1101544
0.1204593
0.1096287
0.1258765
0.1339179
0.1334816
0.1260926
0.0965033
0.1129179
0.1066823
0.1054756
0.1280104
0.1233649
0.1408175
0.1259303
0.1117766
0.1126381
0.1200990
0.1137072
0.1117865
0.1148110
0.1096429
0.1224046
0.1229697
0.1537408
0.1636575
0.1200620
0.0962958
0.0909884
0.0983565
0.1012840
0.0926847
0.1006810
0.1067271
0.0998744
0.0985822
0.0989927
0.0786483
0.0924902
0.0958146
0.0834040
0.0953357
0.1000144
0.1005065
0.0806529
0.0756351
0.0678757
0.0727446
0.0738647
0.1175519
0.1888697
0.1821873
0.1892012
0.1804082
0.1501311
0.1473620
0.1477520
0.1398412
0.1319486
0.1071375
0.1064602
0.1126331
0.0932226
0.0929313
0.1000089
0.1110735
0.0991217
0.1014342
0.1198471
0.1144484
0.1292474
0.1279522
0.1330580
0.1094512
0.0999133
0.0868037
0.0870377
0.0919879
0.1050005
0.0902921
0.0886040
0.0944010
0.0993333
0.1134431
0.1044669
0.1109004
0.1128056
0.1207449
0.1161723
