12.5838098
16.1782101
92.8147432
94.6457168
95.5179213
96.0115624
96.3200558
96.5527232
96.7053649
96.8370269
96.9348481
96.9953078
97.0515117
97.1034755
97.1705937
97.1912140
97.2567093
97.2824112
97.3075712
97.3392924
97.3514568
97.4015526
97.4164970
97.4339843
97.4771433
97.4941188
97.5228094
97.5462904
97.5835760
97.6071702
97.6225411
97.6608740
97.6545044
97.6549022
97.6552620
97.6751038
97.6896952
97.7063757
97.7120017
97.7341869
97.7311392
97.7432923
97.7407292
97.7646049
97.7762262
97.7661105
97.7722131
97.7631670
97.7687738
97.7560563
97.7584707
97.7742941
97.7942133
97.7885885
97.8127968
97.8007646
97.8044427
97.8326982
97.8357705
97.8418733
97.8498784
97.8438826
97.8664598
97.8616349
97.8812321
97.8765937
97.8670514
97.8562338
97.8500421
97.8796441
97.8872825
97.8763455
97.9057744
97.9052958
97.9115665
97.9087021
97.9173642
97.9003441
97.8952867
97.8931808
97.9181780
97.9213605
97.9190967
97.9339292
97.9345542
97.9372788
97.9499096
97.9290163
97.9240995
97.9341252
97.9356472
97.9482122
97.9488702
97.9529304
97.9567051
97.9601563
97.9660826
97.9686058
97.9574343
97.9634936
97.9538260
97.9797050
97.9890124
97.9952359
97.9910728
97.9921927
97.9805490
97.9722738
97.9647144
97.9704494
97.9665538
97.9516835
97.9751949
97.9688880
97.9875872
97.9850938
97.9840023
97.9980509
98.0243351
97.9958583
97.9585889
97.9676435
97.9435112
97.9667868
97.9972061
98.0014674
98.0090986
98.0047161
98.0153098
98.0213983
98.0416048
98.0533354
98.0623185
98.0669696
98.0607729
98.0529590
98.0297877
98.0354264
98.0454521
98.0155723
98.0104070
98.0230882
98.0388799
98.0394460
98.0525750
98.0732508
98.0745504
98.0612104
98.0507444
98.0477709
98.0156049
98.0194046
98.0276519
98.0424401
98.0502321
98.0519999
98.0634312
98.0476954
98.0469637
98.0458290
98.0427635
98.0394120
98.0573721
98.0882183
98.0813609
98.0828422
98.0844681
98.0712623
98.0708351
98.0721770
98.0609095
98.0643248
98.0512435
98.0646498
98.0797273
98.0687132
98.0854579
98.0833283
98.0900269
98.0812173
98.0889110
98.0967173
98.0993185
98.1029570
98.1031551
98.1049639
98.0652715
98.0612445
98.0557535
98.0596252
98.0679643
98.0880370
98.0994779
98.1086648
98.1290795
98.1334028
98.1124372
98.1015693
98.1105418
98.1215452
98.1411709
98.1564962
