0.6890064
0.5728555
0.5395168
0.5127698
0.4637003
0.4187683
0.3924422
0.3778211
0.3687624
0.3624633
0.3577799
0.3541589
0.3512598
0.3489019
0.3469492
0.3453005
0.3438896
0.3426676
0.3416038
0.3406699
0.3398446
0.3391059
0.3384439
0.3378451
0.3372993
0.3367982
0.3363384
0.3359138
0.3355205
0.3351547
0.3348132
0.3344939
0.3341950
0.3339148
0.3336518
0.3334034
0.3331686
0.3329467
0.3327367
0.3325377
0.3323488
0.3321690
0.3319977
0.3318349
0.3316798
0.3315315
0.3313900
0.3312550
0.3311259
0.3310023
0.3308839
0.3307704
0.3306616
0.3305571
0.3304568
0.3303603
0.3302670
0.3301770
0.3300907
0.3300074
0.3299268
0.3298489
0.3297739
0.3297015
0.3296312
0.3295631
0.3294975
0.3294341
0.3293727
0.3293134
0.3292558
0.3292001
0.3291462
0.3290937
0.3290425
0.3289929
0.3289449
0.3288984
0.3288531
0.3288089
0.3287661
0.3287242
0.3286834
0.3286437
0.3286050
0.3285673
0.3285309
0.3284955
0.3284611
0.3284277
0.3283950
0.3283629
0.3283315
0.3283008
0.3282709
0.3282416
0.3282128
0.3281849
0.3281577
0.3281310
0.3281049
0.3280793
