0.6999676
1.0222139
0.4988829
0.4343068
0.4168448
0.4075462
0.4011394
0.3965043
0.3930738
0.3903916
0.3883198
0.3866552
0.3853035
0.3841920
0.3832239
0.3823950
0.3816126
0.3809236
0.3802947
0.3796794
0.3791737
0.3786654
0.3781811
0.3777227
0.3772986
0.3768920
0.3765248
0.3761444
0.3757653
0.3754066
0.3750443
0.3747458
0.3744496
0.3741510
0.3738739
0.3735847
0.3732967
0.3730064
0.3727464
0.3724925
0.3722330
0.3719856
0.3717265
0.3714822
0.3712487
0.3710178
0.3707947
0.3705724
0.3703539
0.3701379
0.3699258
0.3697222
0.3695195
0.3693267
0.3691328
0.3689417
0.3687631
0.3685886
0.3683938
0.3682012
0.3680235
0.3678370
0.3676525
0.3674713
0.3672978
0.3671319
0.3669601
0.3667938
0.3666211
0.3664671
0.3663057
0.3661580
0.3660200
0.3658709
0.3657299
0.3655816
0.3654341
0.3652948
0.3651551
0.3650076
0.3648638
0.3647297
0.3645983
0.3644553
0.3643228
0.3641973
0.3640631
0.3639228
0.3637774
0.3636452
0.3635149
0.3633909
0.3632750
0.3631593
0.3630497
0.3629348
0.3628113
0.3626912
0.3625736
0.3624610
0.3623496
0.3622418
