0.6962834
0.9575445
0.4895066
0.4314823
0.4155799
0.4066912
0.4004933
0.3960081
0.3927093
0.3900893
0.3880865
0.3864403
0.3850622
0.3839156
0.3829129
0.3820822
0.3812972
0.3806034
0.3799509
0.3793158
0.3787779
0.3782395
0.3777528
0.3772934
0.3768432
0.3764109
0.3760190
0.3756316
0.3752434
0.3748693
0.3744993
0.3741784
0.3738723
0.3735625
0.3732697
0.3729688
0.3726640
0.3723712
0.3720890
0.3718233
0.3715451
0.3712865
0.3710187
0.3707567
0.3705070
0.3702631
0.3700243
0.3697937
0.3695597
0.3693362
0.3691146
0.3689024
0.3686844
0.3684709
0.3682599
0.3680503
0.3678548
0.3676676
0.3674682
0.3672681
0.3670763
0.3668821
0.3666829
0.3664874
0.3663079
0.3661258
0.3659431
0.3657745
0.3656012
0.3654416
0.3652767
0.3651209
0.3649761
0.3648174
0.3646666
0.3645074
0.3643485
0.3641963
0.3640457
0.3638960
0.3637480
0.3636003
0.3634627
0.3633160
0.3631797
0.3630484
0.3629103
0.3627596
0.3626101
0.3624697
0.3623301
0.3621928
0.3620635
0.3619360
0.3618129
0.3616864
0.3615577
0.3614337
0.3613056
0.3611817
0.3610589
0.3609447
