0.0059442
0.1043380
0.0151278
0.0045571
0.0020409
0.0013795
0.0010423
0.0008007
0.0005881
0.0004877
0.0003764
0.0003468
0.0003893
0.0004460
0.0005018
0.0005046
0.0005089
0.0005165
0.0005547
0.0005867
0.0006385
0.0006872
0.0006910
0.0006927
0.0007347
0.0007762
0.0008160
0.0008274
0.0008421
0.0008669
0.0008793
0.0009154
0.0009315
0.0009496
0.0009748
0.0009938
0.0010208
0.0010248
0.0010607
0.0010798
0.0011098
0.0011279
0.0011420
0.0011705
0.0011966
0.0012176
0.0012429
0.0012564
0.0012813
0.0012934
0.0013089
0.0013226
0.0013475
0.0013808
0.0014082
0.0014383
0.0014655
0.0014859
0.0014934
0.0015055
0.0015281
0.0015407
0.0015644
0.0015875
0.0015972
0.0016233
0.0016408
0.0016446
0.0016455
0.0016546
0.0016603
0.0016732
0.0016843
0.0016998
0.0017156
0.0017330
0.0017515
0.0017723
0.0017900
0.0017935
0.0018003
0.0018222
0.0018322
0.0018382
0.0018442
0.0018537
0.0018599
0.0018767
0.0018834
0.0018966
0.0019115
0.0019331
0.0019545
0.0019737
0.0019954
0.0020143
0.0020226
0.0020288
0.0020458
0.0020640
0.0020825
0.0020927
