0.7036519
1.0868833
0.5082592
0.4371313
0.4181098
0.4084012
0.4017854
0.3970006
0.3934383
0.3906939
0.3885531
0.3868701
0.3855448
0.3844685
0.3835350
0.3827077
0.3819281
0.3812437
0.3806385
0.3800431
0.3795694
0.3790914
0.3786094
0.3781521
0.3777540
0.3773731
0.3770305
0.3766573
0.3762872
0.3759439
0.3755893
0.3753132
0.3750270
0.3747396
0.3744780
0.3742007
0.3739294
0.3736416
0.3734038
0.3731618
0.3729208
0.3726847
0.3724343
0.3722077
0.3719904
0.3717725
0.3715650
0.3713511
0.3711481
0.3709395
0.3707370
0.3705419
0.3703547
0.3701825
0.3700056
0.3698332
0.3696715
0.3695096
0.3693194
0.3691344
0.3689706
0.3687919
0.3686221
0.3684553
0.3682878
0.3681381
0.3679771
0.3678131
0.3676411
0.3674926
0.3673348
0.3671950
0.3670640
0.3669244
0.3667932
0.3666557
0.3665197
0.3663932
0.3662646
0.3661192
0.3659797
0.3658591
0.3657339
0.3655947
0.3654658
0.3653462
0.3652158
0.3650859
0.3649447
0.3648207
0.3646996
0.3645890
0.3644864
0.3643826
0.3642865
0.3641833
0.3640649
0.3639486
0.3638416
0.3637403
0.3636403
0.3635388
