0.6961949
0.8961605
0.4939063
0.4326814
0.4161496
0.4070375
0.4007606
0.3961968
0.3927610
0.3901318
0.3881069
0.3864597
0.3851407
0.3840353
0.3831125
0.3822848
0.3815386
0.3808693
0.3802420
0.3796982
0.3791648
0.3786906
0.3782340
0.3777846
0.3773492
0.3769503
0.3765684
0.3762019
0.3758335
0.3754885
0.3751477
0.3748241
0.3745102
0.3741957
0.3738995
0.3736201
0.3733474
0.3730749
0.3728147
0.3725639
0.3723113
0.3720638
0.3718164
0.3715795
0.3713520
0.3711193
0.3709026
0.3706883
0.3704703
0.3702554
0.3700390
0.3698290
0.3696225
0.3694220
0.3692297
0.3690327
0.3688417
0.3686568
0.3684740
0.3683054
0.3681301
0.3679566
0.3677799
0.3675964
0.3674217
0.3672507
0.3670771
0.3669121
0.3667552
0.3665868
0.3664255
0.3662706
0.3661147
0.3659634
0.3658089
0.3656544
0.3655028
0.3653573
0.3652190
0.3650748
0.3649324
0.3647876
0.3646488
0.3645064
0.3643694
0.3642335
0.3640982
0.3639665
0.3638397
0.3637121
0.3635903
0.3634658
0.3633373
0.3632056
0.3630784
0.3629569
0.3628373
0.3627161
0.3625954
0.3624781
0.3623587
0.3622417
