0.6922449
0.8813979
0.4888693
0.4312939
0.4152863
0.4063388
0.4001761
0.3956996
0.3923159
0.3896941
0.3877125
0.3861001
0.3847971
0.3836758
0.3827585
0.3819406
0.3812059
0.3805404
0.3799025
0.3793460
0.3787987
0.3783220
0.3778741
0.3774047
0.3769486
0.3765217
0.3761272
0.3757566
0.3753801
0.3750350
0.3746734
0.3743293
0.3740056
0.3736978
0.3733927
0.3730984
0.3728105
0.3725284
0.3722624
0.3720011
0.3717321
0.3714708
0.3712079
0.3709581
0.3707136
0.3704654
0.3702319
0.3700016
0.3697684
0.3695361
0.3693058
0.3690813
0.3688655
0.3686527
0.3684500
0.3682424
0.3680465
0.3678573
0.3676661
0.3674872
0.3672984
0.3671115
0.3669229
0.3667251
0.3665326
0.3663481
0.3661649
0.3659930
0.3658230
0.3656444
0.3654776
0.3653091
0.3651417
0.3649851
0.3648216
0.3646555
0.3644940
0.3643391
0.3641861
0.3640299
0.3638757
0.3637214
0.3635691
0.3634150
0.3632676
0.3631217
0.3629820
0.3628422
0.3627039
0.3625655
0.3624372
0.3623055
0.3621658
0.3620259
0.3618898
0.3617576
0.3616270
0.3614965
0.3613674
0.3612398
0.3611113
0.3609861
