0.0063729
0.0238181
0.0081268
0.0022386
0.0013928
0.0011274
0.0009429
0.0008022
0.0007182
0.0007062
0.0006362
0.0005801
0.0005543
0.0005800
0.0005711
0.0005554
0.0005368
0.0005306
0.0005478
0.0005682
0.0005908
0.0005946
0.0005807
0.0006131
0.0006463
0.0006916
0.0007119
0.0007184
0.0007315
0.0007317
0.0007652
0.0007982
0.0008141
0.0008034
0.0008178
0.0008418
0.0008662
0.0008816
0.0008912
0.0009082
0.0009346
0.0009568
0.0009817
0.0010026
0.0010301
0.0010551
0.0010821
0.0011079
0.0011326
0.0011605
0.0011829
0.0012064
0.0012212
0.0012413
0.0012581
0.0012751
0.0012829
0.0012900
0.0013035
0.0013202
0.0013418
0.0013635
0.0013827
0.0014057
0.0014345
0.0014564
0.0014717
0.0014829
0.0015040
0.0015205
0.0015294
0.0015513
0.0015698
0.0015785
0.0015930
0.0016116
0.0016275
0.0016427
0.0016665
0.0016858
0.0017049
0.0017202
0.0017420
0.0017609
0.0017775
0.0017937
0.0018009
0.0018140
0.0018325
0.0018498
0.0018604
0.0018720
0.0018902
0.0019035
0.0019176
0.0019350
0.0019527
0.0019677
0.0019812
0.0019979
0.0020125
0.0020258
