0.7001449
0.9109231
0.4989433
0.4340689
0.4170129
0.4077363
0.4013450
0.3966940
0.3932061
0.3905695
0.3885012
0.3868193
0.3854843
0.3843948
0.3834664
0.3826290
0.3818713
0.3811982
0.3805815
0.3800504
0.3795310
0.3790591
0.3785939
0.3781646
0.3777497
0.3773790
0.3770096
0.3766472
0.3762868
0.3759420
0.3756220
0.3753188
0.3750148
0.3746937
0.3744064
0.3741419
0.3738843
0.3736213
0.3733671
0.3731268
0.3728905
0.3726568
0.3724249
0.3722009
0.3719905
0.3717733
0.3715733
0.3713750
0.3711723
0.3709747
0.3707722
0.3705767
0.3703794
0.3701914
0.3700095
0.3698230
0.3696369
0.3694564
0.3692819
0.3691237
0.3689618
0.3688017
0.3686369
0.3684677
0.3683108
0.3681534
0.3679892
0.3678312
0.3676874
0.3675292
0.3673734
0.3672321
0.3670877
0.3669418
0.3667963
0.3666533
0.3665115
0.3663754
0.3662519
0.3661197
0.3659891
0.3658538
0.3657285
0.3655978
0.3654711
0.3653452
0.3652144
0.3650909
0.3649754
0.3648586
0.3647434
0.3646261
0.3645089
0.3643854
0.3642669
0.3641562
0.3640476
0.3639357
0.3638233
0.3637164
0.3636061
0.3634973
