0.9999411
1.0000000
0.9753683
0.9627283
0.9565115
0.9553624
0.9575722
0.9539776
0.9548910
0.9568061
0.9582204
0.9549794
0.9523276
0.9499411
0.9548321
0.9525339
0.9497348
0.9442251
0.9419859
0.9437242
0.9396288
0.9413966
0.9337949
0.9370654
0.9281379
0.9342074
0.9367413
0.9208898
0.9180024
0.9186506
0.9149676
0.9168827
0.9069240
0.9126400
0.9082499
0.9073070
0.9106953
0.9067177
0.9040955
0.8978786
0.8968768
0.8913377
0.8792280
0.8928698
0.8887154
0.8906600
0.8929582
0.8849146
0.8832646
0.8801120
0.8707425
0.8845021
0.8746317
0.8744255
0.8703300
0.8712139
0.8520625
0.8703005
0.8614025
0.8607837
0.8599882
0.8644667
0.8569240
0.8643194
0.8507955
0.8494107
0.8520625
0.8467295
0.8461992
0.8466706
0.8457278
0.8418385
0.8464349
0.8505303
0.8411903
0.8388627
0.8383913
0.8301709
0.8340306
0.8402770
0.8265763
0.8352681
0.8294932
0.8340012
0.8264879
0.8218916
0.8269004
0.8251621
0.8141426
0.8139364
0.8152328
0.8174425
0.8045080
0.8173542
0.8118739
0.8048321
0.8123748
0.8084561
0.8163229
0.8108427
0.8059811
0.8097820
