0.9998680
1.0000000
0.9739939
0.9606061
0.9528163
0.9514031
0.9523269
0.9471428
0.9481576
0.9518997
0.9507899
0.9472467
0.9446019
0.9430143
0.9474623
0.9479115
0.9424556
0.9364932
0.9358094
0.9378930
0.9298767
0.9330593
0.9224479
0.9306805
0.9163146
0.9229140
0.9266645
0.9105196
0.9103650
0.9127204
0.9061136
0.9053707
0.8984063
0.9001333
0.8965221
0.8945440
0.9012933
0.8977552
0.8922615
0.8860342
0.8811659
0.8797473
0.8652286
0.8806174
0.8716874
0.8778784
0.8820041
0.8743943
0.8661119
0.8679379
0.8570605
0.8705811
0.8602307
0.8563544
0.8518340
0.8570699
0.8366541
0.8489672
0.8439722
0.8420177
0.8468040
0.8503613
0.8357990
0.8525516
0.8404151
0.8341522
0.8349369
0.8323920
0.8277283
0.8262754
0.8276829
0.8258865
0.8312212
0.8311227
0.8252080
0.8226482
0.8189732
0.8109494
0.8178935
0.8242052
0.8083424
0.8168899
0.8102856
0.8162584
0.8052742
0.8074298
0.8105789
0.8069020
0.8006774
0.8009915
0.7961638
0.8010369
0.7908127
0.7974906
0.7969921
0.7855091
0.7902637
0.7922898
0.7961448
0.7908652
0.7890322
0.7926553
