0.0001179
0.0000000
0.0022174
0.0034240
0.0059619
0.0063879
0.0084628
0.0110273
0.0108637
0.0079161
0.0119884
0.0124759
0.0124648
0.0111756
0.0118904
0.0074578
0.0117443
0.0124747
0.0099651
0.0094081
0.0157340
0.0134514
0.0183074
0.0103015
0.0190758
0.0182209
0.0162580
0.0167313
0.0123221
0.0095677
0.0142850
0.0185736
0.0137425
0.0201784
0.0189217
0.0205919
0.0151694
0.0144602
0.0190930
0.0191098
0.0253481
0.0187000
0.0225868
0.0197681
0.0274731
0.0206219
0.0176734
0.0169734
0.0276742
0.0196417
0.0220746
0.0224602
0.0232347
0.0291560
0.0298416
0.0228200
0.0248600
0.0344194
0.0281221
0.0302773
0.0212714
0.0227578
0.0340831
0.0189863
0.0167479
0.0246182
0.0276305
0.0231323
0.0298010
0.0329057
0.0291138
0.0257372
0.0245459
0.0313124
0.0257861
0.0261606
0.0313293
0.0310121
0.0260357
0.0259303
0.0294187
0.0296516
0.0309897
0.0286263
0.0342263
0.0233327
0.0263332
0.0294609
0.0217249
0.0208853
0.0307660
0.0264690
0.0220960
0.0320480
0.0240104
0.0311757
0.0356742
0.0260828
0.0325556
0.0322318
0.0273456
0.0276323
