1.0000141
1.0000000
0.9767427
0.9648506
0.9602067
0.9593217
0.9628175
0.9608124
0.9616244
0.9617125
0.9656509
0.9627120
0.9600534
0.9568678
0.9622018
0.9571563
0.9570140
0.9519570
0.9481623
0.9495554
0.9493808
0.9497338
0.9451420
0.9434504
0.9399612
0.9455009
0.9468181
0.9312600
0.9256397
0.9245807
0.9238215
0.9283948
0.9154417
0.9251466
0.9199776
0.9200700
0.9200974
0.9156803
0.9159294
0.9097230
0.9125877
0.9029280
0.8932275
0.9051221
0.9057434
0.9034416
0.9039122
0.8954348
0.9004173
0.8922860
0.8844245
0.8984230
0.8890327
0.8924965
0.8888260
0.8853579
0.8674708
0.8916339
0.8788328
0.8795498
0.8731724
0.8785721
0.8780489
0.8760872
0.8611760
0.8646692
0.8691880
0.8610670
0.8646700
0.8670657
0.8637727
0.8577906
0.8616486
0.8699380
0.8571727
0.8550772
0.8578094
0.8493924
0.8501677
0.8563487
0.8448102
0.8536464
0.8487008
0.8517440
0.8477016
0.8363533
0.8432219
0.8434221
0.8276079
0.8268812
0.8343017
0.8338482
0.8182032
0.8372177
0.8267557
0.8241550
0.8344859
0.8246224
0.8365011
0.8308201
0.8229301
0.8269086
