0.6927270
0.7624932
0.4468434
0.3773798
0.3595374
0.3511417
0.3463155
0.3431681
0.3408855
0.3391795
0.3377466
0.3365936
0.3356638
0.3348605
0.3341613
0.3335154
0.3330053
0.3325634
0.3321687
0.3318551
0.3315021
0.3311936
0.3309220
0.3307211
0.3305091
0.3302648
0.3300576
0.3298511
0.3297064
0.3295674
0.3294586
0.3293423
0.3292218
0.3291130
0.3290002
0.3288937
0.3288042
0.3287322
0.3286355
0.3285707
0.3285195
0.3284537
0.3283949
0.3283405
0.3282907
0.3282361
0.3281736
0.3281280
0.3280803
0.3280299
0.3279912
0.3279828
0.3279370
0.3278927
0.3278585
0.3278114
0.3277686
0.3277399
0.3277056
0.3276601
0.3276173
0.3275882
0.3275587
0.3275292
0.3275156
0.3274800
0.3274543
0.3274234
0.3273936
0.3273645
0.3273581
0.3273378
0.3273209
0.3272944
0.3272667
0.3272614
0.3272441
0.3272304
0.3271994
0.3271709
0.3271452
0.3271293
0.3271261
0.3271229
0.3271144
0.3271023
0.3270926
0.3270662
0.3270523
0.3270407
0.3270263
0.3270028
0.3269869
0.3269755
0.3269631
0.3269512
0.3269418
0.3269390
0.3269286
0.3269103
0.3268861
0.3268694
