0.6864690
0.7390673
0.4368065
0.3749943
0.3586398
0.3504857
0.3456488
0.3424994
0.3401367
0.3383917
0.3369188
0.3357713
0.3348572
0.3340345
0.3333188
0.3327126
0.3322261
0.3318009
0.3314107
0.3310961
0.3307844
0.3305047
0.3302525
0.3300404
0.3298160
0.3295943
0.3293881
0.3291747
0.3290326
0.3289250
0.3288235
0.3287223
0.3285974
0.3285087
0.3284045
0.3282883
0.3281982
0.3281469
0.3280620
0.3280015
0.3279428
0.3278906
0.3278396
0.3277923
0.3277608
0.3277070
0.3276568
0.3276128
0.3275555
0.3275044
0.3274749
0.3274649
0.3274259
0.3273890
0.3273635
0.3273228
0.3272956
0.3272767
0.3272539
0.3272068
0.3271703
0.3271419
0.3271066
0.3270904
0.3270790
0.3270429
0.3270235
0.3269922
0.3269706
0.3269372
0.3269228
0.3269060
0.3268930
0.3268745
0.3268554
0.3268648
0.3268517
0.3268296
0.3268034
0.3267840
0.3267610
0.3267496
0.3267513
0.3267510
0.3267422
0.3267323
0.3267219
0.3266965
0.3266871
0.3266788
0.3266740
0.3266532
0.3266421
0.3266270
0.3266130
0.3266088
0.3266066
0.3266082
0.3266086
0.3265948
0.3265737
0.3265638
