0.0100966
0.0377955
0.0161936
0.0038487
0.0014483
0.0010583
0.0010757
0.0010788
0.0012081
0.0012709
0.0013356
0.0013266
0.0013015
0.0013326
0.0013593
0.0012952
0.0012572
0.0012303
0.0012229
0.0012246
0.0011579
0.0011115
0.0010801
0.0010983
0.0011183
0.0010819
0.0010801
0.0010912
0.0010870
0.0010364
0.0010248
0.0010003
0.0010073
0.0009750
0.0009611
0.0009768
0.0009778
0.0009443
0.0009253
0.0009183
0.0009304
0.0009086
0.0008959
0.0008844
0.0008549
0.0008537
0.0008338
0.0008312
0.0008468
0.0008479
0.0008330
0.0008356
0.0008247
0.0008127
0.0007986
0.0007883
0.0007631
0.0007474
0.0007289
0.0007313
0.0007213
0.0007202
0.0007294
0.0007080
0.0007045
0.0007052
0.0006952
0.0006956
0.0006825
0.0006894
0.0007024
0.0006966
0.0006904
0.0006775
0.0006636
0.0006398
0.0006330
0.0006466
0.0006390
0.0006243
0.0006198
0.0006126
0.0006047
0.0005999
0.0006005
0.0005971
0.0005981
0.0005964
0.0005891
0.0005840
0.0005683
0.0005640
0.0005562
0.0005622
0.0005649
0.0005525
0.0005407
0.0005338
0.0005164
0.0005091
0.0005041
0.0004931
