0.6989849
0.7859191
0.4568803
0.3797653
0.3604351
0.3517976
0.3469822
0.3438368
0.3416343
0.3399672
0.3385744
0.3374158
0.3364705
0.3356864
0.3350038
0.3343182
0.3337845
0.3333260
0.3329266
0.3326142
0.3322198
0.3318825
0.3315914
0.3314019
0.3312022
0.3309354
0.3307270
0.3305274
0.3303801
0.3302097
0.3300938
0.3299623
0.3298461
0.3297174
0.3295959
0.3294991
0.3294103
0.3293175
0.3292091
0.3291399
0.3290962
0.3290169
0.3289502
0.3288887
0.3288206
0.3287652
0.3286904
0.3286432
0.3286052
0.3285555
0.3285076
0.3285007
0.3284482
0.3283964
0.3283535
0.3283000
0.3282415
0.3282031
0.3281574
0.3281133
0.3280644
0.3280346
0.3280108
0.3279680
0.3279523
0.3279171
0.3278852
0.3278545
0.3278166
0.3277918
0.3277935
0.3277696
0.3277488
0.3277143
0.3276780
0.3276579
0.3276364
0.3276312
0.3275954
0.3275578
0.3275293
0.3275090
0.3275009
0.3274947
0.3274867
0.3274724
0.3274633
0.3274359
0.3274174
0.3274026
0.3273785
0.3273523
0.3273316
0.3273239
0.3273133
0.3272937
0.3272769
0.3272699
0.3272487
0.3272259
0.3271986
0.3271750
