0.6999676
0.6760339
0.5976084
0.5923527
0.5911663
0.5902063
0.5891389
0.5878576
0.5862353
0.5841268
0.5813592
0.5777211
0.5729476
0.5667937
0.5590184
0.5495114
0.5383097
0.5257303
0.5123042
0.4987552
0.4858086
0.4739960
0.4636624
0.4548912
0.4475856
0.4415717
0.4365917
0.4324429
0.4289256
0.4258785
0.4231916
0.4207988
0.4186127
0.4166022
0.4147376
0.4129923
0.4113601
0.4098152
0.4083435
0.4069528
0.4056223
0.4043563
0.4031478
0.4019970
0.4008898
0.3998418
0.3988324
0.3978604
0.3969455
0.3960690
0.3952319
0.3944215
0.3936623
0.3929244
0.3922162
0.3915490
0.3909097
0.3902995
0.3897077
0.3891340
0.3885854
0.3880718
0.3875711
0.3870962
0.3866337
0.3861936
0.3857584
0.3853680
0.3849637
0.3845863
0.3842311
0.3838733
0.3835213
0.3831865
0.3828784
0.3825639
0.3822865
0.3819804
0.3816915
0.3814198
0.3811561
0.3808926
0.3806468
0.3803969
0.3801620
0.3799262
0.3796900
0.3794623
0.3792508
0.3790294
0.3788208
0.3786222
0.3784359
0.3782244
0.3780266
0.3778435
0.3776701
0.3774826
0.3773064
0.3771302
0.3769697
0.3767903
