0.6962834
0.6731891
0.5972206
0.5920374
0.5907893
0.5897251
0.5885103
0.5870301
0.5851426
0.5826779
0.5794428
0.5751944
0.5696378
0.5625221
0.5536276
0.5429300
0.5305805
0.5170779
0.5031175
0.4895466
0.4770722
0.4661222
0.4568497
0.4491761
0.4428726
0.4377000
0.4333975
0.4297577
0.4266309
0.4238739
0.4214186
0.4191963
0.4171500
0.4152519
0.4134825
0.4118157
0.4102476
0.4087601
0.4073462
0.4060053
0.4047204
0.4034987
0.4023282
0.4012111
0.4001307
0.3991213
0.3981383
0.3971971
0.3963076
0.3954528
0.3946397
0.3938515
0.3931134
0.3923850
0.3916977
0.3910429
0.3904173
0.3898124
0.3892278
0.3886596
0.3881178
0.3876062
0.3871100
0.3866393
0.3861742
0.3857360
0.3852880
0.3849026
0.3844898
0.3841089
0.3837540
0.3833869
0.3830267
0.3826856
0.3823695
0.3820502
0.3817678
0.3814512
0.3811485
0.3808760
0.3806041
0.3803335
0.3800726
0.3798175
0.3795767
0.3793324
0.3790930
0.3788572
0.3786358
0.3784073
0.3781820
0.3779790
0.3777856
0.3775645
0.3773688
0.3771771
0.3769984
0.3768017
0.3766231
0.3764431
0.3762672
0.3760869
