0.0059442
0.0045898
0.0006256
0.0005087
0.0006083
0.0007764
0.0010143
0.0013351
0.0017629
0.0023376
0.0030920
0.0040766
0.0053400
0.0068918
0.0086976
0.0106184
0.0124704
0.0139599
0.0148219
0.0148573
0.0140954
0.0127037
0.0109916
0.0092208
0.0076041
0.0062466
0.0051536
0.0043323
0.0037023
0.0032342
0.0028605
0.0025856
0.0023600
0.0021786
0.0020249
0.0018982
0.0017949
0.0017023
0.0016091
0.0015288
0.0014551
0.0013836
0.0013224
0.0012679
0.0012247
0.0011625
0.0011199
0.0010702
0.0010291
0.0009942
0.0009554
0.0009196
0.0008855
0.0008703
0.0008365
0.0008165
0.0007945
0.0007858
0.0007742
0.0007653
0.0007545
0.0007512
0.0007438
0.0007371
0.0007413
0.0007382
0.0007589
0.0007508
0.0007647
0.0007703
0.0007696
0.0007848
0.0007979
0.0008082
0.0008210
0.0008287
0.0008368
0.0008538
0.0008761
0.0008773
0.0008905
0.0009020
0.0009264
0.0009349
0.0009444
0.0009580
0.0009633
0.0009762
0.0009921
0.0010037
0.0010306
0.0010377
0.0010492
0.0010647
0.0010612
0.0010751
0.0010837
0.0010985
0.0011024
0.0011085
0.0011333
0.0011349
