0.7036519
0.6788786
0.5979961
0.5926680
0.5915433
0.5906875
0.5897676
0.5886851
0.5873279
0.5855757
0.5832756
0.5802478
0.5762574
0.5710652
0.5644092
0.5560927
0.5460390
0.5343828
0.5214910
0.5079639
0.4945450
0.4818698
0.4704751
0.4606064
0.4522987
0.4454433
0.4397859
0.4351281
0.4312203
0.4278831
0.4249646
0.4224014
0.4200755
0.4179525
0.4159927
0.4141688
0.4124726
0.4108703
0.4093408
0.4079004
0.4065242
0.4052139
0.4039675
0.4027828
0.4016489
0.4005624
0.3995265
0.3985237
0.3975833
0.3966852
0.3958240
0.3949914
0.3942111
0.3934638
0.3927347
0.3920551
0.3914021
0.3907865
0.3901875
0.3896083
0.3890531
0.3885374
0.3880321
0.3875531
0.3870932
0.3866511
0.3862287
0.3858334
0.3854377
0.3850638
0.3847081
0.3843597
0.3840159
0.3836875
0.3833873
0.3830775
0.3828051
0.3825095
0.3822345
0.3819635
0.3817080
0.3814517
0.3812210
0.3809764
0.3807474
0.3805199
0.3802871
0.3800673
0.3798657
0.3796515
0.3794595
0.3792654
0.3790862
0.3788844
0.3786843
0.3785098
0.3783417
0.3781635
0.3779896
0.3778172
0.3776721
0.3774937
