47.2189000
71.9120000
71.9120000
71.9120000
71.9120000
73.9088000
78.5318000
80.7318000
81.6761000
82.1699000
82.4154000
82.6238000
82.7496000
82.8342000
82.8881000
82.9278000
82.9640000
82.9998000
83.0216000
83.0439000
83.0574000
83.0714000
83.0906000
83.1147000
83.1325000
83.1562000
83.1702000
83.2015000
83.2196000
83.2303000
83.2417000
83.2607000
83.2823000
83.2929000
83.3221000
83.3473000
83.3669000
83.3896000
83.4117000
83.4244000
83.4408000
83.4755000
83.5549000
83.5662000
83.6521000
83.7609000
83.7794000
83.8221000
83.8367000
83.8803000
83.9152000
83.9381000
83.9464000
83.9528000
83.9610000
83.9710000
83.9769000
83.9970000
83.9978000
84.0134000
84.0206000
84.0291000
84.0459000
84.0510000
84.0610000
84.0775000
84.0852000
84.0998000
84.1041000
84.1143000
84.1191000
84.1270000
84.1440000
84.1541000
84.1599000
84.1647000
84.1734000
84.1755000
84.1817000
84.2090000
84.1973000
84.2111000
84.2180000
84.2269000
84.2363000
84.2320000
84.2581000
84.2611000
84.2616000
84.2742000
84.2821000
84.2861000
84.2837000
84.2959000
84.3014000
84.3024000
84.3148000
84.3161000
84.3251000
84.3284000
84.3273000
84.3386000
