44.0275720
71.9120000
71.9120000
71.9120000
71.9120000
73.0249058
77.8358411
80.4678463
81.5281790
82.0553996
82.3509758
82.5605149
82.7196996
82.7976810
82.8548222
82.9052118
82.9420743
82.9779853
82.9970472
83.0253152
83.0392001
83.0518330
83.0696066
83.0956123
83.1162515
83.1313554
83.1441847
83.1823155
83.1977037
83.2153370
83.2248371
83.2466670
83.2590774
83.2701666
83.3015612
83.3290603
83.3466855
83.3684862
83.3914274
83.4098717
83.4253899
83.4535896
83.4604128
83.4759132
83.5532618
83.6544706
83.6839348
83.7271290
83.7465596
83.8145187
83.8910263
83.9236638
83.9359321
83.9398616
83.9431092
83.9572688
83.9640192
83.9821479
83.9833390
83.9993529
84.0081414
84.0177711
84.0318577
84.0382977
84.0458864
84.0605934
84.0721199
84.0835218
84.0911419
84.1053137
84.1084060
84.1144101
84.1337629
84.1379578
84.1476177
84.1521712
84.1596515
84.1616900
84.1652289
84.1952353
84.1860166
84.1938154
84.2069056
84.2155508
84.2250030
84.2204576
84.2445790
84.2499799
84.2510553
84.2609361
84.2706665
84.2717948
84.2729359
84.2803221
84.2905962
84.2896278
84.3045000
84.3053202
84.3152435
84.3167542
84.3175706
84.3243655
