5.1489108
0.0000000
0.0000000
0.0000000
0.0000000
1.4260811
1.1228649
0.4258647
0.2386568
0.1847357
0.1039425
0.1021047
0.0482415
0.0589199
0.0536907
0.0364439
0.0353751
0.0351960
0.0396136
0.0299848
0.0293639
0.0315696
0.0338709
0.0307963
0.0262155
0.0400844
0.0419733
0.0309524
0.0353276
0.0241415
0.0272068
0.0226409
0.0374675
0.0366782
0.0331374
0.0294280
0.0326143
0.0340652
0.0327080
0.0234401
0.0248628
0.0353504
0.1524464
0.1456694
0.1594663
0.1717140
0.1540242
0.1532269
0.1454332
0.1061320
0.0390021
0.0232914
0.0168890
0.0208749
0.0288652
0.0221540
0.0207820
0.0239625
0.0233315
0.0226636
0.0201007
0.0182781
0.0226559
0.0204939
0.0243844
0.0272773
0.0211036
0.0262633
0.0209067
0.0144986
0.0172537
0.0203126
0.0165167
0.0260440
0.0198164
0.0202141
0.0221820
0.0222812
0.0265746
0.0222081
0.0182047
0.0278871
0.0178997
0.0183109
0.0182266
0.0186226
0.0218149
0.0179413
0.0170129
0.0214000
0.0184470
0.0230801
0.0173669
0.0251334
0.0174310
0.0206068
0.0166181
0.0173922
0.0159025
0.0187894
0.0156975
0.0229661
