50.4102280
71.9120000
71.9120000
71.9120000
71.9120000
74.7926942
79.2277589
80.9957537
81.8240210
82.2844004
82.4798242
82.6870851
82.7795004
82.8707190
82.9213778
82.9503882
82.9859257
83.0216147
83.0461528
83.0624848
83.0755999
83.0909670
83.1115934
83.1337877
83.1487485
83.1810446
83.1962153
83.2206845
83.2414963
83.2452630
83.2585629
83.2747330
83.3055226
83.3156334
83.3426388
83.3655397
83.3871145
83.4107138
83.4319726
83.4389283
83.4562101
83.4974104
83.6493872
83.6564868
83.7509382
83.8673294
83.8748652
83.9170710
83.9268404
83.9460813
83.9393737
83.9525362
83.9568679
83.9657384
83.9788908
83.9847312
83.9897808
84.0118521
84.0122610
84.0274471
84.0330586
84.0404289
84.0599423
84.0637023
84.0761136
84.0944066
84.0982801
84.1160782
84.1170581
84.1232863
84.1297940
84.1395899
84.1542371
84.1702422
84.1721823
84.1772288
84.1871485
84.1893100
84.1981711
84.2227647
84.2085834
84.2283846
84.2290944
84.2382492
84.2475970
84.2435424
84.2716210
84.2722201
84.2721447
84.2874639
84.2935335
84.3004052
84.2944641
84.3114779
84.3122038
84.3151722
84.3251000
84.3268798
84.3349565
84.3400458
84.3370294
84.3528345
