0.9999963
0.9909104
0.4211918
0.2166949
0.1428477
0.1137448
0.1017347
0.0930834
0.0879641
0.0836439
0.0801746
0.0776591
0.0741824
0.0722820
0.0709929
0.0711918
0.0706209
0.0684406
0.0662603
0.0664003
0.0645035
0.0625368
0.0633765
0.0632329
0.0624521
0.0604854
0.0609900
0.0608979
0.0589128
0.0594763
0.0583198
0.0569387
0.0571008
0.0568835
0.0550862
0.0551709
0.0539113
0.0544306
0.0533662
0.0533846
0.0527475
0.0521361
0.0528469
0.0513958
0.0516205
0.0508103
0.0502062
0.0502468
0.0499300
0.0498969
0.0497385
0.0499006
0.0499963
0.0490829
0.0485747
0.0488362
0.0479891
0.0485121
0.0480370
0.0472378
0.0461660
0.0460040
0.0466338
0.0472451
0.0466816
0.0468842
0.0466669
0.0460150
0.0453410
0.0455326
0.0448144
0.0445787
0.0444645
0.0448917
0.0439562
0.0448512
0.0441956
0.0439157
0.0435843
0.0425899
0.0428440
0.0444093
0.0437647
0.0429582
0.0426414
0.0430134
0.0417649
0.0413082
0.0409141
0.0403580
0.0418275
0.0419932
0.0422547
0.0419048
0.0418975
0.0415329
0.0413413
0.0411498
0.0408073
0.0405863
0.0409288
0.0409104
