0.9999895
0.9907066
0.4164022
0.2131214
0.1373699
0.1088053
0.0966132
0.0880040
0.0832757
0.0795395
0.0760654
0.0739226
0.0699820
0.0687581
0.0656311
0.0676423
0.0673263
0.0650289
0.0628798
0.0629301
0.0611884
0.0591116
0.0601033
0.0603491
0.0592813
0.0576681
0.0583740
0.0569755
0.0562498
0.0550744
0.0546174
0.0543823
0.0541099
0.0540253
0.0523936
0.0529271
0.0519974
0.0515274
0.0508735
0.0512781
0.0508996
0.0500902
0.0498861
0.0492072
0.0489334
0.0484345
0.0480366
0.0480845
0.0478062
0.0473847
0.0474150
0.0470056
0.0478599
0.0470915
0.0464927
0.0465734
0.0456123
0.0459631
0.0458136
0.0447216
0.0439543
0.0438306
0.0439226
0.0442262
0.0437235
0.0438926
0.0437974
0.0431784
0.0427344
0.0428948
0.0421349
0.0418990
0.0420373
0.0417061
0.0413422
0.0412779
0.0409358
0.0408622
0.0406843
0.0399507
0.0400529
0.0402079
0.0402590
0.0399822
0.0395903
0.0394461
0.0388956
0.0386419
0.0382783
0.0377638
0.0372184
0.0369262
0.0374477
0.0362812
0.0370235
0.0369191
0.0371155
0.0370293
0.0369138
0.0369305
0.0366002
0.0364259
