0.0000110
0.0003289
0.0077277
0.0057655
0.0088378
0.0079695
0.0082630
0.0081951
0.0075643
0.0066221
0.0066298
0.0060285
0.0067770
0.0056854
0.0086507
0.0057269
0.0053156
0.0055046
0.0054542
0.0055988
0.0053486
0.0055263
0.0052811
0.0046528
0.0051159
0.0045455
0.0042206
0.0063285
0.0042965
0.0071020
0.0059736
0.0041246
0.0048255
0.0046113
0.0043442
0.0036201
0.0030880
0.0046841
0.0040218
0.0033988
0.0029813
0.0033010
0.0047770
0.0035312
0.0043354
0.0038330
0.0035006
0.0034886
0.0034266
0.0040531
0.0037487
0.0046707
0.0034469
0.0032129
0.0033591
0.0036509
0.0038347
0.0041125
0.0035873
0.0040595
0.0035685
0.0035065
0.0043742
0.0048707
0.0047727
0.0048266
0.0046297
0.0045767
0.0042056
0.0042557
0.0043230
0.0043233
0.0039160
0.0051396
0.0042175
0.0057652
0.0052595
0.0049266
0.0046788
0.0042581
0.0045032
0.0067785
0.0056562
0.0048015
0.0049227
0.0057555
0.0046293
0.0043019
0.0042526
0.0041854
0.0074363
0.0081752
0.0077557
0.0090731
0.0078636
0.0074438
0.0068180
0.0066481
0.0062818
0.0058984
0.0069838
0.0072354
