1.0000032
0.9911143
0.4259815
0.2202684
0.1483254
0.1186844
0.1068561
0.0981628
0.0926524
0.0877484
0.0842838
0.0813956
0.0783828
0.0758058
0.0763547
0.0747414
0.0739156
0.0718524
0.0696408
0.0698704
0.0678186
0.0659620
0.0666498
0.0661168
0.0656230
0.0633028
0.0636060
0.0648204
0.0615758
0.0638781
0.0620223
0.0594951
0.0600916
0.0597416
0.0577787
0.0574146
0.0558253
0.0573339
0.0558590
0.0554912
0.0545953
0.0541821
0.0558078
0.0535845
0.0543076
0.0531860
0.0523759
0.0524090
0.0520538
0.0524090
0.0520620
0.0527955
0.0521327
0.0510743
0.0506567
0.0510990
0.0503659
0.0510611
0.0502604
0.0497539
0.0483778
0.0481773
0.0493449
0.0502641
0.0496398
0.0498758
0.0495364
0.0488517
0.0479477
0.0481703
0.0474938
0.0472583
0.0468917
0.0480773
0.0465703
0.0484245
0.0474555
0.0469693
0.0464842
0.0452291
0.0456351
0.0486106
0.0472705
0.0459341
0.0456926
0.0465807
0.0446342
0.0439745
0.0435499
0.0429521
0.0464365
0.0470603
0.0470617
0.0475284
0.0467714
0.0461466
0.0455672
0.0452703
0.0447008
0.0442422
0.0452574
0.0453950
