0.1163196
0.2427805
0.0050782
0.0016711
0.0009560
0.0007374
0.0006973
0.0004977
0.0004523
0.0004349
0.0003428
0.0003188
0.0004164
0.0003117
0.0002911
0.0002657
0.0002542
0.0002978
0.0002574
0.0002667
0.0002315
0.0002534
0.0002444
0.0002260
0.0002598
0.0002575
0.0002447
0.0002234
0.0002474
0.0002106
0.0002207
0.0002618
0.0002886
0.0002089
0.0002198
0.0001933
0.0001842
0.0001976
0.0002102
0.0002058
0.0001905
0.0001754
0.0001782
0.0001906
0.0001814
0.0001939
0.0001669
0.0001715
0.0001893
0.0001745
0.0001489
0.0001790
0.0002198
0.0002050
0.0001551
0.0001458
0.0001685
0.0001788
0.0001584
0.0001686
0.0001427
0.0001461
0.0001624
0.0001504
0.0001637
0.0001649
0.0001619
0.0001520
0.0001411
0.0001490
0.0001370
0.0001454
0.0001532
0.0001694
0.0001528
0.0001744
0.0001654
0.0001553
0.0001556
0.0001486
0.0001678
0.0002138
0.0002023
0.0001897
0.0001715
0.0001322
0.0001283
0.0001516
0.0001388
0.0001566
0.0001216
0.0001474
0.0001442
0.0001432
0.0001375
0.0001537
0.0001379
0.0001483
0.0001356
0.0001220
0.0001403
0.0001438
