0.1119825
0.2216765
0.0049880
0.0015702
0.0008666
0.0006166
0.0006061
0.0004593
0.0004046
0.0003597
0.0003196
0.0003016
0.0003491
0.0002666
0.0002528
0.0002326
0.0002340
0.0002444
0.0002122
0.0002299
0.0002165
0.0002076
0.0001963
0.0001885
0.0001765
0.0002189
0.0002010
0.0001914
0.0001962
0.0001930
0.0001557
0.0002035
0.0002274
0.0001843
0.0001797
0.0001626
0.0001586
0.0001568
0.0001727
0.0001411
0.0001536
0.0001545
0.0001640
0.0001582
0.0001408
0.0001577
0.0001516
0.0001558
0.0001574
0.0001502
0.0001394
0.0001583
0.0001378
0.0001361
0.0001352
0.0001359
0.0001357
0.0001279
0.0001407
0.0001362
0.0001290
0.0001268
0.0001380
0.0001328
0.0001445
0.0001460
0.0001251
0.0001307
0.0001277
0.0001169
0.0001222
0.0001301
0.0001370
0.0001436
0.0001291
0.0001547
0.0001208
0.0001337
0.0001290
0.0001271
0.0001110
0.0000692
0.0001226
0.0001308
0.0001247
0.0001217
0.0001153
0.0001139
0.0001155
0.0001128
0.0001097
0.0001242
0.0001067
0.0000965
0.0001224
0.0001158
0.0001045
0.0001097
0.0001176
0.0001074
0.0001137
0.0001152
