0.1206568
0.2638844
0.0051684
0.0017720
0.0010454
0.0008582
0.0007886
0.0005362
0.0005001
0.0005101
0.0003660
0.0003360
0.0004838
0.0003568
0.0003294
0.0002988
0.0002744
0.0003511
0.0003025
0.0003036
0.0002464
0.0002992
0.0002925
0.0002635
0.0003431
0.0002962
0.0002883
0.0002555
0.0002986
0.0002282
0.0002858
0.0003200
0.0003497
0.0002335
0.0002599
0.0002241
0.0002098
0.0002384
0.0002477
0.0002705
0.0002275
0.0001963
0.0001924
0.0002231
0.0002220
0.0002301
0.0001822
0.0001872
0.0002212
0.0001988
0.0001585
0.0001996
0.0003019
0.0002739
0.0001750
0.0001557
0.0002012
0.0002296
0.0001762
0.0002009
0.0001564
0.0001654
0.0001867
0.0001680
0.0001830
0.0001837
0.0001987
0.0001733
0.0001545
0.0001811
0.0001518
0.0001606
0.0001694
0.0001952
0.0001764
0.0001941
0.0002100
0.0001768
0.0001821
0.0001701
0.0002245
0.0003584
0.0002820
0.0002486
0.0002183
0.0001427
0.0001413
0.0001893
0.0001620
0.0002004
0.0001335
0.0001705
0.0001818
0.0001900
0.0001526
0.0001917
0.0001713
0.0001869
0.0001536
0.0001366
0.0001669
0.0001724
