0.9999840
0.9996461
0.9460106
0.8814424
0.8213844
0.7637505
0.7111975
0.6652169
0.6303429
0.6130498
0.6195822
0.6461445
0.7064124
0.7736106
0.8286285
0.8624360
0.8846721
0.8982397
0.9074000
0.9121232
0.9102329
0.9118952
0.9088395
0.9081068
0.9039934
0.9032227
0.8987295
0.8937715
0.8936016
0.8876279
0.8888375
0.8835906
0.8803908
0.8811805
0.8752879
0.8746202
0.8728589
0.8664794
0.8684446
0.8647211
0.8605668
0.8612735
0.8570382
0.8540544
0.8525880
0.8490654
0.8442593
0.8395282
0.8412445
0.8380258
0.8323001
0.8345162
0.8330948
0.8263904
0.8233687
0.8221102
0.8218902
0.8174280
0.8197331
0.8168972
0.8081238
0.8073311
0.8013445
0.8052639
0.8003279
0.8026379
0.7936385
0.7942743
0.7935936
0.7904788
0.7899490
0.7878319
0.7817913
0.7858956
0.7824200
0.7836955
0.7799510
0.7777879
0.7799510
0.7771621
0.7807687
0.7714964
0.7706987
0.7698760
0.7662745
0.7680048
0.7683727
0.7648461
0.7688475
0.7627949
0.7646162
0.7653159
0.7583327
0.7568193
0.7599680
0.7610926
0.7582947
0.7591733
0.7549750
0.7530818
0.7510756
0.7513095
0.7498870
0.7564204
0.7473091
0.7480738
0.7478279
0.7458037
0.7422781
0.7438015
0.7441853
0.7419632
0.7410356
0.7394182
0.7371232
0.7389904
0.7373381
0.7307557
0.7340254
0.7317103
0.7289394
0.7303389
0.7337275
0.7336186
0.7245802
0.7240494
0.7270872
0.7255198
0.7276909
0.7263914
0.7191283
0.7215214
0.7212435
0.7233527
0.7143842
0.7182837
0.7178579
0.7163375
0.7158677
0.7155878
0.7176499
0.7137535
0.7123561
0.7125430
0.7126599
0.7057797
0.7061315
0.7101969
0.7097391
0.7085986
0.6977859
0.7018543
0.7004418
0.7039514
0.7079688
0.6977689
0.6962675
0.6951259
0.6963954
0.6931168
0.6925860
0.6971022
0.6970722
0.6903669
0.6904098
0.6901809
0.6858377
0.6854508
0.6862905
0.6919772
0.6842563
0.6852599
0.6829398
0.6832037
0.6751679
0.6812015
0.6728439
0.6794572
0.6774180
0.6780768
0.6745772
0.6751949
0.6785046
0.6721451
0.6712985
0.6706178
0.6704098
0.6748731
0.6741833
0.6611226
0.6699040
0.6652729
0.6674200
0.6546162
0.6643713
0.6594002
0.6627099
0.6486036
0.6587805
0.6512655
0.6493573
0.6517943
