0.9999755
0.9996376
0.9446432
0.8794717
0.8184574
0.7613517
0.7060593
0.6563831
0.6150537
0.5843398
0.5722139
0.5733252
0.6259684
0.7007741
0.7672184
0.8101243
0.8402201
0.8634523
0.8782241
0.8916545
0.8921719
0.8970087
0.8925531
0.8928379
0.8879184
0.8873951
0.8822217
0.8799494
0.8766453
0.8735754
0.8725173
0.8678537
0.8633169
0.8637431
0.8595196
0.8596989
0.8564073
0.8489814
0.8514528
0.8489157
0.8460203
0.8436100
0.8376846
0.8365046
0.8356891
0.8332855
0.8282570
0.8217711
0.8234044
0.8239705
0.8171505
0.8165535
0.8202917
0.8100771
0.8040277
0.8067949
0.8047027
0.7953189
0.8016517
0.8011980
0.7890942
0.7884707
0.7830239
0.7900345
0.7790568
0.7846500
0.7740065
0.7693915
0.7712507
0.7709352
0.7687031
0.7656333
0.7598152
0.7631046
0.7581801
0.7619442
0.7542257
0.7529172
0.7578169
0.7531799
0.7536927
0.7488472
0.7463812
0.7450905
0.7437583
0.7411071
0.7430617
0.7354957
0.7424821
0.7358585
0.7420644
0.7411817
0.7328112
0.7335843
0.7375439
0.7354789
0.7321510
0.7361766
0.7249477
0.7252794
0.7282199
0.7272481
0.7236012
0.7278855
0.7185804
0.7241653
0.7211747
0.7176036
0.7179856
0.7191105
0.7155341
0.7160063
0.7136338
0.7093078
0.7094639
0.7102117
0.7161017
0.7046739
0.7080009
0.7053416
0.7049541
0.7019952
0.7057370
0.7059720
0.7032872
0.6974433
0.6972222
0.6992238
0.6991574
0.7040275
0.6926847
0.6910130
0.6965943
0.6980548
0.6894761
0.6928633
0.6907630
0.6946092
0.6914330
0.6882152
0.6915556
0.6857301
0.6874249
0.6890614
0.6886065
0.6825759
0.6806583
0.6853389
0.6838288
0.6802081
0.6765077
0.6783401
0.6731486
0.6782448
0.6825190
0.6701472
0.6727016
0.6661900
0.6717089
0.6721975
0.6715717
0.6800098
0.6743955
0.6674592
0.6659994
0.6646805
0.6685929
0.6672147
0.6693343
0.6715736
0.6646424
0.6643681
0.6603485
0.6642545
0.6560121
0.6609060
0.6543956
0.6501927
0.6575297
0.6533735
0.6499189
0.6550081
0.6565571
0.6519781
0.6541681
0.6481885
0.6503822
0.6591788
0.6505170
0.6355854
0.6429395
0.6465503
0.6437771
0.6344720
0.6397895
0.6400452
0.6354662
0.6286502
0.6356829
0.6286134
0.6221749
0.6268698
