0.0000097
0.0000097
0.0015600
0.0022483
0.0033394
0.0027366
0.0058620
0.0100781
0.0174427
0.0327538
0.0540402
0.0830760
0.0917746
0.0830955
0.0700598
0.0596798
0.0507131
0.0396872
0.0332854
0.0233516
0.0206049
0.0169833
0.0185803
0.0174194
0.0183392
0.0180570
0.0188330
0.0157689
0.0193446
0.0160318
0.0186188
0.0179534
0.0194789
0.0198935
0.0179893
0.0170229
0.0187688
0.0199626
0.0193851
0.0180316
0.0165953
0.0201515
0.0220796
0.0200217
0.0192791
0.0180025
0.0182562
0.0202582
0.0203529
0.0160350
0.0172834
0.0204927
0.0146064
0.0186111
0.0220651
0.0174724
0.0196084
0.0252232
0.0206282
0.0179104
0.0217098
0.0215168
0.0209010
0.0173745
0.0242671
0.0205216
0.0223973
0.0283876
0.0254898
0.0222964
0.0242385
0.0253252
0.0250714
0.0260012
0.0276542
0.0248150
0.0293488
0.0283738
0.0252517
0.0273601
0.0308897
0.0258394
0.0277426
0.0282766
0.0256877
0.0306862
0.0288761
0.0334843
0.0300790
0.0307304
0.0257282
0.0275335
0.0291162
0.0265076
0.0255826
0.0292213
0.0298261
0.0262359
0.0342567
0.0317184
0.0260749
0.0274505
0.0299883
0.0325541
0.0327752
0.0272760
0.0304073
0.0321721
0.0277141
0.0281688
0.0326867
0.0296130
0.0312613
0.0343516
0.0315551
0.0328322
0.0242276
0.0297554
0.0296901
0.0300828
0.0273636
0.0323359
0.0319330
0.0315406
0.0242921
0.0303536
0.0340715
0.0299998
0.0325525
0.0255139
0.0301683
0.0348055
0.0281211
0.0288611
0.0284165
0.0290009
0.0309111
0.0247887
0.0278763
0.0312280
0.0297697
0.0319705
0.0284428
0.0267890
0.0274414
0.0264720
0.0290612
0.0283593
0.0295598
0.0323893
0.0242752
0.0268262
0.0311375
0.0293274
0.0290345
0.0315123
0.0268851
0.0330116
0.0281636
0.0238657
0.0239741
0.0194999
0.0258707
0.0261342
0.0278486
0.0290921
0.0196737
0.0208047
0.0193445
0.0232775
0.0223765
0.0238345
0.0257733
0.0216183
0.0218539
0.0231542
0.0210467
0.0333865
0.0226897
0.0281827
0.0281314
0.0230302
0.0250388
0.0230076
0.0195432
0.0255885
0.0228485
0.0179048
0.0269998
0.0291341
0.0307625
0.0213597
0.0269731
0.0229814
0.0280441
0.0220812
0.0310810
0.0227638
0.0263509
0.0258426
0.0310110
0.0284351
