0.9999925
0.9996546
0.9473780
0.8834131
0.8243115
0.7661493
0.7163358
0.6740508
0.6456320
0.6417597
0.6669505
0.7189639
0.7868564
0.8464470
0.8900387
0.9147477
0.9291242
0.9330271
0.9365760
0.9325918
0.9282939
0.9267817
0.9251258
0.9233756
0.9200684
0.9190504
0.9152374
0.9075936
0.9105578
0.9016805
0.9051576
0.8993274
0.8974648
0.8986179
0.8910562
0.8895414
0.8893104
0.8839774
0.8854364
0.8805265
0.8751132
0.8789370
0.8763918
0.8716041
0.8694869
0.8648453
0.8602616
0.8572853
0.8590846
0.8520811
0.8474496
0.8524788
0.8458978
0.8427038
0.8427096
0.8374254
0.8390778
0.8395371
0.8378145
0.8325964
0.8271533
0.8261914
0.8196650
0.8204933
0.8215989
0.8206259
0.8132706
0.8191571
0.8159364
0.8100224
0.8111950
0.8100304
0.8037674
0.8086867
0.8066600
0.8054469
0.8056763
0.8026586
0.8020851
0.8011443
0.8078447
0.7941456
0.7950162
0.7946616
0.7887907
0.7949025
0.7936836
0.7941964
0.7952129
0.7897312
0.7871679
0.7894501
0.7838542
0.7800542
0.7823921
0.7867062
0.7844384
0.7821701
0.7850023
0.7808841
0.7739312
0.7753709
0.7761729
0.7849554
0.7760378
0.7719823
0.7744811
0.7740038
0.7665706
0.7684925
0.7728365
0.7679202
0.7684373
0.7695287
0.7647824
0.7677691
0.7585744
0.7568375
0.7600499
0.7580790
0.7529247
0.7586826
0.7617180
0.7612651
0.7458731
0.7506555
0.7569522
0.7518158
0.7562245
0.7487553
0.7455720
0.7520298
0.7458927
0.7486505
0.7392924
0.7437041
0.7449527
0.7380657
0.7403023
0.7429603
0.7437443
0.7417769
0.7372872
0.7360246
0.7367134
0.7289834
0.7316048
0.7350549
0.7356494
0.7369891
0.7190641
0.7253685
0.7277351
0.7296580
0.7334186
0.7253906
0.7198334
0.7240619
0.7210820
0.7140360
0.7136002
0.7141946
0.7197488
0.7132745
0.7148202
0.7156813
0.7030825
0.7036869
0.7032467
0.7123809
0.7038702
0.7061517
0.7055311
0.7021530
0.6943238
0.7014971
0.6912921
0.7087218
0.6973064
0.7027800
0.6992354
0.6953818
0.7004520
0.6923122
0.6884289
0.6930470
0.6904375
0.6905673
0.6978497
0.6866597
0.6968685
0.6839955
0.6910630
0.6747603
0.6889530
0.6787553
0.6899536
0.6685569
0.6818780
0.6739176
0.6765396
0.6767188
