0.1163196
0.0937945
0.0051156
0.0007399
0.0004872
0.0005132
0.0005919
0.0007095
0.0008714
0.0010878
0.0013679
0.0017316
0.0021822
0.0027183
0.0033170
0.0039292
0.0044757
0.0048722
0.0050372
0.0049494
0.0046319
0.0041653
0.0036088
0.0030627
0.0025748
0.0021600
0.0018264
0.0015618
0.0013581
0.0012200
0.0010795
0.0009955
0.0009354
0.0008649
0.0008097
0.0007759
0.0007431
0.0007084
0.0006804
0.0006512
0.0006180
0.0006138
0.0005815
0.0005578
0.0005419
0.0005547
0.0005360
0.0005185
0.0004804
0.0005078
0.0004960
0.0004509
0.0004686
0.0004261
0.0004361
0.0004109
0.0004171
0.0004010
0.0003854
0.0003852
0.0003748
0.0003569
0.0003833
0.0003512
0.0003401
0.0003623
0.0003275
0.0003585
0.0003196
0.0003302
0.0003752
0.0003526
0.0002879
0.0002925
0.0003147
0.0003438
0.0002755
0.0002882
0.0002782
0.0003071
0.0002886
0.0002831
0.0003512
0.0003159
0.0002557
0.0002717
0.0002392
0.0002450
0.0002527
0.0002776
0.0002744
0.0002591
0.0003169
0.0002210
0.0002261
0.0002592
0.0002536
0.0002852
0.0002839
0.0002823
0.0002706
0.0002479
