0.1119825
0.0905830
0.0049446
0.0007123
0.0004485
0.0004618
0.0005245
0.0006199
0.0007529
0.0009342
0.0011695
0.0014785
0.0018670
0.0023449
0.0029005
0.0035050
0.0040955
0.0045949
0.0049041
0.0048365
0.0043849
0.0038231
0.0032274
0.0026914
0.0022521
0.0018905
0.0016164
0.0014028
0.0012377
0.0011131
0.0010071
0.0009363
0.0008700
0.0008254
0.0007820
0.0007458
0.0007054
0.0006889
0.0006621
0.0006269
0.0006025
0.0005970
0.0005650
0.0005396
0.0005262
0.0005279
0.0004998
0.0004782
0.0004684
0.0004621
0.0004664
0.0004315
0.0004301
0.0004074
0.0004028
0.0003955
0.0003848
0.0003834
0.0003701
0.0003588
0.0003506
0.0003385
0.0003493
0.0003252
0.0003159
0.0003295
0.0003055
0.0003144
0.0002962
0.0003015
0.0003363
0.0002924
0.0002746
0.0002667
0.0002858
0.0003096
0.0002620
0.0002643
0.0002573
0.0002779
0.0002697
0.0002463
0.0002538
0.0002632
0.0002363
0.0002253
0.0002236
0.0002223
0.0002339
0.0002291
0.0002292
0.0002201
0.0002361
0.0002023
0.0002102
0.0002087
0.0002131
0.0002358
0.0001661
0.0001851
0.0002106
0.0002098
