0.0069976
0.0051814
0.0002759
0.0000444
0.0000624
0.0000829
0.0001088
0.0001446
0.0001912
0.0002478
0.0003200
0.0004084
0.0005085
0.0006025
0.0006720
0.0006843
0.0006134
0.0004474
0.0002147
0.0001821
0.0003985
0.0005522
0.0006153
0.0005990
0.0005206
0.0004349
0.0003389
0.0002566
0.0001942
0.0001725
0.0001168
0.0000956
0.0001054
0.0000636
0.0000447
0.0000486
0.0000608
0.0000315
0.0000295
0.0000392
0.0000250
0.0000271
0.0000265
0.0000294
0.0000253
0.0000432
0.0000584
0.0000650
0.0000193
0.0000737
0.0000479
0.0000313
0.0000621
0.0000301
0.0000538
0.0000248
0.0000521
0.0000284
0.0000247
0.0000426
0.0000391
0.0000296
0.0000549
0.0000419
0.0000391
0.0000529
0.0000354
0.0000710
0.0000378
0.0000463
0.0000628
0.0000971
0.0000214
0.0000416
0.0000467
0.0000552
0.0000218
0.0000386
0.0000336
0.0000472
0.0000306
0.0000593
0.0001571
0.0000850
0.0000313
0.0000749
0.0000252
0.0000366
0.0000302
0.0000783
0.0000728
0.0000628
0.0001305
0.0000301
0.0000257
0.0000814
0.0000653
0.0000797
0.0001900
0.0001568
0.0000968
0.0000615
