0.1206568
0.0970059
0.0052866
0.0007674
0.0005258
0.0005645
0.0006593
0.0007991
0.0009899
0.0012414
0.0015662
0.0019847
0.0024973
0.0030917
0.0037335
0.0043533
0.0048559
0.0051496
0.0051703
0.0050623
0.0048789
0.0045076
0.0039902
0.0034339
0.0028974
0.0024296
0.0020365
0.0017208
0.0014785
0.0013269
0.0011518
0.0010548
0.0010007
0.0009043
0.0008374
0.0008060
0.0007808
0.0007279
0.0006987
0.0006755
0.0006334
0.0006306
0.0005979
0.0005760
0.0005575
0.0005815
0.0005722
0.0005588
0.0004924
0.0005535
0.0005257
0.0004703
0.0005070
0.0004447
0.0004695
0.0004263
0.0004494
0.0004186
0.0004007
0.0004116
0.0003991
0.0003752
0.0004174
0.0003772
0.0003644
0.0003950
0.0003494
0.0004025
0.0003431
0.0003589
0.0004141
0.0004128
0.0003012
0.0003183
0.0003436
0.0003780
0.0002891
0.0003122
0.0002990
0.0003363
0.0003076
0.0003198
0.0004485
0.0003686
0.0002751
0.0003182
0.0002549
0.0002677
0.0002714
0.0003262
0.0003195
0.0002980
0.0003978
0.0002397
0.0002420
0.0003097
0.0002941
0.0003346
0.0004016
0.0003795
0.0003306
0.0002861
