0.0013464
34.0294352
0.0067122
0.0041764
0.0038095
0.0037218
0.0038353
0.0036118
0.0037941
0.0037763
0.0038624
0.0036341
0.0035628
0.0034817
0.0033778
0.0032688
0.0031677
0.0031528
0.0029969
0.0029846
0.0030043
0.0029405
0.0028828
0.0028379
0.0027742
0.0027359
0.0027912
0.0026069
0.0025213
0.0025402
0.0025074
0.0024789
0.0024206
0.0024479
0.0023524
0.0023427
0.0023355
0.0023285
0.0023056
0.0022759
0.0022105
0.0022030
0.0021734
0.0022013
0.0022141
0.0020820
0.0020493
0.0020808
0.0020556
0.0020899
0.0021445
0.0020662
0.0019761
0.0019775
0.0019471
0.0019227
0.0019192
0.0019405
0.0020025
0.0019554
0.0018843
0.0019924
0.0019468
0.0019774
0.0018690
0.0019157
0.0018666
0.0018875
0.0018750
0.0018253
0.0018474
0.0018158
0.0018518
0.0018099
0.0018489
0.0017765
0.0017741
0.0017663
0.0017692
0.0018121
0.0017900
0.0017252
0.0016926
0.0018119
0.0017477
0.0017197
0.0017020
0.0017380
0.0016638
0.0018245
0.0017170
0.0017044
0.0018212
0.0018391
0.0017408
0.0017151
0.0016845
0.0018618
0.0017334
0.0017561
0.0017047
0.0017883
0.0018500
0.0017256
0.0016852
0.0017593
0.0017345
0.0016743
0.0016332
0.0015930
0.0015768
0.0016263
0.0016477
0.0016662
0.0015865
0.0015524
0.0015422
0.0015880
0.0016711
0.0016289
0.0016498
0.0015981
0.0015345
0.0015645
0.0015491
0.0015405
0.0015279
0.0014844
0.0015123
0.0015708
0.0016220
0.0015455
0.0015250
0.0014452
0.0015017
0.0015440
0.0015386
0.0015542
0.0016398
0.0016702
0.0016036
0.0015889
0.0016396
0.0017277
0.0016316
0.0016239
0.0015535
0.0014885
0.0014350
0.0015811
0.0015356
0.0015425
0.0017293
0.0015925
0.0018280
0.0017457
0.0016398
0.0015575
0.0014860
0.0014308
0.0015074
0.0015125
0.0015629
0.0015347
0.0015357
0.0015238
0.0015213
0.0017897
0.0016478
0.0015756
0.0014731
0.0014781
0.0014703
0.0016265
0.0016446
0.0017127
0.0015971
0.0017802
0.0018290
0.0016779
0.0015359
0.0014868
0.0014571
0.0014768
0.0014559
0.0014964
0.0014031
0.0013921
0.0014448
0.0015138
0.0014368
0.0015235
0.0015035
0.0014986
0.0014566
0.0015305
0.0016316
0.0015935
0.0016545
0.0016568
0.0015660
0.0015322
