0.0012027
18.2942045
0.0051580
0.0039108
0.0035016
0.0034435
0.0036409
0.0035203
0.0035998
0.0036791
0.0037482
0.0034818
0.0034389
0.0033312
0.0033181
0.0032048
0.0031237
0.0030731
0.0029645
0.0028795
0.0029760
0.0028645
0.0028276
0.0027620
0.0026960
0.0026258
0.0025956
0.0025581
0.0024621
0.0024739
0.0024634
0.0023738
0.0023693
0.0023349
0.0022537
0.0022568
0.0022252
0.0022720
0.0022143
0.0021814
0.0021574
0.0021276
0.0020896
0.0021262
0.0021508
0.0019934
0.0020076
0.0020175
0.0019903
0.0019808
0.0020301
0.0020229
0.0019527
0.0018943
0.0018592
0.0018776
0.0018264
0.0018294
0.0018440
0.0018541
0.0017855
0.0018837
0.0018466
0.0018904
0.0017705
0.0017903
0.0017676
0.0017698
0.0017404
0.0016743
0.0017599
0.0016712
0.0016940
0.0017196
0.0016530
0.0016241
0.0016945
0.0016887
0.0016841
0.0017587
0.0017499
0.0016735
0.0016344
0.0016540
0.0016307
0.0016500
0.0016357
0.0016515
0.0016131
0.0016931
0.0016375
0.0016719
0.0016984
0.0016480
0.0016412
0.0016504
0.0015773
0.0016707
0.0015982
0.0015974
0.0015462
0.0016833
0.0017052
0.0016175
0.0016191
0.0016011
0.0015549
0.0016078
0.0015626
0.0014943
0.0014863
0.0014992
0.0015237
0.0015178
0.0015128
0.0015162
0.0014606
0.0015086
0.0015557
0.0015651
0.0015467
0.0014828
0.0014382
0.0014872
0.0015010
0.0014669
0.0014259
0.0014354
0.0014893
0.0014616
0.0015149
0.0014475
0.0014240
0.0013421
0.0013864
0.0013581
0.0013552
0.0014137
0.0014739
0.0014996
0.0014456
0.0014598
0.0014850
0.0014270
0.0014723
0.0015035
0.0014818
0.0013902
0.0013621
0.0014394
0.0013939
0.0013722
0.0014192
0.0014111
0.0014400
0.0014066
0.0013925
0.0013855
0.0014183
0.0013186
0.0013715
0.0013549
0.0013607
0.0013664
0.0013443
0.0013662
0.0013776
0.0014325
0.0014617
0.0014312
0.0012998
0.0013177
0.0013388
0.0014779
0.0014964
0.0013429
0.0013708
0.0014992
0.0015835
0.0015113
0.0014275
0.0013566
0.0013735
0.0013597
0.0013504
0.0013673
0.0013184
0.0013150
0.0012708
0.0012637
0.0012642
0.0013139
0.0013465
0.0013517
0.0012959
0.0013088
0.0013410
0.0013667
0.0013409
0.0013801
0.0013946
0.0013012
