0.0001639
17.9515539
0.0017731
0.0003030
0.0003512
0.0003175
0.0002218
0.0001044
0.0002217
0.0001108
0.0001302
0.0001738
0.0001414
0.0001717
0.0000681
0.0000730
0.0000502
0.0000909
0.0000370
0.0001200
0.0000323
0.0000867
0.0000630
0.0000866
0.0000892
0.0001257
0.0002231
0.0000557
0.0000675
0.0000757
0.0000502
0.0001200
0.0000585
0.0001289
0.0001126
0.0000981
0.0001259
0.0000644
0.0001042
0.0001078
0.0000606
0.0000859
0.0000957
0.0000857
0.0000722
0.0001011
0.0000476
0.0000722
0.0000745
0.0001245
0.0001305
0.0000494
0.0000267
0.0000949
0.0001002
0.0000514
0.0001058
0.0001267
0.0001808
0.0001156
0.0001127
0.0001240
0.0001143
0.0000993
0.0001123
0.0001431
0.0001129
0.0001342
0.0001536
0.0001723
0.0000998
0.0001651
0.0001800
0.0001030
0.0002235
0.0001739
0.0000907
0.0000885
0.0000971
0.0000610
0.0000457
0.0000589
0.0000665
0.0001802
0.0001334
0.0000795
0.0000756
0.0000986
0.0000579
0.0001499
0.0000907
0.0000371
0.0001401
0.0002181
0.0001136
0.0000739
0.0001223
0.0002180
0.0001542
0.0001811
0.0001808
0.0001197
0.0001653
0.0001232
0.0000754
0.0001806
0.0002049
0.0000759
0.0000806
0.0001126
0.0001033
0.0001450
0.0001415
0.0001693
0.0000841
0.0000412
0.0000931
0.0000906
0.0001317
0.0000727
0.0001176
0.0001316
0.0001098
0.0000882
0.0000549
0.0000839
0.0001164
0.0000559
0.0000263
0.0001246
0.0001222
0.0001117
0.0001152
0.0001176
0.0001315
0.0002121
0.0002092
0.0001603
0.0001893
0.0001946
0.0001802
0.0001473
0.0001764
0.0003430
0.0001818
0.0001373
0.0000818
0.0001122
0.0000832
0.0001617
0.0001616
0.0001944
0.0003539
0.0002069
0.0004427
0.0003869
0.0002820
0.0001963
0.0000772
0.0001280
0.0001550
0.0001798
0.0002306
0.0001920
0.0002184
0.0001798
0.0001640
0.0004076
0.0002123
0.0001648
0.0001977
0.0001830
0.0001500
0.0001695
0.0001691
0.0004218
0.0002582
0.0003206
0.0002800
0.0001901
0.0001237
0.0001485
0.0000953
0.0001336
0.0001204
0.0001473
0.0000967
0.0000879
0.0001985
0.0002853
0.0001969
0.0002391
0.0001791
0.0001676
0.0001833
0.0002529
0.0003316
0.0002588
0.0003579
0.0003157
0.0001955
0.0002636
