0.0014900
49.7646659
0.0082664
0.0044420
0.0041174
0.0040001
0.0040298
0.0037033
0.0039884
0.0038734
0.0039765
0.0037864
0.0036867
0.0036322
0.0034375
0.0033328
0.0032118
0.0032325
0.0030294
0.0030898
0.0030326
0.0030164
0.0029381
0.0029139
0.0028523
0.0028461
0.0029867
0.0026557
0.0025805
0.0026066
0.0025513
0.0025841
0.0024719
0.0025608
0.0024511
0.0024287
0.0024459
0.0023850
0.0023970
0.0023704
0.0022636
0.0022783
0.0022573
0.0022764
0.0022774
0.0021707
0.0020911
0.0021441
0.0021209
0.0021990
0.0022589
0.0021096
0.0019996
0.0020606
0.0020349
0.0019677
0.0020119
0.0020516
0.0021610
0.0020568
0.0019831
0.0021011
0.0020470
0.0020645
0.0019675
0.0020412
0.0019656
0.0020051
0.0020096
0.0019763
0.0019348
0.0019605
0.0020096
0.0019001
0.0020449
0.0019289
0.0018536
0.0018439
0.0018543
0.0018655
0.0018301
0.0017768
0.0017509
0.0019699
0.0018646
0.0017894
0.0017682
0.0018244
0.0017145
0.0019559
0.0017965
0.0017369
0.0019440
0.0020303
0.0018403
0.0017799
0.0017917
0.0020529
0.0018685
0.0019148
0.0018632
0.0018933
0.0019949
0.0018336
0.0017513
0.0019176
0.0019141
0.0017409
0.0017038
0.0016917
0.0016673
0.0017534
0.0017718
0.0018146
0.0016602
0.0015885
0.0016238
0.0016674
0.0017865
0.0016926
0.0017528
0.0017134
0.0016307
0.0016418
0.0015972
0.0016141
0.0016300
0.0015334
0.0015354
0.0016800
0.0017291
0.0016434
0.0016260
0.0015482
0.0016170
0.0017299
0.0017220
0.0016947
0.0018058
0.0018408
0.0017616
0.0017180
0.0017942
0.0020283
0.0017910
0.0017442
0.0016252
0.0015868
0.0015080
0.0017229
0.0016773
0.0017129
0.0020395
0.0017738
0.0022160
0.0020848
0.0018870
0.0017296
0.0015536
0.0015430
0.0016432
0.0016701
0.0017651
0.0017029
0.0017272
0.0016814
0.0016651
0.0021470
0.0018339
0.0017200
0.0016463
0.0016384
0.0016018
0.0017751
0.0017928
0.0020824
0.0018235
0.0020612
0.0020744
0.0018445
0.0016443
0.0016170
0.0015407
0.0015939
0.0015615
0.0016255
0.0014879
0.0014691
0.0016187
0.0017639
0.0016094
0.0017331
0.0016605
0.0016455
0.0016173
0.0017521
0.0019223
0.0018204
0.0019682
0.0019335
0.0017374
0.0017633
