11.4403333
10.9783333
12.4456667
11.2450000
11.2366667
11.2366667
11.2393333
11.7700000
12.9470000
14.6333333
20.6650000
25.3453333
27.9926667
30.8226667
36.2386667
43.8476667
52.0523333
58.8906667
64.3316667
69.0433333
72.6480000
75.4630000
77.7770000
79.8030000
81.3890000
82.7710000
83.9656667
84.9333333
85.8223333
86.5523333
87.2306667
87.8136667
88.3146667
88.6986667
89.1006667
89.4543333
89.7720000
90.0683333
90.3480000
90.6366667
90.8703333
91.1080000
91.3290000
91.5413333
91.7436667
91.9266667
92.0910000
92.2583333
92.4016667
92.5943333
92.7266667
92.8826667
93.0023333
93.1370000
93.2616667
93.3706667
93.4760000
93.5770000
93.6823333
93.7723333
93.8663333
93.9700000
94.0603333
94.1353333
94.1983333
94.2970000
94.3673333
94.4263333
94.4903333
94.5543333
94.6030000
94.6690000
94.7180000
94.7850000
94.8336667
94.8820000
94.9220000
94.9766667
95.0213333
95.0700000
95.1140000
95.1636667
95.2103333
95.2460000
95.2836667
95.3273333
95.3600000
95.3916667
95.4316667
95.4746667
95.5073333
95.5356667
95.5730000
95.5996667
95.6303333
95.6633333
95.6923333
95.7213333
95.7366667
95.7726667
95.7913333
95.8220000
95.8496667
95.8776667
95.8916667
95.9173333
95.9410000
95.9586667
95.9890000
96.0136667
96.0276667
96.0436667
96.0753333
96.0860000
96.1153333
96.1293333
96.1296667
96.1680000
96.1816667
96.1866667
96.2133333
96.2410000
96.2496667
96.2746667
96.2803333
96.2920000
96.3200000
96.3240000
96.3563333
96.3603333
96.3820000
96.3873333
96.3986667
96.4270000
96.4373333
96.4463333
96.4613333
96.4816667
96.4933333
96.5043333
96.5090000
96.5143333
96.5310000
96.5483333
96.5540000
96.5750000
96.5853333
96.5966667
96.6160000
96.6186667
96.6373333
96.6446667
96.6470000
96.6586667
96.6700000
96.6703333
96.6833333
96.7016667
96.7130000
96.7180000
96.7373333
96.7326667
96.7486667
96.7486667
96.7626667
96.7720000
96.7953333
96.7956667
96.8043333
96.8083333
96.8216667
96.8220000
96.8313333
96.8450000
96.8503333
96.8553333
96.8620000
96.8653333
96.8763333
96.8800000
96.8860000
96.8940000
96.9033333
96.9076667
96.9186667
96.9210000
96.9433333
96.9426667
96.9493333
96.9606667
96.9643333
96.9703333
96.9690000
96.9876667
96.9853333
96.9953333
97.0016667
97.0063333
97.0136667
97.0196667
97.0213333
97.0310000
