10.2968569
9.9280964
9.9937037
11.2318033
11.2366667
11.2366667
11.2346585
10.8350254
9.9544936
10.9190585
18.2723101
22.6224086
24.7819438
25.9841474
28.5994878
34.8640144
43.4208611
51.2061474
58.0662024
64.1170921
68.6233768
72.1137019
74.9638906
77.6234225
79.6358303
81.3479735
82.8424688
83.9519549
85.0507798
85.9344530
86.7202727
87.4004351
87.9672108
88.3949427
88.8453335
89.2485829
89.5721069
89.9035042
90.1938399
90.4653812
90.7377360
90.9738027
91.1841614
91.4240481
91.6348699
91.8229861
91.9920525
92.1647857
92.3115730
92.5205292
92.6447573
92.7976248
92.9174623
93.0462530
93.1678547
93.2707361
93.3859698
93.4700591
93.5702887
93.6619351
93.7562378
93.8690986
93.9501487
94.0310887
94.0988377
94.1925059
94.2553611
94.3212161
94.3947169
94.4587562
94.5168670
94.5772510
94.6186143
94.6812084
94.7290541
94.7755993
94.8123201
94.8549396
94.9100770
94.9553442
95.0071861
95.0644142
95.1105832
95.1389267
95.1707651
95.2170511
95.2497317
95.2861498
95.3319054
95.3659759
95.3892819
95.4121241
95.4492338
95.4882493
95.5181790
95.5482316
95.5680364
95.5995979
95.6158866
95.6473812
95.6592779
95.6970803
95.7155776
95.7418029
95.7658597
95.7902987
95.8179040
95.8375217
95.8572286
95.8745530
95.8991522
95.9130379
95.9450612
95.9515606
95.9782441
95.9942067
95.9874097
96.0297821
96.0468423
96.0500997
96.0798645
96.1034501
96.1142251
96.1394743
96.1531986
96.1574882
96.1786111
96.1923226
96.2215647
96.2240310
96.2432150
96.2576912
96.2682112
96.2969640
96.3152505
96.3319705
96.3311792
96.3561892
96.3708930
96.3847408
96.3879354
96.3865550
96.4083312
96.4320767
96.4303435
96.4492507
96.4630556
96.4779792
96.4920849
96.4963505
96.5197457
96.5324857
96.5329436
96.5450265
96.5624279
96.5560863
96.5703917
96.5945359
96.5974638
96.6077844
96.6320327
96.6267678
96.6389284
96.6442747
96.6688338
96.6713807
96.6912403
96.6921073
96.7034209
96.6973974
96.7234535
96.7284186
96.7314421
96.7499136
96.7579362
96.7608034
96.7666697
96.7646504
96.7755996
96.7814311
96.7949327
96.7938902
96.8074423
96.8114575
96.8208524
96.8247066
96.8465209
96.8461872
96.8481928
96.8643200
96.8611290
96.8749852
96.8741671
96.8962205
96.8882374
96.9016926
96.9125878
96.9143112
96.9198484
96.9316173
96.9304594
96.9436017
