1.3045363
1.1981639
2.7973244
0.0150555
0.0000000
0.0000000
0.0053333
1.0666667
3.4140039
4.2374342
2.7297027
3.1064514
3.6629564
5.5200295
8.7151649
10.2490087
9.8472238
8.7668915
7.1479612
5.6201073
4.5914954
3.8210501
3.2093387
2.4865731
2.0001054
1.6234612
1.2814014
1.1196066
0.8802276
0.7049095
0.5822834
0.4714356
0.3963954
0.3465038
0.2912971
0.2347306
0.2280482
0.1880455
0.1758737
0.1954112
0.1512739
0.1530991
0.1652392
0.1338050
0.1241209
0.1182840
0.1128844
0.1067239
0.1027835
0.0841995
0.0934464
0.0970200
0.0968252
0.1035288
0.1070254
0.1140058
0.1027110
0.1220036
0.1278263
0.1259480
0.1256025
0.1151135
0.1257042
0.1189276
0.1135097
0.1192122
0.1277437
0.1199231
0.1090841
0.1090392
0.0982649
0.1046720
0.1133843
0.1184108
0.1193473
0.1213874
0.1251284
0.1388724
0.1269269
0.1308052
0.1218588
0.1132323
0.1138000
0.1221547
0.1288039
0.1258156
0.1257997
0.1203790
0.1138127
0.1240000
0.1346790
0.1409436
0.1411988
0.1271106
0.1279514
0.1313139
0.1418042
0.1388820
0.1377921
0.1429320
0.1506556
0.1425147
0.1529757
0.1550004
0.1435270
0.1449276
0.1404342
0.1382084
0.1503315
0.1587080
0.1466159
0.1490280
0.1486211
0.1533754
0.1563984
0.1541594
0.1622940
0.1576860
0.1538145
0.1558026
0.1522680
0.1569239
0.1545186
0.1542343
0.1450418
0.1534579
0.1613037
0.1502243
0.1537509
0.1555006
0.1583330
0.1479024
0.1488303
0.1483517
0.1392783
0.1304709
0.1484864
0.1431510
0.1396862
0.1364372
0.1381167
0.1457761
0.1399468
0.1326315
0.1410737
0.1434612
0.1395007
0.1354047
0.1413687
0.1395445
0.1341500
0.1279818
0.1301213
0.1296465
0.1227237
0.1303389
0.1288496
0.1222202
0.1318096
0.1257396
0.1201323
0.1208148
0.1251950
0.1190957
0.1070493
0.1147916
0.1187546
0.1181459
0.1151260
0.1265614
0.1120466
0.1067625
0.1139610
0.1084794
0.1054114
0.1078445
0.1087576
0.1148642
0.1149222
0.1124525
0.1038942
0.1142103
0.1093973
0.1097603
0.1115915
0.1098565
0.1104486
0.1100687
0.1153863
0.1099171
0.1177408
0.1087781
0.1081902
0.1043264
0.1107720
0.1068301
0.1016257
0.1049836
0.1070327
0.1004512
0.1036736
0.0997085
