12.5838098
12.0285703
14.8976296
11.2581967
11.2366667
11.2366667
11.2440082
12.7049746
15.9395064
18.3476082
23.0576899
28.0682581
31.2033895
35.6611859
43.8778455
52.8313189
60.6838055
66.5751859
70.5971309
73.9695745
76.6726232
78.8122981
80.5901094
81.9825775
83.1421697
84.1940265
85.0888645
85.9147118
86.5938869
87.1702137
87.7410606
88.2268982
88.6621226
89.0023906
89.3559998
89.6600838
89.9718931
90.2331625
90.5021601
90.8079522
91.0029307
91.2421973
91.4738386
91.6586186
91.8524634
92.0303472
92.1899475
92.3518810
92.4917604
92.6681374
92.8085760
92.9677085
93.0872043
93.2277470
93.3554786
93.4705972
93.5660302
93.6839409
93.7943780
93.8827316
93.9764288
94.0709014
94.1705180
94.2395780
94.2978289
94.4014941
94.4793056
94.5314506
94.5859497
94.6499104
94.6891330
94.7607490
94.8173857
94.8887916
94.9382792
94.9884007
95.0316799
95.0983937
95.1325897
95.1846558
95.2208139
95.2629192
95.3100834
95.3530733
95.3965683
95.4376155
95.4702683
95.4971835
95.5314279
95.5833575
95.6253847
95.6592092
95.6967662
95.7110840
95.7424877
95.7784350
95.8166302
95.8430688
95.8574468
95.8979521
95.9233888
95.9469197
95.9837558
96.0135305
96.0174736
96.0443679
96.0640960
96.0798117
96.1207714
96.1527803
96.1561812
96.1742954
96.2056054
96.2204394
96.2524225
96.2644600
96.2719236
96.3062179
96.3164910
96.3232337
96.3468022
96.3785499
96.3851082
96.4098590
96.4074680
96.4265118
96.4613889
96.4556774
96.4911019
96.4966356
96.5207850
96.5169755
96.5291221
96.5570360
96.5594161
96.5606962
96.5914874
96.6071441
96.6157736
96.6239258
96.6300646
96.6421117
96.6536688
96.6645900
96.6776565
96.7007493
96.7076111
96.7153542
96.7399151
96.7409828
96.7549210
96.7568476
96.7610564
96.7723069
96.7775721
96.7845804
96.7962750
96.8087974
96.8285362
96.8282156
96.8426340
96.8385655
96.8584049
96.8530586
96.8564995
96.8726193
96.8994264
96.8992261
96.9052457
96.9192693
96.9198799
96.9155814
96.9312246
96.9400864
96.9427305
96.9498632
96.9573303
96.9660162
96.9770671
96.9785689
96.9770673
96.9941098
96.9992243
97.0038759
97.0164809
97.0172934
97.0401458
97.0391461
97.0504739
97.0570133
97.0675377
97.0656815
97.0638329
97.0791128
97.0824293
97.0889740
97.0907455
97.0983555
97.1074850
97.1077160
97.1122073
97.1183983
