48.5178133
75.9213759
75.9213759
75.9213759
75.9216830
78.1007371
81.5651106
82.5433047
82.8571867
83.0525184
83.2300369
83.4222973
83.5648034
83.6256143
83.7116093
83.7942260
83.8470516
83.8780713
83.9112408
83.9539312
83.9809582
84.0227273
84.0408477
84.0611179
84.0955160
84.1191646
84.1292998
84.1569410
84.1756757
84.1876536
84.1913391
84.2137592
84.2272727
84.2444717
84.2598280
84.2625921
84.2739558
84.2902334
84.2945332
84.3034398
84.3172604
84.3154177
84.3381450
84.3273956
84.3495086
84.3519656
84.3464373
84.3611794
84.3627150
84.3731572
84.3667076
84.3823710
84.3885135
84.3897420
84.3915848
84.3998771
84.4011057
84.4032555
84.4109337
84.4090909
84.4216830
84.4232187
84.4351966
84.4416462
84.4398034
84.4382678
84.4425676
84.4434889
84.4474816
84.4566953
84.4656020
84.4714373
84.4699017
84.4711302
84.4824939
84.4871007
84.4840295
84.4889435
84.4834152
84.4932432
84.4966216
84.5009214
84.5101351
84.5049140
84.5076781
84.5046069
84.5141278
84.5107494
84.5098280
84.5175061
84.5227273
84.5165848
84.5224201
84.5110565
84.5162776
84.5113636
84.5208845
84.5218059
84.5353194
84.5343980
84.5390049
84.5175061
