43.1130820
75.9213759
75.9213759
75.9213759
75.9211120
76.8991109
81.0977292
82.4015844
82.7678276
82.9734592
83.1535372
83.3527134
83.5052481
83.5837679
83.6594411
83.7482696
83.8074571
83.8311948
83.8575055
83.9049962
83.9362844
83.9660478
83.9977825
84.0197962
84.0567347
84.0837682
84.0851855
84.1175111
84.1446736
84.1528617
84.1536496
84.1767396
84.1837293
84.2075599
84.2161036
84.2241751
84.2314568
84.2496425
84.2584348
84.2647376
84.2813836
84.2843310
84.3022156
84.2946009
84.3224295
84.3281899
84.3153815
84.3316033
84.3287879
84.3399404
84.3288287
84.3428750
84.3580746
84.3550252
84.3533948
84.3619657
84.3682889
84.3634889
84.3716460
84.3669258
84.3862329
84.3867930
84.4015785
84.4015822
84.4045877
84.3989926
84.4046175
84.4035881
84.4095200
84.4196028
84.4256812
84.4338499
84.4317331
84.4233143
84.4333221
84.4442722
84.4420383
84.4471756
84.4406562
84.4449883
84.4553314
84.4638993
84.4785420
84.4633060
84.4661028
84.4604532
84.4731074
84.4712754
84.4682688
84.4769598
84.4881449
84.4778975
84.4868354
84.4750914
84.4749278
84.4776058
84.4829177
84.4844933
84.5020524
84.4979983
84.5014078
84.4817669
