8.7200311
0.0000000
0.0000000
0.0000000
0.0009214
1.9387121
0.7540764
0.2286525
0.1441727
0.1275547
0.1234250
0.1122672
0.0960870
0.0675152
0.0841686
0.0741464
0.0638821
0.0756308
0.0866970
0.0789521
0.0720770
0.0914470
0.0694816
0.0666688
0.0625700
0.0571088
0.0711743
0.0636165
0.0500190
0.0561334
0.0608085
0.0597278
0.0702532
0.0595538
0.0705453
0.0619823
0.0685681
0.0654897
0.0582414
0.0624424
0.0578840
0.0501555
0.0579686
0.0529112
0.0436896
0.0383599
0.0501057
0.0477182
0.0547381
0.0535923
0.0611141
0.0637231
0.0491103
0.0560123
0.0616160
0.0611665
0.0529468
0.0641598
0.0633870
0.0680295
0.0571954
0.0587694
0.0542396
0.0646395
0.0568174
0.0633669
0.0612290
0.0643763
0.0612474
0.0598453
0.0644085
0.0606438
0.0615815
0.0771466
0.0793341
0.0690998
0.0677488
0.0673886
0.0689878
0.0778549
0.0666179
0.0597317
0.0509726
0.0671306
0.0670779
0.0712378
0.0661825
0.0636876
0.0670519
0.0654177
0.0557955
0.0624183
0.0574127
0.0580264
0.0667141
0.0544652
0.0612559
0.0602005
0.0536732
0.0587276
0.0606594
0.0576619
