53.9225445
75.9213759
75.9213759
75.9213759
75.9222541
79.3023633
82.0324919
82.6850249
82.9465459
83.1315776
83.3065365
83.4918812
83.6243588
83.6674606
83.7637776
83.8401825
83.8866461
83.9249477
83.9649761
84.0028662
84.0256320
84.0794067
84.0839128
84.1024397
84.1342972
84.1545610
84.1734140
84.1963709
84.2066778
84.2224454
84.2290286
84.2507789
84.2708161
84.2813836
84.3035524
84.3010091
84.3164547
84.3308244
84.3306315
84.3421420
84.3531373
84.3465044
84.3740743
84.3601903
84.3765877
84.3757413
84.3774932
84.3907554
84.3966420
84.4063741
84.4045865
84.4218670
84.4189524
84.4244588
84.4297747
84.4377886
84.4339224
84.4430222
84.4502213
84.4512560
84.4571331
84.4596443
84.4688146
84.4817102
84.4750192
84.4775430
84.4805177
84.4833898
84.4854431
84.4937878
84.5055228
84.5090248
84.5080703
84.5189461
84.5316656
84.5299292
84.5260206
84.5307114
84.5261743
84.5414982
84.5379118
84.5379435
84.5417283
84.5465220
84.5492534
84.5487606
84.5551481
84.5502234
84.5513872
84.5580524
84.5573097
84.5552720
84.5580049
84.5470216
84.5576275
84.5451215
84.5588513
84.5591185
84.5685864
84.5707978
84.5766020
84.5532454
