0.9999200
0.9999920
0.8798561
0.7614714
0.6747861
0.6062535
0.5475970
0.4990884
0.4589684
0.4252619
0.3964414
0.3696042
0.3491483
0.3314674
0.3175850
0.3021831
0.2915074
0.2855338
0.2760016
0.2643743
0.2554338
0.2481008
0.2412955
0.2344982
0.2307637
0.2270372
0.2187525
0.2135226
0.2094282
0.2078689
0.2049660
0.1982327
0.1953699
0.1918113
0.1895402
0.1869652
0.1858776
0.1816234
0.1772651
0.1784646
0.1756657
0.1715394
0.1679888
0.1635586
0.1630948
0.1611196
0.1583926
0.1564654
0.1567213
0.1579608
0.1549540
0.1551539
0.1531787
0.1571691
0.1529388
0.1536106
0.1520032
0.1478689
0.1454538
0.1428788
0.1402799
0.1411116
0.1399120
0.1377769
0.1377369
0.1384886
0.1373131
0.1353858
0.1342503
0.1333866
0.1332907
0.1321951
0.1347141
0.1341543
0.1335626
0.1332587
0.1335306
0.1312435
0.1318193
0.1287965
0.1256857
0.1239264
0.1251579
0.1224390
0.1216713
0.1245582
0.1249660
0.1263255
0.1266293
0.1262535
0.1244142
0.1228229
0.1220632
0.1195442
0.1214474
0.1221431
0.1200880
0.1223750
0.1211835
0.1238625
0.1209676
0.1190964
0.1186885
0.1222151
0.1223431
0.1236385
0.1222631
0.1206957
0.1198161
0.1164254
0.1150580
0.1136745
0.1116593
0.1142983
0.1140264
0.1150420
0.1154898
0.1170732
0.1197841
0.1210796
0.1181607
0.1164574
0.1163055
0.1156018
0.1149860
0.1126589
0.1125390
0.1126509
0.1142743
0.1134346
0.1143383
0.1141543
0.1152899
0.1152579
0.1145782
0.1133387
0.1120352
0.1109476
0.1096601
0.1084446
0.1107477
0.1106357
0.1096761
0.1080448
0.1081327
0.1087325
0.1110676
0.1114434
0.1149380
0.1152819
0.1126989
0.1111315
0.1088205
0.1082287
0.1088764
0.1095162
0.1082367
0.1086285
0.1089644
0.1114034
0.1152419
0.1141224
0.1142183
0.1118193
0.1095082
0.1062215
0.1065814
0.1075330
0.1086285
0.1088685
0.1105078
0.1096441
0.1088045
0.1091164
0.1102759
0.1100200
0.1085406
0.1110996
0.1119472
0.1125950
0.1117393
0.1119472
0.1155858
0.1136585
0.1117153
0.1122191
0.1110516
0.1121072
0.1113954
0.1105158
0.1106677
0.1092523
0.1082767
0.1083247
0.1073091
0.1058776
0.1068293
0.1081967
0.1104918
0.1094122
0.1109956
0.1115474
