0.9998979
0.9999780
0.8737122
0.7514887
0.6622022
0.5934759
0.5351774
0.4857153
0.4471035
0.4131463
0.3861753
0.3594529
0.3403441
0.3238495
0.3112273
0.2935876
0.2840012
0.2816253
0.2717456
0.2594294
0.2512280
0.2438960
0.2377239
0.2325988
0.2277677
0.2204736
0.2147494
0.2093158
0.2055141
0.2040432
0.2013389
0.1937233
0.1923097
0.1870946
0.1854656
0.1814148
0.1825281
0.1782341
0.1728954
0.1724945
0.1679101
0.1655246
0.1620202
0.1583853
0.1597405
0.1578083
0.1546289
0.1502464
0.1527838
0.1534745
0.1514454
0.1496489
0.1466717
0.1502999
0.1465744
0.1444889
0.1442865
0.1409969
0.1391812
0.1381294
0.1366625
0.1352669
0.1362643
0.1342667
0.1344242
0.1342671
0.1320534
0.1322604
0.1299800
0.1274621
0.1281910
0.1285326
0.1294812
0.1306482
0.1280963
0.1269758
0.1311261
0.1294429
0.1278570
0.1252597
0.1216126
0.1186779
0.1216172
0.1187497
0.1178550
0.1181649
0.1196524
0.1232839
0.1245260
0.1224999
0.1204660
0.1198957
0.1172479
0.1159040
0.1172487
0.1163996
0.1124672
0.1151255
0.1144863
0.1169169
0.1151012
0.1118009
0.1108135
0.1174300
0.1178547
0.1170421
0.1145604
0.1139386
0.1133697
0.1091347
0.1086149
0.1068113
0.1065858
0.1076872
0.1074206
0.1083206
0.1098815
0.1066025
0.1083355
0.1111071
0.1089236
0.1084946
0.1091860
0.1086576
0.1072740
0.1066679
0.1073127
0.1059330
0.1060567
0.1062061
0.1099058
0.1105028
0.1109259
0.1107177
0.1090581
0.1069475
0.1059673
0.1056610
0.1036684
0.1029861
0.1067390
0.1069757
0.1038788
0.1021923
0.1029944
0.1021104
0.1049202
0.1071513
0.1123275
0.1101994
0.1082841
0.1072523
0.1045410
0.1040912
0.1053015
0.1073260
0.1056176
0.1038371
0.1007672
0.0997326
0.1009908
0.1023965
0.1045708
0.1038235
0.1025012
0.1001856
0.0993125
0.1023521
0.1021197
0.1034762
0.1043266
0.1026216
0.1034734
0.1039675
0.1043906
0.1011583
0.0995065
0.0989207
0.1003509
0.1008202
0.1001649
0.1009858
0.1037516
0.1020739
0.0987758
0.0997431
0.0987291
0.1017063
0.1020216
0.1016399
0.1021510
0.1011179
0.0997604
0.0974126
0.0973259
0.0973243
0.1005542
0.1028845
0.1049371
0.1032710
0.1065089
0.1076439
