0.0000253
0.0000160
0.0070092
0.0113888
0.0143563
0.0145774
0.0141688
0.0152566
0.0135360
0.0138221
0.0117122
0.0115811
0.0100443
0.0086909
0.0072531
0.0098062
0.0085634
0.0044590
0.0048555
0.0056413
0.0047983
0.0047970
0.0040746
0.0021669
0.0034180
0.0074881
0.0045669
0.0047994
0.0044654
0.0043645
0.0041379
0.0051446
0.0034912
0.0053810
0.0046484
0.0063322
0.0038214
0.0038666
0.0049852
0.0068110
0.0088480
0.0068620
0.0068092
0.0059020
0.0038267
0.0037776
0.0042939
0.0070949
0.0044922
0.0051182
0.0040028
0.0062804
0.0074235
0.0078368
0.0072609
0.0104065
0.0088036
0.0078399
0.0071561
0.0054184
0.0041269
0.0066678
0.0041615
0.0040046
0.0037793
0.0048161
0.0060006
0.0035657
0.0048718
0.0067591
0.0058179
0.0041784
0.0059699
0.0040000
0.0062362
0.0071678
0.0027432
0.0020542
0.0045203
0.0040349
0.0046468
0.0059878
0.0040395
0.0042090
0.0043538
0.0072937
0.0060620
0.0034700
0.0023996
0.0042823
0.0045043
0.0033395
0.0054935
0.0041529
0.0047901
0.0065526
0.0086942
0.0082707
0.0076405
0.0079238
0.0066927
0.0083230
0.0089842
0.0054590
0.0051206
0.0075256
0.0087877
0.0077089
0.0073543
0.0083176
0.0073506
0.0078299
0.0057882
0.0075422
0.0075363
0.0076681
0.0063982
0.0119455
0.0130612
0.0113770
0.0105381
0.0090843
0.0081223
0.0079222
0.0087982
0.0068349
0.0059625
0.0076641
0.0093750
0.0082467
0.0050568
0.0041659
0.0049786
0.0051797
0.0062976
0.0072913
0.0069226
0.0060313
0.0068357
0.0062274
0.0045733
0.0041756
0.0066139
0.0066768
0.0058621
0.0075548
0.0070133
0.0048967
0.0029783
0.0057983
0.0050367
0.0044257
0.0048823
0.0047203
0.0040784
0.0024987
0.0029881
0.0054663
0.0093518
0.0133147
0.0162584
0.0133774
0.0110064
0.0091220
0.0079939
0.0068861
0.0082927
0.0059106
0.0074256
0.0061518
0.0070519
0.0080116
0.0060820
0.0058740
0.0067143
0.0101098
0.0103066
0.0138943
0.0132297
0.0134333
0.0132046
0.0125054
0.0135010
0.0132163
0.0147621
0.0142333
0.0140582
0.0118658
0.0106942
0.0101261
0.0097163
0.0092801
0.0097159
0.0124490
0.0113893
0.0097581
0.0071589
0.0060604
0.0063371
0.0070062
0.0051187
0.0044532
