0.9999422
1.0000060
0.8859999
0.7714542
0.6873700
0.6190311
0.5600165
0.5124614
0.4708333
0.4373775
0.4067076
0.3797554
0.3579526
0.3390853
0.3239426
0.3107787
0.2990136
0.2894423
0.2802576
0.2693191
0.2596397
0.2523055
0.2448671
0.2363976
0.2337597
0.2336008
0.2227556
0.2177294
0.2133424
0.2116945
0.2085931
0.2027421
0.1984300
0.1965280
0.1936147
0.1925157
0.1892272
0.1850126
0.1816348
0.1844347
0.1834214
0.1775542
0.1739574
0.1687319
0.1664490
0.1644308
0.1621564
0.1626844
0.1606589
0.1624471
0.1584626
0.1606589
0.1596857
0.1640384
0.1593033
0.1627322
0.1597199
0.1547408
0.1517264
0.1476283
0.1438973
0.1469562
0.1435598
0.1412871
0.1410496
0.1427101
0.1425728
0.1385113
0.1385206
0.1393112
0.1383903
0.1358576
0.1399470
0.1376605
0.1390288
0.1395416
0.1359351
0.1330441
0.1357815
0.1323332
0.1297588
0.1291749
0.1286987
0.1261283
0.1254876
0.1309514
0.1302796
0.1293670
0.1287327
0.1300071
0.1283624
0.1257501
0.1268784
0.1231844
0.1256461
0.1278867
0.1277087
0.1296246
0.1278808
0.1308080
0.1268340
0.1263918
0.1265636
0.1270002
0.1268315
0.1302350
0.1299658
0.1274529
0.1262624
0.1237162
0.1215010
0.1205378
0.1167329
0.1209093
0.1206322
0.1217633
0.1210981
0.1275438
0.1312327
0.1310520
0.1273978
0.1244202
0.1234250
0.1225459
0.1226980
0.1186500
0.1177653
0.1193688
0.1224918
0.1206632
0.1187707
0.1178059
0.1196539
0.1197981
0.1200983
0.1197298
0.1181031
0.1162343
0.1156519
0.1139032
0.1147564
0.1142958
0.1154735
0.1138973
0.1132711
0.1153546
0.1172150
0.1157356
0.1175486
0.1203644
0.1171138
0.1150108
0.1131000
0.1123662
0.1124514
0.1117064
0.1108559
0.1134200
0.1171617
0.1230743
0.1294930
0.1258482
0.1238658
0.1198150
0.1165152
0.1122574
0.1138503
0.1127138
0.1151374
0.1142607
0.1166890
0.1166667
0.1141356
0.1142652
0.1161612
0.1188816
0.1175747
0.1232784
0.1235435
0.1243698
0.1233137
0.1229086
0.1274199
0.1252432
0.1246549
0.1246952
0.1233741
0.1225080
0.1207693
0.1193917
0.1191845
0.1173867
0.1167930
0.1192367
0.1172922
0.1144310
0.1131043
0.1135089
0.1160465
0.1155534
0.1154823
0.1154508
