0.6927270
0.5583151
0.5413699
0.5191290
0.4747800
0.4282302
0.3983660
0.3816709
0.3715780
0.3647043
0.3596577
0.3557788
0.3526960
0.3502005
0.3481375
0.3464037
0.3449272
0.3436553
0.3425516
0.3415846
0.3407297
0.3399655
0.3392806
0.3386620
0.3380980
0.3375801
0.3371035
0.3366626
0.3362540
0.3358736
0.3355178
0.3351852
0.3348734
0.3345807
0.3343056
0.3340458
0.3338003
0.3335680
0.3333477
0.3331386
0.3329401
0.3327511
0.3325706
0.3323990
0.3322354
0.3320790
0.3319298
0.3317873
0.3316508
0.3315202
0.3313951
0.3312750
0.3311600
0.3310494
0.3309433
0.3308413
0.3307428
0.3306476
0.3305562
0.3304679
0.3303826
0.3303002
0.3302206
0.3301438
0.3300694
0.3299973
0.3299276
0.3298603
0.3297953
0.3297324
0.3296714
0.3296122
0.3295547
0.3294987
0.3294441
0.3293912
0.3293400
0.3292905
0.3292422
0.3291950
0.3291492
0.3291046
0.3290610
0.3290186
0.3289773
0.3289371
0.3288982
0.3288605
0.3288239
0.3287882
0.3287533
0.3287190
0.3286856
0.3286529
0.3286209
0.3285895
0.3285587
0.3285288
0.3284995
0.3284709
0.3284430
0.3284155
