0.0100966
0.0045577
0.0029874
0.0102595
0.0178757
0.0152685
0.0095566
0.0062109
0.0045428
0.0036156
0.0030295
0.0026137
0.0023172
0.0020950
0.0019171
0.0017799
0.0016742
0.0015935
0.0015293
0.0014757
0.0014280
0.0013869
0.0013500
0.0013179
0.0012885
0.0012614
0.0012344
0.0012082
0.0011835
0.0011599
0.0011368
0.0011152
0.0010946
0.0010744
0.0010549
0.0010366
0.0010191
0.0010024
0.0009857
0.0009694
0.0009539
0.0009391
0.0009244
0.0009101
0.0008964
0.0008833
0.0008708
0.0008588
0.0008468
0.0008356
0.0008247
0.0008142
0.0008041
0.0007944
0.0007850
0.0007761
0.0007676
0.0007592
0.0007510
0.0007430
0.0007354
0.0007280
0.0007207
0.0007136
0.0007069
0.0007004
0.0006939
0.0006877
0.0006818
0.0006761
0.0006705
0.0006649
0.0006591
0.0006535
0.0006480
0.0006426
0.0006376
0.0006326
0.0006276
0.0006229
0.0006181
0.0006136
0.0006092
0.0006049
0.0006007
0.0005966
0.0005927
0.0005890
0.0005852
0.0005817
0.0005781
0.0005747
0.0005713
0.0005680
0.0005647
0.0005613
0.0005580
0.0005548
0.0005516
0.0005484
0.0005454
0.0005424
