0.6989849
0.5611400
0.5432215
0.5254879
0.4858595
0.4376938
0.4042893
0.3855205
0.3743937
0.3669452
0.3615353
0.3573988
0.3541322
0.3514991
0.3493257
0.3475069
0.3459649
0.3446429
0.3434995
0.3424992
0.3416148
0.3408251
0.3401173
0.3394788
0.3388966
0.3383620
0.3378686
0.3374115
0.3369876
0.3365925
0.3362224
0.3358764
0.3355518
0.3352466
0.3349594
0.3346883
0.3344319
0.3341893
0.3339587
0.3337394
0.3335313
0.3333331
0.3331435
0.3329631
0.3327909
0.3326265
0.3324695
0.3323195
0.3321757
0.3320381
0.3319062
0.3317797
0.3316584
0.3315418
0.3314299
0.3313224
0.3312185
0.3311182
0.3310217
0.3309285
0.3308383
0.3307514
0.3306673
0.3305861
0.3305075
0.3304314
0.3303577
0.3302865
0.3302179
0.3301515
0.3300870
0.3300243
0.3299632
0.3299038
0.3298457
0.3297895
0.3297352
0.3296825
0.3296312
0.3295811
0.3295324
0.3294849
0.3294386
0.3293936
0.3293496
0.3293069
0.3292656
0.3292256
0.3291866
0.3291487
0.3291116
0.3290752
0.3290397
0.3290049
0.3289708
0.3289374
0.3289045
0.3288726
0.3288414
0.3288109
0.3287810
0.3287517
