0.0013464
0.0012556
0.0011139
0.0010890
0.0011485
0.0012820
0.0015089
0.0018644
0.0024428
0.0034821
0.0056208
0.0110300
0.0272572
0.0581515
0.0722988
0.1057097
0.1396596
0.1386890
0.1337637
0.1305641
0.1229559
0.1119332
0.0999078
0.0882065
0.0775659
0.0676890
0.0581275
0.0499619
0.0433659
0.0379506
0.0336187
0.0302518
0.0273141
0.0247687
0.0228053
0.0211490
0.0198415
0.0184756
0.0173314
0.0165424
0.0157683
0.0149921
0.0143732
0.0137245
0.0132033
0.0125709
0.0123577
0.0117728
0.0113833
0.0109869
0.0106317
0.0103530
0.0100834
0.0097933
0.0093905
0.0092657
0.0091544
0.0088125
0.0086809
0.0084319
0.0084254
0.0080591
0.0078766
0.0075542
0.0075019
0.0075819
0.0072141
0.0070574
0.0070867
0.0068298
0.0066289
0.0065684
0.0063724
0.0062331
0.0062209
0.0061129
0.0060037
0.0060417
0.0059838
0.0057464
0.0058228
0.0055509
0.0054860
0.0053495
0.0053600
0.0053301
0.0051257
0.0051674
0.0051191
0.0049700
0.0048805
0.0048481
0.0047659
0.0048313
0.0047936
0.0046691
0.0047819
0.0045519
0.0045599
0.0046227
0.0045352
0.0044181
0.0043851
0.0043446
0.0042432
0.0042324
0.0042175
0.0041465
0.0044004
0.0041829
0.0040544
0.0040635
0.0041468
0.0040924
0.0039438
0.0039041
0.0039258
0.0038633
0.0038436
0.0038205
0.0038307
0.0037899
0.0038316
0.0037840
0.0037407
0.0037385
0.0036569
0.0035534
0.0036722
0.0036474
0.0035204
0.0035269
0.0037180
0.0036113
0.0036888
0.0035017
0.0034203
0.0035907
0.0033960
0.0037040
0.0033189
0.0033314
0.0033342
0.0034520
0.0033374
0.0031714
0.0032588
0.0032463
0.0031875
0.0032608
0.0032399
0.0033345
0.0033323
0.0031914
0.0030928
0.0031663
0.0030503
0.0030728
0.0030156
0.0031160
0.0031532
0.0032600
0.0031049
0.0029837
0.0029581
0.0029675
0.0030383
0.0032134
0.0030274
0.0030507
0.0029437
0.0028882
0.0029171
0.0028708
0.0028814
0.0032704
0.0029319
0.0030141
0.0028865
0.0029118
0.0028600
0.0028193
0.0027620
0.0027249
0.0027664
0.0028502
0.0027740
0.0027418
0.0030068
0.0027510
0.0028264
0.0028405
0.0026721
0.0029120
0.0026311
0.0027506
0.0031238
0.0026730
0.0027252
0.0027026
0.0026352
0.0027146
