0.0012027
0.0011448
0.0010112
0.0009721
0.0009999
0.0010750
0.0012034
0.0013896
0.0016522
0.0020416
0.0025903
0.0031899
0.0033928
0.0102379
0.0264543
0.0654194
0.1074272
0.1034587
0.0981430
0.1033731
0.1032915
0.0895249
0.0729694
0.0608324
0.0509670
0.0435828
0.0383297
0.0342522
0.0308277
0.0280386
0.0255394
0.0235638
0.0219033
0.0203401
0.0192125
0.0182080
0.0172185
0.0163739
0.0155530
0.0149301
0.0145442
0.0139492
0.0134921
0.0129437
0.0124830
0.0119258
0.0117620
0.0112342
0.0108690
0.0104329
0.0102148
0.0099093
0.0096604
0.0093360
0.0090040
0.0088485
0.0088114
0.0084826
0.0083507
0.0081401
0.0080613
0.0077672
0.0075945
0.0073543
0.0072039
0.0072564
0.0069781
0.0068110
0.0068441
0.0066268
0.0064751
0.0063920
0.0061458
0.0060988
0.0060207
0.0059111
0.0057756
0.0058547
0.0056650
0.0055781
0.0055165
0.0053588
0.0052949
0.0051547
0.0052288
0.0051673
0.0049400
0.0050203
0.0049295
0.0047666
0.0047665
0.0047243
0.0046213
0.0046168
0.0045788
0.0045435
0.0044570
0.0044242
0.0043814
0.0045021
0.0042473
0.0042325
0.0042141
0.0042004
0.0041341
0.0040694
0.0040918
0.0039866
0.0040555
0.0040261
0.0039150
0.0039091
0.0039494
0.0039479
0.0037971
0.0037892
0.0036991
0.0037908
0.0037510
0.0037351
0.0036684
0.0036775
0.0036677
0.0037427
0.0035333
0.0035719
0.0035053
0.0034342
0.0035210
0.0034547
0.0033986
0.0033611
0.0036313
0.0034541
0.0034843
0.0034263
0.0033057
0.0034075
0.0032403
0.0032521
0.0032064
0.0032503
0.0032540
0.0031111
0.0031865
0.0030827
0.0030918
0.0031537
0.0030917
0.0030862
0.0030769
0.0032690
0.0031910
0.0030413
0.0029497
0.0029923
0.0028960
0.0029958
0.0029201
0.0030151
0.0030354
0.0029873
0.0029935
0.0028601
0.0028189
0.0028904
0.0029231
0.0029593
0.0028722
0.0028535
0.0028189
0.0028027
0.0027656
0.0027359
0.0027770
0.0025592
0.0028001
0.0027629
0.0027099
0.0027666
0.0027299
0.0026978
0.0026881
0.0026188
0.0026514
0.0026668
0.0026536
0.0026102
0.0025923
0.0026411
0.0027808
0.0024983
0.0025837
0.0026208
0.0025615
0.0025782
0.0023969
0.0025823
0.0026229
0.0025217
0.0024014
0.0025111
