0.0001639
0.0001265
0.0001172
0.0001333
0.0001695
0.0002362
0.0003486
0.0005416
0.0009019
0.0016435
0.0034573
0.0089443
0.0272257
0.0546624
0.0523017
0.0459652
0.0367724
0.0401926
0.0406379
0.0310209
0.0224342
0.0255645
0.0307327
0.0312298
0.0303454
0.0275016
0.0225864
0.0179225
0.0143042
0.0113082
0.0092173
0.0076299
0.0061730
0.0050524
0.0040988
0.0033553
0.0029924
0.0023977
0.0020289
0.0018394
0.0013965
0.0011897
0.0010052
0.0008908
0.0008217
0.0007360
0.0006796
0.0006144
0.0005867
0.0006320
0.0004756
0.0005061
0.0004826
0.0005217
0.0004409
0.0004760
0.0003913
0.0003764
0.0003767
0.0003329
0.0004154
0.0003330
0.0003217
0.0002281
0.0003399
0.0003713
0.0002692
0.0002811
0.0002767
0.0002317
0.0001755
0.0002013
0.0002584
0.0001532
0.0002284
0.0002303
0.0002602
0.0002134
0.0003637
0.0001921
0.0003495
0.0002191
0.0002180
0.0002222
0.0001496
0.0001858
0.0002118
0.0001679
0.0002163
0.0002321
0.0001301
0.0001412
0.0001649
0.0002447
0.0002451
0.0001433
0.0003707
0.0001456
0.0002037
0.0001377
0.0003284
0.0002117
0.0001951
0.0001646
0.0001245
0.0001859
0.0001434
0.0001825
0.0003935
0.0001789
0.0001590
0.0001761
0.0002252
0.0001648
0.0001673
0.0001311
0.0002586
0.0000826
0.0001057
0.0000974
0.0001852
0.0001282
0.0001870
0.0000470
0.0002367
0.0001901
0.0001730
0.0001360
0.0001725
0.0002199
0.0001390
0.0001891
0.0000989
0.0001793
0.0002333
0.0000859
0.0001307
0.0002090
0.0001777
0.0005155
0.0001283
0.0000925
0.0000915
0.0003889
0.0001722
0.0001013
0.0001905
0.0001056
0.0001092
0.0001993
0.0001859
0.0000747
0.0001613
0.0001712
0.0001633
0.0001985
0.0001760
0.0000878
0.0001089
0.0001152
0.0001344
0.0003111
0.0001271
0.0001411
0.0001587
0.0000880
0.0001314
0.0002898
0.0001770
0.0002249
0.0001424
0.0000975
0.0001728
0.0001539
0.0001191
0.0008114
0.0001505
0.0002866
0.0002016
0.0001657
0.0001484
0.0001385
0.0000842
0.0001211
0.0001312
0.0002092
0.0001373
0.0001501
0.0004728
0.0001255
0.0000521
0.0003904
0.0001008
0.0003322
0.0000794
0.0001967
0.0008293
0.0001034
0.0001166
0.0002064
0.0002667
0.0002322
