0.0014900
0.0013665
0.0012167
0.0012058
0.0012971
0.0014890
0.0018144
0.0023391
0.0032333
0.0049227
0.0086512
0.0188700
0.0511216
0.1060652
0.1181433
0.1459999
0.1718920
0.1739194
0.1693844
0.1577551
0.1426203
0.1343416
0.1268462
0.1155806
0.1041649
0.0917953
0.0779253
0.0656717
0.0559040
0.0478627
0.0416980
0.0369397
0.0327250
0.0291973
0.0263981
0.0240901
0.0224645
0.0205772
0.0191098
0.0181547
0.0169924
0.0160349
0.0152543
0.0145053
0.0139236
0.0132160
0.0129534
0.0123113
0.0118976
0.0115409
0.0110486
0.0107966
0.0105065
0.0102506
0.0097769
0.0096830
0.0094974
0.0091425
0.0090111
0.0087237
0.0087895
0.0083509
0.0081586
0.0077541
0.0077999
0.0079074
0.0074501
0.0073038
0.0073292
0.0070329
0.0067828
0.0067449
0.0065989
0.0063673
0.0064212
0.0063148
0.0062318
0.0062287
0.0063027
0.0059148
0.0061292
0.0057429
0.0056770
0.0055442
0.0054911
0.0054930
0.0053113
0.0053145
0.0053087
0.0051734
0.0049945
0.0049718
0.0049104
0.0050458
0.0050084
0.0047947
0.0051068
0.0046795
0.0047385
0.0047434
0.0048230
0.0046036
0.0045561
0.0044888
0.0043522
0.0043954
0.0043431
0.0043065
0.0047454
0.0043397
0.0041937
0.0042179
0.0043442
0.0042368
0.0040905
0.0040190
0.0041525
0.0039357
0.0039363
0.0039059
0.0039931
0.0039023
0.0039955
0.0038252
0.0039482
0.0039051
0.0038085
0.0036727
0.0038235
0.0038401
0.0036422
0.0036927
0.0038046
0.0037684
0.0038933
0.0035770
0.0035348
0.0037739
0.0035517
0.0041558
0.0034314
0.0034125
0.0034144
0.0037928
0.0034883
0.0032602
0.0034257
0.0033389
0.0032832
0.0034355
0.0034029
0.0033999
0.0034737
0.0033415
0.0032359
0.0033403
0.0032046
0.0031497
0.0031110
0.0032170
0.0032710
0.0035327
0.0032163
0.0031074
0.0030972
0.0030446
0.0031535
0.0034674
0.0031826
0.0032478
0.0030685
0.0029736
0.0030686
0.0030057
0.0029858
0.0039816
0.0030638
0.0032653
0.0030632
0.0030571
0.0029901
0.0029407
0.0028358
0.0028310
0.0028814
0.0030335
0.0028943
0.0028734
0.0034213
0.0028610
0.0028721
0.0031827
0.0027604
0.0032031
0.0027007
0.0029230
0.0038507
0.0027636
0.0028274
0.0028835
0.0028690
0.0029181
