0.0059442
0.0061067
0.0022623
0.0007140
0.0006704
0.0013123
0.0019705
0.0025805
0.0031341
0.0036248
0.0040424
0.0043797
0.0046256
0.0047311
0.0045983
0.0041630
0.0035501
0.0030367
0.0027888
0.0027526
0.0028230
0.0029389
0.0030746
0.0032205
0.0033729
0.0035292
0.0036877
0.0038464
0.0040027
0.0041544
0.0042988
0.0044336
0.0045565
0.0046653
0.0047572
0.0048311
0.0048857
0.0049204
0.0049349
0.0049293
0.0049045
0.0048615
0.0048016
0.0047263
0.0046376
0.0045374
0.0044277
0.0043104
0.0041876
0.0040611
0.0039325
0.0038036
0.0036756
0.0035499
0.0034274
0.0033090
0.0031956
0.0030877
0.0029856
0.0028900
0.0028009
0.0027184
0.0026427
0.0025737
0.0025113
0.0024554
0.0024057
0.0023622
0.0023244
0.0022921
0.0022651
0.0022430
0.0022257
0.0022126
0.0022036
0.0021984
0.0021966
0.0021978
0.0022019
0.0022086
0.0022176
0.0022287
0.0022415
0.0022559
0.0022716
0.0022884
0.0023061
0.0023247
0.0023438
0.0023638
0.0023832
0.0024038
0.0024234
0.0024435
0.0024606
0.0024161
0.0022030
0.0139626
0.0486736
0.0437228
0.0210200
0.0071199
