50.1670762
75.9213759
75.9213759
75.9213759
77.4367322
81.2705774
82.3353808
82.7862408
82.9711302
83.1185504
83.2410934
83.3387592
83.4456388
83.5199631
83.5933661
83.6885749
83.7392506
83.8197174
83.8682432
83.9351966
83.9597666
84.0012285
84.0230344
84.0506757
84.0773956
84.0979730
84.1271499
84.1403563
84.1726044
84.1965602
84.2063882
84.2223587
84.2407862
84.2398649
84.2487715
84.2570639
84.2656634
84.2788698
84.2813268
84.2859337
84.3028256
84.2991400
84.3175676
84.3178747
84.3277027
84.3313882
84.3399877
84.3568796
84.3559582
84.3590295
84.3654791
84.3648649
84.3903563
84.3888206
84.3882064
84.4007985
84.3958845
84.4041769
84.3900491
84.4345823
84.4259828
84.4382678
84.4097052
84.4358108
84.4450246
84.4425676
84.4474816
84.4490172
84.4502457
84.4557740
84.4643735
84.4702088
84.4775799
84.4791155
84.4791155
84.4726658
84.4815725
84.4883292
84.4987715
84.5015356
84.5036855
84.4892506
84.5132064
84.5165848
84.5107494
84.5202703
84.5202703
84.5297912
84.5356265
84.5426904
84.5371622
84.5294840
84.5383907
84.5420762
84.5448403
84.5347052
84.5242629
84.5343980
84.5328624
84.5503686
84.5445332
84.5282555
