34.2017089
75.9213759
75.9213759
75.9213759
77.0292764
81.0470543
82.2374464
82.7382358
82.9322468
83.0962825
83.2013632
83.3135851
83.4262550
83.4942479
83.5629207
83.6768405
83.7163720
83.8011822
83.8529138
83.9149245
83.9415468
83.9832137
84.0074657
84.0430400
84.0592725
84.0910021
84.1098116
84.1284243
84.1562248
84.1764470
84.1893365
84.2096802
84.2233230
84.2234179
84.2366064
84.2451623
84.2551868
84.2696300
84.2681659
84.2786476
84.2873842
84.2885140
84.3078686
84.3060955
84.3097756
84.3207878
84.3205292
84.3400633
84.3454609
84.3381065
84.3477400
84.3437909
84.3746071
84.3719227
84.3689849
84.3873530
84.3709621
84.3854288
84.3630451
84.4195826
84.4029117
84.4253445
84.3926620
84.4152548
84.4286482
84.4256214
84.4366646
84.4382422
84.4340933
84.4449119
84.4519432
84.4574038
84.4596730
84.4628246
84.4666561
84.4517602
84.4646788
84.4714914
84.4818993
84.4926457
84.4890094
84.4681552
84.4964971
84.4992800
84.4974502
84.5083885
84.5024171
84.5167840
84.5247311
84.5273799
84.5266648
84.5158684
84.5219481
84.5276177
84.5311981
84.5171498
84.5024846
84.5150002
84.5108194
84.5354233
84.5309910
84.5098744
