25.7586349
0.0000000
0.0000000
0.0000000
0.6573919
0.3606338
0.1580081
0.0774516
0.0627348
0.0359271
0.0641010
0.0406161
0.0312740
0.0414892
0.0491209
0.0189325
0.0369126
0.0299049
0.0247326
0.0327070
0.0293959
0.0290652
0.0251186
0.0123195
0.0292399
0.0112468
0.0279737
0.0192511
0.0264271
0.0324508
0.0275113
0.0204556
0.0281753
0.0265357
0.0196272
0.0192021
0.0169031
0.0149074
0.0212339
0.0117553
0.0249131
0.0171441
0.0156483
0.0190046
0.0289236
0.0171028
0.0313945
0.0271315
0.0169365
0.0337572
0.0286204
0.0340009
0.0254099
0.0272633
0.0310121
0.0216931
0.0402100
0.0302483
0.0435685
0.0242006
0.0372230
0.0208506
0.0274976
0.0331653
0.0264217
0.0273411
0.0174522
0.0173845
0.0260604
0.0175250
0.0200551
0.0206597
0.0288910
0.0262839
0.0201020
0.0337293
0.0272564
0.0271663
0.0272218
0.0143431
0.0236785
0.0340355
0.0269589
0.0279197
0.0214570
0.0191701
0.0288044
0.0209859
0.0175787
0.0247021
0.0169365
0.0219675
0.0265286
0.0233274
0.0220104
0.0283239
0.0351373
0.0312967
0.0355643
0.0241128
0.0218491
0.0296563
