66.1324435
75.9213759
75.9213759
75.9213759
77.8441879
81.4941005
82.4333153
82.8342458
83.0100137
83.1408182
83.2808236
83.3639333
83.4650227
83.5456784
83.6238115
83.7003094
83.7621293
83.8382527
83.8835727
83.9554686
83.9779864
84.0192433
84.0386031
84.0583114
84.0955186
84.1049438
84.1444882
84.1522883
84.1889841
84.2166734
84.2234399
84.2350372
84.2582495
84.2563119
84.2609366
84.2689655
84.2761400
84.2881095
84.2944877
84.2932197
84.3182669
84.3097661
84.3272665
84.3296539
84.3456298
84.3419886
84.3594462
84.3736959
84.3664556
84.3799524
84.3832182
84.3859388
84.4061055
84.4057186
84.4074279
84.4142441
84.4208069
84.4229250
84.4170532
84.4495820
84.4490539
84.4511912
84.4267483
84.4563669
84.4614009
84.4595137
84.4582985
84.4597922
84.4663981
84.4666361
84.4768037
84.4830139
84.4954867
84.4954064
84.4915749
84.4935715
84.4984662
84.5051671
84.5156437
84.5104256
84.5183616
84.5103461
84.5299157
84.5338896
84.5240486
84.5321520
84.5381234
84.5427983
84.5465219
84.5580009
84.5476595
84.5430996
84.5548333
84.5565346
84.5584825
84.5522605
84.5460412
84.5537959
84.5549054
84.5653138
84.5580754
84.5466367
