0.9999892
0.9890559
0.2516768
0.1308719
0.1017202
0.0876224
0.0785721
0.0718122
0.0669539
0.0621513
0.0581391
0.0546491
0.0516690
0.0492034
0.0468014
0.0444985
0.0427923
0.0407420
0.0392698
0.0376875
0.0363501
0.0356868
0.0344486
0.0333204
0.0320559
0.0315816
0.0302799
0.0294756
0.0290355
0.0285395
0.0279755
0.0273153
0.0268876
0.0264552
0.0259314
0.0252464
0.0251658
0.0247257
0.0242422
0.0238424
0.0236610
0.0231636
0.0228800
0.0225669
0.0222400
0.0220989
0.0219455
0.0216743
0.0215147
0.0211381
0.0212559
0.0207553
0.0203152
0.0204128
0.0202005
0.0198487
0.0195125
0.0193125
0.0191281
0.0190351
0.0189964
0.0188414
0.0186446
0.0186601
0.0181766
0.0179674
0.0177256
0.0175490
0.0177411
0.0177194
0.0174637
0.0174808
0.0174126
0.0171910
0.0168965
0.0169585
0.0168609
0.0167989
0.0166749
0.0164688
0.0162457
0.0163603
0.0161387
0.0163309
0.0160318
0.0159962
0.0158412
0.0157451
0.0156909
0.0156413
0.0156351
0.0155126
0.0154383
0.0153592
0.0153422
0.0152740
0.0153344
0.0152926
0.0153143
0.0151795
0.0150384
0.0148246
