0.9999777
0.9888473
0.2436816
0.1242297
0.0953474
0.0814735
0.0722412
0.0653902
0.0604341
0.0561809
0.0521943
0.0489592
0.0456561
0.0435191
0.0409817
0.0390707
0.0373294
0.0353422
0.0338145
0.0324905
0.0313701
0.0305053
0.0293287
0.0286810
0.0271287
0.0267297
0.0260288
0.0251698
0.0243634
0.0242902
0.0237365
0.0234940
0.0226543
0.0222369
0.0218321
0.0213031
0.0213331
0.0207238
0.0203734
0.0199308
0.0198030
0.0193397
0.0190722
0.0188383
0.0184108
0.0183074
0.0182415
0.0180890
0.0176437
0.0173260
0.0175818
0.0169990
0.0168871
0.0168401
0.0169072
0.0163323
0.0161445
0.0159635
0.0157276
0.0155558
0.0155823
0.0155548
0.0155047
0.0154289
0.0152641
0.0149891
0.0148107
0.0144592
0.0146314
0.0146789
0.0145650
0.0143536
0.0143663
0.0142392
0.0141007
0.0140090
0.0139018
0.0139837
0.0136923
0.0135612
0.0132849
0.0133386
0.0133904
0.0136016
0.0132131
0.0131172
0.0130386
0.0130021
0.0129668
0.0128886
0.0129760
0.0128017
0.0127010
0.0126462
0.0127494
0.0126793
0.0128152
0.0129645
0.0127728
0.0127360
0.0126791
0.0125171
