0.0000184
0.0003365
0.0128996
0.0107165
0.0102820
0.0099208
0.0102143
0.0103613
0.0105190
0.0096327
0.0095913
0.0091802
0.0097013
0.0091712
0.0093895
0.0087573
0.0088138
0.0087120
0.0088016
0.0083850
0.0080348
0.0083600
0.0082605
0.0074852
0.0079495
0.0078282
0.0068588
0.0069469
0.0075380
0.0068560
0.0068392
0.0061652
0.0068300
0.0068057
0.0066138
0.0063621
0.0061838
0.0064566
0.0062419
0.0063109
0.0062245
0.0061695
0.0061435
0.0060158
0.0061780
0.0061173
0.0059761
0.0057845
0.0062454
0.0061505
0.0059279
0.0060605
0.0055309
0.0057644
0.0053134
0.0056734
0.0054340
0.0054033
0.0054865
0.0056136
0.0055084
0.0053027
0.0050659
0.0052132
0.0046991
0.0048052
0.0047029
0.0049850
0.0050173
0.0049056
0.0046769
0.0050454
0.0049149
0.0047624
0.0045108
0.0047588
0.0047742
0.0045420
0.0048121
0.0046912
0.0047769
0.0048752
0.0044342
0.0044035
0.0045477
0.0046450
0.0045217
0.0044255
0.0043951
0.0044411
0.0042902
0.0043739
0.0044163
0.0043772
0.0041832
0.0041863
0.0040645
0.0037562
0.0041005
0.0039424
0.0038066
0.0037229
