1.0000006
0.9892645
0.2596720
0.1375141
0.1080930
0.0937714
0.0849030
0.0782342
0.0734736
0.0681217
0.0640839
0.0603391
0.0576820
0.0548878
0.0526211
0.0499263
0.0482551
0.0461418
0.0447251
0.0428846
0.0413302
0.0408684
0.0395685
0.0379598
0.0369830
0.0364336
0.0345310
0.0337813
0.0337075
0.0327889
0.0322144
0.0311365
0.0311208
0.0306734
0.0300307
0.0291897
0.0289985
0.0287276
0.0281109
0.0277539
0.0275190
0.0269875
0.0266878
0.0262956
0.0260691
0.0258905
0.0256495
0.0252596
0.0253857
0.0249502
0.0249300
0.0245117
0.0237433
0.0239856
0.0234938
0.0233652
0.0228805
0.0226616
0.0225287
0.0225145
0.0224105
0.0221281
0.0217845
0.0218913
0.0210892
0.0209457
0.0206405
0.0206387
0.0208509
0.0207600
0.0203625
0.0206080
0.0204589
0.0201428
0.0196924
0.0199081
0.0198200
0.0196141
0.0196575
0.0193764
0.0192064
0.0193820
0.0188871
0.0190602
0.0188505
0.0188752
0.0186438
0.0184881
0.0184149
0.0183939
0.0182942
0.0182236
0.0181755
0.0180722
0.0179349
0.0178687
0.0178536
0.0176207
0.0178558
0.0176230
0.0173978
0.0171320
