48.5178133
73.7739558
75.9213759
75.9213759
75.9213759
75.9213759
75.9213759
75.9213759
75.9213759
75.9213759
75.9213759
75.9213759
75.9213759
75.9213759
75.9213759
75.9213759
75.9213759
75.9213759
76.0095209
76.1652334
76.3700860
76.9705160
77.9729730
79.3621007
80.6762899
81.5414619
82.0497543
82.2960688
82.4926290
82.6544840
82.7610565
82.8528870
82.9244472
82.9935504
83.0721744
83.1477273
83.2088452
83.2800983
83.3697789
83.4262899
83.4904791
83.5343980
83.5780098
83.6378993
83.6735258
83.6974816
83.7285012
83.7601351
83.7800983
83.8280098
83.8556511
83.8882064
83.9198403
83.9278256
83.9548526
83.9686732
83.9883292
84.0006143
84.0030713
84.0135135
84.0340909
84.0426904
84.0565111
84.0605037
84.0801597
84.1068796
84.1225430
84.1268428
84.1428133
84.1520270
84.1621622
84.1679975
84.1781327
84.1830467
84.1956388
84.2070025
84.2128378
84.2180590
84.2278870
84.2367936
84.2441646
84.2487715
84.2595209
84.2699631
84.2797912
84.2733415
84.2736486
84.2976044
84.2890049
84.3006757
84.3120393
84.3089681
84.3169533
84.3224816
84.3409091
84.3458231
84.3550369
84.3433661
84.3605651
84.3602580
84.3547297
84.3743857
