43.1130820
71.0472963
75.9213759
75.9213759
75.9213759
75.9213759
75.9213759
75.9213759
75.9213759
75.9213759
75.9213759
75.9213759
75.9213759
75.9213759
75.9213759
75.9213759
75.9213759
75.9213759
75.8456224
75.7118001
75.5946172
75.9901961
76.8340092
78.3092131
79.9665335
81.1443759
81.8426130
82.1361516
82.3529621
82.5499427
82.6697758
82.7765324
82.8475754
82.9083981
82.9910539
83.0688608
83.1256833
83.1962369
83.2839959
83.3491622
83.4232568
83.4739804
83.5201898
83.5808283
83.6149248
83.6327405
83.6742374
83.7036911
83.7211437
83.7702952
83.7988350
83.8384358
83.8655361
83.8730073
83.9027274
83.9184259
83.9397659
83.9503135
83.9488328
83.9742259
83.9886814
83.9966643
84.0112810
84.0164371
84.0336075
84.0634980
84.0872671
84.0818356
84.1070436
84.1138655
84.1267248
84.1376541
84.1451046
84.1432350
84.1562439
84.1703487
84.1737513
84.1751443
84.1910813
84.1963834
84.2035647
84.2156448
84.2227128
84.2346770
84.2434507
84.2375744
84.2416906
84.2617579
84.2540157
84.2709036
84.2732697
84.2782030
84.2821724
84.2902643
84.3054881
84.3100378
84.3175793
84.3140757
84.3243190
84.3380741
84.3332361
84.3478986
