8.7200311
4.3992114
0.0000000
0.0000000
0.0000000
0.0000000
0.0000000
0.0000000
0.0000000
0.0000000
0.0000000
0.0000000
0.0000000
0.0000000
0.0000000
0.0000000
0.0000000
0.0000000
0.2644349
0.7315725
1.2511468
1.5816549
1.8376121
1.6987362
1.1451259
0.6406614
0.3342031
0.2580116
0.2253396
0.1686677
0.1472729
0.1231909
0.1240254
0.1373853
0.1308804
0.1272437
0.1341740
0.1353026
0.1384028
0.1244384
0.1084570
0.0974783
0.0932873
0.0920787
0.0945472
0.1044538
0.0875496
0.0910672
0.0951177
0.0931172
0.0916675
0.0803002
0.0876147
0.0884441
0.0840991
0.0810694
0.0783525
0.0811555
0.0875086
0.0633870
0.0732640
0.0742589
0.0729744
0.0710974
0.0751077
0.0699922
0.0569144
0.0726148
0.0577110
0.0615700
0.0571748
0.0489564
0.0532878
0.0642325
0.0635601
0.0591374
0.0630625
0.0692389
0.0593825
0.0651982
0.0655041
0.0534469
0.0593865
0.0569310
0.0586320
0.0577069
0.0515614
0.0578350
0.0564518
0.0480344
0.0625511
0.0496366
0.0561158
0.0519795
0.0571484
0.0577363
0.0604343
0.0472574
0.0584798
0.0357916
0.0346780
0.0427346
