53.9225445
76.5006153
75.9213759
75.9213759
75.9213759
75.9213759
75.9213759
75.9213759
75.9213759
75.9213759
75.9213759
75.9213759
75.9213759
75.9213759
75.9213759
75.9213759
75.9213759
75.9213759
76.1734193
76.6186667
77.1455548
77.9508358
79.1119368
80.4149883
81.3860463
81.9385480
82.2568956
82.4559860
82.6322959
82.7590254
82.8523372
82.9292415
83.0013189
83.0787027
83.1532950
83.2265937
83.2920071
83.3639597
83.4555618
83.5034177
83.5577015
83.5948157
83.6358299
83.6949702
83.7321268
83.7622227
83.7827650
83.8165792
83.8390528
83.8857245
83.9124672
83.9379770
83.9741445
83.9826438
84.0069777
84.0189206
84.0368926
84.0509150
84.0573097
84.0528012
84.0795004
84.0887166
84.1017411
84.1045703
84.1267119
84.1502612
84.1578189
84.1718499
84.1785829
84.1901885
84.1975995
84.1983410
84.2111608
84.2228584
84.2350338
84.2436562
84.2519244
84.2609737
84.2646926
84.2772038
84.2847645
84.2818982
84.2963290
84.3052493
84.3161316
84.3091086
84.3056067
84.3334510
84.3239941
84.3304477
84.3508089
84.3397332
84.3517342
84.3546988
84.3763300
84.3816084
84.3924944
84.3726565
84.3968112
84.3824419
84.3762234
84.4008729
