2.3084873
6.7934618
0.2784906
0.2053207
0.1740741
0.1565285
0.1453339
0.1381428
0.1327670
0.1290284
0.1262833
0.1239174
0.1223020
0.1206252
0.1192529
0.1180092
0.1169898
0.1157483
0.1145943
0.1135928
0.1126482
0.1115491
0.1105713
0.1097128
0.1090765
0.1083623
0.1076912
0.1068825
0.1060104
0.1053139
0.1046754
0.1041522
0.1037173
0.1031024
0.1027008
0.1021392
0.1017558
0.1011364
0.1008021
0.1004003
0.1000092
0.0994742
0.0989958
0.0986460
0.0981919
0.0978484
0.0976217
0.0973578
0.0972245
0.0968282
0.0966694
0.0964025
0.0960956
0.0956838
0.0952993
0.0950687
0.0949109
0.0946860
0.0945234
0.0940606
0.0934714
0.0933371
0.0932794
0.0931025
0.0929858
0.0929951
0.0929341
0.0927113
0.0924067
0.0920731
0.0918443
0.0917413
0.0915361
0.0912999
0.0908630
0.0904320
0.0902769
0.0905186
0.0904885
0.0900815
0.0899979
0.0897449
0.0894913
0.0893073
0.0892251
0.0891699
0.0891935
0.0891573
0.0890548
0.0888342
0.0888967
0.0887608
0.0884203
0.0881671
0.0878207
0.0878369
0.0875919
0.0873225
0.0871902
0.0872389
0.0869171
0.0868083
0.0865183
0.0864110
0.0866132
0.0870516
0.0872767
0.0876320
0.0874473
0.0869891
0.0866957
0.0862496
0.0859741
0.0857027
0.0854130
0.0855981
0.0857568
0.0855952
0.0854151
0.0858553
0.0860893
0.0858168
0.0859399
0.0856369
0.0853192
0.0850674
0.0852232
0.0849981
0.0846933
0.0841833
0.0837010
0.0834151
0.0832781
0.0830969
0.0831835
0.0837348
0.0841651
0.0846071
0.0846941
0.0841325
0.0835920
0.0831729
0.0827684
0.0825629
0.0823949
0.0823941
0.0824829
0.0824876
0.0827155
0.0828213
0.0832425
0.0831924
0.0829233
0.0822674
0.0820943
0.0818349
0.0816169
0.0815113
0.0813907
0.0813753
0.0814284
0.0814607
0.0824350
0.0832059
0.0832478
0.0831419
0.0829443
0.0825013
0.0822276
0.0820091
0.0819423
0.0817756
0.0816545
0.0813503
0.0811471
0.0808860
0.0807585
0.0810376
0.0809667
0.0810387
0.0809865
0.0809710
0.0809193
0.0810349
0.0808293
0.0805927
0.0810342
0.0810987
0.0807601
0.0804895
0.0802065
0.0798308
0.0794621
0.0791862
0.0788665
0.0788768
0.0794584
0.0794936
0.0793769
0.0792064
0.0790918
0.0787478
