2.3070877
6.0983702
0.2459375
0.1835193
0.1560009
0.1407559
0.1313635
0.1252016
0.1209145
0.1178978
0.1158074
0.1141552
0.1129020
0.1120269
0.1112005
0.1105568
0.1098266
0.1088198
0.1079145
0.1071693
0.1064801
0.1057502
0.1048760
0.1041618
0.1035912
0.1030746
0.1026198
0.1020303
0.1014289
0.1007169
0.1000711
0.0996301
0.0992887
0.0988452
0.0983685
0.0979031
0.0975108
0.0970895
0.0968466
0.0965462
0.0961449
0.0956683
0.0953953
0.0950172
0.0945324
0.0941028
0.0939023
0.0937076
0.0937340
0.0934750
0.0933769
0.0930195
0.0926775
0.0923454
0.0918703
0.0916687
0.0914548
0.0909553
0.0908044
0.0905697
0.0900904
0.0899486
0.0898675
0.0897187
0.0895148
0.0892450
0.0893455
0.0893131
0.0889986
0.0885503
0.0881933
0.0881682
0.0879424
0.0877984
0.0874906
0.0871125
0.0870239
0.0874531
0.0874769
0.0869301
0.0867826
0.0865493
0.0864855
0.0863830
0.0863212
0.0859756
0.0856535
0.0859567
0.0859821
0.0857852
0.0856023
0.0853976
0.0851344
0.0850663
0.0847852
0.0844166
0.0842235
0.0841255
0.0841124
0.0839812
0.0837678
0.0836674
0.0835094
0.0835348
0.0837079
0.0838327
0.0838514
0.0837994
0.0837411
0.0839359
0.0838659
0.0834818
0.0831550
0.0829491
0.0826216
0.0827929
0.0827077
0.0824323
0.0821979
0.0829216
0.0836433
0.0831687
0.0835785
0.0830827
0.0826010
0.0821143
0.0816583
0.0816676
0.0817977
0.0813780
0.0808861
0.0806299
0.0805136
0.0804151
0.0804357
0.0807309
0.0809144
0.0808440
0.0807675
0.0807868
0.0805142
0.0804957
0.0802342
0.0799603
0.0796960
0.0794004
0.0793486
0.0794661
0.0800167
0.0804847
0.0810631
0.0812030
0.0808966
0.0802295
0.0799819
0.0795096
0.0792013
0.0793590
0.0793255
0.0792374
0.0792733
0.0793566
0.0795321
0.0787485
0.0787563
0.0788817
0.0790784
0.0789986
0.0786931
0.0784863
0.0784110
0.0783812
0.0783532
0.0781978
0.0782461
0.0783353
0.0784031
0.0786785
0.0784296
0.0782408
0.0780889
0.0780052
0.0776032
0.0776288
0.0774804
0.0773809
0.0783167
0.0785151
0.0782611
0.0781747
0.0778882
0.0774787
0.0770540
0.0768043
0.0764248
0.0762675
0.0766424
0.0768495
0.0768391
0.0765908
0.0762771
0.0759700
