0.0015968
0.7929960
0.0371383
0.0248721
0.0206189
0.0179942
0.0159382
0.0147640
0.0135219
0.0126983
0.0119514
0.0111372
0.0107239
0.0098094
0.0091865
0.0085020
0.0081722
0.0079044
0.0076207
0.0073283
0.0070369
0.0066157
0.0064975
0.0063329
0.0062580
0.0060324
0.0057858
0.0055356
0.0052268
0.0052445
0.0052528
0.0051590
0.0050524
0.0048569
0.0049425
0.0048327
0.0048430
0.0046170
0.0045127
0.0043969
0.0044086
0.0043419
0.0041077
0.0041400
0.0041749
0.0042731
0.0042432
0.0041643
0.0039821
0.0038254
0.0037562
0.0038595
0.0038995
0.0038087
0.0039119
0.0038789
0.0039428
0.0042562
0.0042428
0.0039825
0.0038572
0.0038659
0.0038925
0.0038604
0.0039599
0.0042784
0.0040941
0.0038769
0.0038882
0.0040190
0.0041652
0.0040764
0.0040999
0.0039947
0.0038474
0.0037870
0.0037112
0.0034973
0.0034358
0.0035952
0.0036682
0.0036457
0.0034292
0.0033361
0.0033128
0.0036442
0.0040385
0.0036514
0.0035055
0.0034784
0.0037584
0.0038370
0.0037487
0.0035376
0.0034631
0.0039021
0.0038428
0.0036474
0.0035113
0.0037166
0.0035929
0.0035833
0.0034328
0.0032813
0.0033145
0.0036722
0.0039078
0.0043725
0.0042282
0.0034832
0.0032284
0.0031577
0.0032162
0.0031415
0.0031845
0.0032003
0.0034785
0.0036084
0.0036704
0.0033469
0.0027905
0.0030211
0.0026940
0.0029140
0.0031010
0.0033690
0.0040670
0.0037996
0.0033035
0.0032004
0.0032113
0.0031775
0.0031539
0.0030596
0.0031348
0.0034269
0.0037085
0.0042931
0.0044796
0.0038168
0.0035113
0.0030543
0.0028912
0.0029692
0.0030790
0.0034154
0.0035758
0.0034471
0.0030789
0.0026657
0.0024863
0.0022695
0.0023122
0.0023250
0.0024100
0.0026529
0.0027558
0.0024554
0.0023560
0.0024390
0.0024586
0.0024005
0.0033118
0.0050853
0.0051241
0.0048602
0.0044104
0.0039961
0.0040323
0.0040190
0.0040287
0.0038724
0.0037663
0.0035965
0.0033096
0.0029100
0.0026872
0.0026914
0.0028944
0.0031920
0.0033057
0.0033835
0.0037833
0.0038858
0.0038205
0.0036641
0.0031002
0.0029475
0.0028510
0.0026408
0.0026448
0.0026833
0.0027473
0.0027174
0.0027857
0.0029768
0.0032127
0.0030165
0.0028953
0.0029841
0.0032112
0.0031690
