2.3098869
7.4885534
0.3110437
0.2271221
0.1921474
0.1723011
0.1593044
0.1510840
0.1446195
0.1401589
0.1367592
0.1336796
0.1317019
0.1292235
0.1273052
0.1254616
0.1241531
0.1226768
0.1212742
0.1200163
0.1188163
0.1173481
0.1162666
0.1152638
0.1145619
0.1136499
0.1127627
0.1117347
0.1105919
0.1099109
0.1092797
0.1086743
0.1081459
0.1073597
0.1070331
0.1063753
0.1060009
0.1051834
0.1047577
0.1042544
0.1038735
0.1032800
0.1025964
0.1022749
0.1018513
0.1015939
0.1013410
0.1010080
0.1007149
0.1001813
0.0999619
0.0997855
0.0995137
0.0990223
0.0987282
0.0984687
0.0983669
0.0984167
0.0982425
0.0975514
0.0968524
0.0967257
0.0966913
0.0964863
0.0964568
0.0967453
0.0965227
0.0961095
0.0958148
0.0955959
0.0954953
0.0953144
0.0951298
0.0948015
0.0942353
0.0937514
0.0935299
0.0935842
0.0935001
0.0932329
0.0932132
0.0929404
0.0924972
0.0922315
0.0921289
0.0923641
0.0927334
0.0923579
0.0921274
0.0918831
0.0921911
0.0921241
0.0917063
0.0912680
0.0908562
0.0912572
0.0909603
0.0905196
0.0902680
0.0904967
0.0900663
0.0899492
0.0895273
0.0892871
0.0895185
0.0902704
0.0907020
0.0914646
0.0911535
0.0900423
0.0895255
0.0890175
0.0887932
0.0884564
0.0882043
0.0884033
0.0888058
0.0887582
0.0886323
0.0887889
0.0885353
0.0884649
0.0883013
0.0881911
0.0880374
0.0880204
0.0887881
0.0883286
0.0875889
0.0869885
0.0865158
0.0862003
0.0860426
0.0857787
0.0859313
0.0867386
0.0874157
0.0883702
0.0886207
0.0874781
0.0866697
0.0858501
0.0853026
0.0851656
0.0850937
0.0853878
0.0856173
0.0855091
0.0854143
0.0851579
0.0854218
0.0851817
0.0849500
0.0843054
0.0842067
0.0841602
0.0840324
0.0836635
0.0834558
0.0835131
0.0835835
0.0835648
0.0853380
0.0876634
0.0877393
0.0874021
0.0868101
0.0860041
0.0857621
0.0855319
0.0854735
0.0851699
0.0849558
0.0845028
0.0840481
0.0834367
0.0831140
0.0833967
0.0835037
0.0838366
0.0838841
0.0839367
0.0842355
0.0844409
0.0841781
0.0838044
0.0837516
0.0836823
0.0832591
0.0828043
0.0825248
0.0821828
0.0818702
0.0815680
0.0813083
0.0814861
0.0822744
0.0821378
0.0819147
0.0818221
0.0819065
0.0815256
