272.5862212
1873.7378111
0.0085866
0.0064905
0.0051130
0.0041588
0.0038057
0.0036017
0.0043185
0.0041335
0.0045161
0.0055475
0.0047581
0.0044688
0.0045421
0.0052544
0.0051068
0.0056906
0.0054207
0.0053430
0.0047517
0.0053641
0.0047258
0.0051217
0.0053340
0.0044904
0.0046387
0.0046684
0.0050157
0.0043246
0.0045368
0.0050754
0.0049310
0.0041939
0.0043180
0.0045475
0.0042347
0.0040557
0.0039966
0.0047662
0.0044251
0.0042341
0.0039300
0.0035963
0.0035522
0.0034745
0.0035583
0.0034410
0.0038741
0.0043434
0.0038885
0.0046109
0.0035508
0.0043365
0.0048807
0.0058757
0.0046451
0.0038274
0.0038148
0.0036821
0.0037546
0.0034987
0.0034160
0.0034276
0.0036094
0.0042200
0.0041850
0.0034142
0.0036000
0.0036467
0.0037174
0.0037730
0.0038581
0.0037069
0.0036075
0.0037817
0.0035719
0.0034136
0.0033989
0.0034710
0.0030906
0.0028483
0.0032910
0.0031404
0.0028564
0.0028973
0.0032379
0.0035273
0.0037144
0.0035044
0.0034814
0.0031274
0.0032208
0.0030797
0.0029496
0.0030384
0.0030086
0.0036855
0.0036219
0.0036130
0.0030559
0.0028371
0.0036301
0.0032780
0.0033780
0.0033500
0.0032361
0.0030511
0.0030076
0.0030030
0.0033011
0.0028558
0.0027476
0.0031856
0.0029253
0.0028787
0.0030831
0.0032003
0.0032830
0.0033491
0.0035056
0.0031443
0.0031825
0.0027671
0.0027608
0.0032101
0.0030965
0.0030082
0.0032212
0.0028544
0.0029163
0.0033176
0.0036676
0.0033396
0.0030443
0.0029112
0.0029310
0.0029638
0.0026224
0.0027807
0.0031339
0.0033483
0.0028279
0.0026885
0.0029166
0.0032433
0.0032434
0.0030219
0.0035663
0.0033099
0.0032911
0.0032819
0.0028892
0.0027548
0.0032042
0.0029519
0.0028352
0.0027195
0.0028539
0.0031801
0.0040245
0.0039863
0.0037080
0.0033517
0.0029835
0.0025681
0.0025774
0.0026538
0.0028810
0.0029419
0.0032846
0.0031569
0.0030786
0.0028541
0.0030249
0.0033206
0.0031841
0.0035664
0.0031074
0.0031748
0.0032885
0.0031694
0.0040959
0.0036483
0.0033057
0.0030621
0.0030500
0.0032704
0.0031402
0.0029758
0.0029560
0.0027771
0.0025941
0.0028955
0.0027211
0.0027703
0.0035926
0.0033414
0.0037536
0.0036565
0.0035507
0.0037005
