272.1898312
1727.6498427
0.0076720
0.0060172
0.0043279
0.0034461
0.0031444
0.0032208
0.0035379
0.0035425
0.0041465
0.0048995
0.0041277
0.0039077
0.0040369
0.0045784
0.0042027
0.0046260
0.0048251
0.0049509
0.0043530
0.0046930
0.0042330
0.0046226
0.0049506
0.0043062
0.0039122
0.0041374
0.0045691
0.0037344
0.0041966
0.0044089
0.0038416
0.0037008
0.0035739
0.0039090
0.0036284
0.0035107
0.0034968
0.0039207
0.0037876
0.0033218
0.0028415
0.0030123
0.0032767
0.0032000
0.0030440
0.0029102
0.0035787
0.0036428
0.0034080
0.0036050
0.0030555
0.0030256
0.0038272
0.0021460
0.0029136
0.0031155
0.0032028
0.0026178
0.0025210
0.0028410
0.0028604
0.0031079
0.0031125
0.0031121
0.0035223
0.0031948
0.0034320
0.0031279
0.0033496
0.0033911
0.0030929
0.0032875
0.0029419
0.0029858
0.0032341
0.0030284
0.0031886
0.0031027
0.0028542
0.0025472
0.0027840
0.0026739
0.0026785
0.0025367
0.0030605
0.0029042
0.0034597
0.0032541
0.0026633
0.0026814
0.0030807
0.0029717
0.0027418
0.0025830
0.0025053
0.0025237
0.0027445
0.0028197
0.0027158
0.0025381
0.0031286
0.0030181
0.0027612
0.0027189
0.0025129
0.0024081
0.0025331
0.0025156
0.0026640
0.0022852
0.0025212
0.0026460
0.0024642
0.0024880
0.0026814
0.0026486
0.0024096
0.0029687
0.0027364
0.0026270
0.0026399
0.0023844
0.0025490
0.0024628
0.0028463
0.0026934
0.0024680
0.0024976
0.0026970
0.0025044
0.0032120
0.0028573
0.0024683
0.0025285
0.0025980
0.0025396
0.0023982
0.0024375
0.0025421
0.0019246
0.0022069
0.0022213
0.0025028
0.0025693
0.0027150
0.0028603
0.0029733
0.0030173
0.0030154
0.0029485
0.0025607
0.0024188
0.0025590
0.0024819
0.0024776
0.0023818
0.0023457
0.0020681
0.0024304
0.0024901
0.0029466
0.0028014
0.0025723
0.0022672
0.0023142
0.0023235
0.0024768
0.0022386
0.0025395
0.0025262
0.0028158
0.0022955
0.0023535
0.0020123
0.0022224
0.0019348
0.0020456
0.0021027
0.0028012
0.0027353
0.0035453
0.0031767
0.0026859
0.0023735
0.0022624
0.0023481
0.0027110
0.0024977
0.0025339
0.0022973
0.0022763
0.0021084
0.0021287
0.0024452
0.0025996
0.0030671
0.0029667
0.0030013
0.0030574
0.0032093
