0.4522220
166.6646061
0.0010435
0.0005399
0.0008957
0.0008131
0.0007545
0.0004345
0.0008906
0.0006743
0.0004216
0.0007392
0.0007192
0.0006401
0.0005764
0.0007712
0.0010315
0.0012146
0.0006796
0.0004473
0.0004548
0.0007657
0.0005621
0.0005694
0.0004374
0.0002102
0.0008288
0.0006057
0.0005095
0.0006734
0.0003882
0.0007604
0.0012428
0.0005625
0.0008489
0.0007285
0.0006918
0.0006218
0.0005702
0.0009647
0.0007274
0.0010408
0.0012418
0.0006663
0.0003143
0.0003131
0.0005868
0.0006055
0.0003370
0.0007993
0.0005483
0.0011477
0.0005650
0.0014955
0.0012020
0.0042551
0.0019753
0.0008121
0.0006982
0.0012141
0.0014074
0.0007503
0.0006339
0.0003648
0.0005669
0.0012640
0.0007560
0.0002504
0.0001916
0.0005919
0.0004196
0.0004357
0.0008730
0.0004784
0.0007594
0.0009081
0.0003854
0.0004395
0.0002400
0.0004201
0.0002697
0.0003435
0.0005784
0.0005321
0.0002029
0.0004114
0.0002023
0.0007108
0.0002905
0.0002856
0.0009333
0.0005088
0.0001599
0.0001233
0.0002370
0.0005196
0.0005741
0.0013255
0.0010010
0.0009051
0.0003880
0.0003411
0.0005721
0.0002965
0.0007036
0.0007199
0.0008251
0.0007336
0.0005413
0.0005561
0.0007269
0.0006510
0.0002583
0.0006157
0.0005261
0.0004457
0.0004583
0.0006294
0.0009965
0.0004340
0.0008775
0.0005902
0.0006190
0.0004366
0.0002417
0.0008525
0.0002854
0.0003592
0.0008593
0.0004071
0.0002502
0.0009277
0.0005198
0.0005502
0.0006571
0.0004365
0.0003799
0.0004839
0.0002557
0.0003916
0.0006752
0.0016242
0.0007085
0.0005331
0.0004721
0.0007689
0.0006029
0.0001844
0.0006766
0.0003339
0.0003146
0.0003804
0.0003748
0.0003832
0.0007361
0.0005361
0.0004080
0.0003853
0.0005797
0.0012686
0.0018186
0.0017069
0.0008687
0.0006278
0.0004691
0.0003434
0.0003002
0.0003768
0.0004612
0.0008023
0.0008501
0.0007196
0.0002998
0.0006373
0.0007660
0.0014926
0.0010972
0.0018614
0.0012114
0.0012231
0.0005559
0.0004952
0.0006282
0.0005380
0.0007071
0.0007856
0.0008985
0.0010522
0.0004896
0.0005454
0.0004815
0.0005473
0.0003626
0.0008979
0.0006759
0.0003709
0.0011329
0.0003129
0.0008977
0.0007475
0.0005628
0.0005604
