272.9826112
2019.8257795
0.0095013
0.0069637
0.0058981
0.0048715
0.0044670
0.0039825
0.0050992
0.0047245
0.0048856
0.0061954
0.0053886
0.0050299
0.0050473
0.0059304
0.0060109
0.0067553
0.0060164
0.0057351
0.0051504
0.0060353
0.0052185
0.0056208
0.0057174
0.0046747
0.0053652
0.0051993
0.0054623
0.0049149
0.0048771
0.0057418
0.0060204
0.0046870
0.0050621
0.0051861
0.0048411
0.0046008
0.0044964
0.0056118
0.0050627
0.0051465
0.0050186
0.0041803
0.0038276
0.0037489
0.0040727
0.0039718
0.0041695
0.0050440
0.0043691
0.0056169
0.0040460
0.0056474
0.0059343
0.0096055
0.0063765
0.0045392
0.0044268
0.0047463
0.0049882
0.0041563
0.0039717
0.0037473
0.0041063
0.0053280
0.0048477
0.0036337
0.0037679
0.0041656
0.0040851
0.0041550
0.0046233
0.0041263
0.0042731
0.0045777
0.0039096
0.0037988
0.0036093
0.0038392
0.0033271
0.0031494
0.0037980
0.0036068
0.0030342
0.0032579
0.0034152
0.0041503
0.0039690
0.0037548
0.0042994
0.0035734
0.0033610
0.0031877
0.0031573
0.0034939
0.0035118
0.0048473
0.0044993
0.0044064
0.0033960
0.0031360
0.0041315
0.0035380
0.0039947
0.0039810
0.0039593
0.0036941
0.0034821
0.0034905
0.0039383
0.0034265
0.0029740
0.0037253
0.0033865
0.0032694
0.0034848
0.0037521
0.0041565
0.0037295
0.0042747
0.0036617
0.0037251
0.0031498
0.0029727
0.0039574
0.0033467
0.0033230
0.0039744
0.0032112
0.0031357
0.0041308
0.0041233
0.0038218
0.0036203
0.0032938
0.0032640
0.0033879
0.0028465
0.0031239
0.0037258
0.0047720
0.0034489
0.0031558
0.0033305
0.0039173
0.0037719
0.0031836
0.0041594
0.0036026
0.0035669
0.0036153
0.0032177
0.0030907
0.0038494
0.0034218
0.0031928
0.0030573
0.0033620
0.0042920
0.0056185
0.0054825
0.0044695
0.0039021
0.0033947
0.0028691
0.0028406
0.0029841
0.0032853
0.0036451
0.0040298
0.0037877
0.0033414
0.0034127
0.0036963
0.0046290
0.0041459
0.0051980
0.0041692
0.0042468
0.0037757
0.0036034
0.0046465
0.0041198
0.0039255
0.0037508
0.0038377
0.0041927
0.0035693
0.0034538
0.0033781
0.0032568
0.0029119
0.0036825
0.0033136
0.0030953
0.0045856
0.0036157
0.0045405
0.0043116
0.0040441
0.0041917
