0.9999752
0.9999628
0.5141210
0.2965534
0.1814902
0.1358170
0.1114927
0.0947434
0.0862757
0.0796925
0.0748202
0.0706174
0.0670717
0.0639970
0.0615547
0.0593603
0.0573271
0.0558145
0.0541160
0.0524176
0.0508926
0.0496653
0.0485743
0.0474461
0.0463923
0.0454748
0.0445326
0.0436772
0.0429085
0.0421398
0.0413092
0.0406397
0.0399578
0.0394000
0.0386313
0.0380114
0.0373667
0.0367096
0.0360030
0.0354451
0.0349368
0.0343417
0.0338458
0.0333871
0.0329035
0.0324200
0.0320109
0.0315894
0.0312299
0.0308331
0.0304984
0.0301141
0.0298165
0.0294818
0.0292090
0.0289363
0.0285395
0.0282668
0.0280188
0.0277213
0.0273866
0.0270766
0.0267543
0.0264319
0.0261840
0.0258244
0.0256757
0.0254773
0.0252418
0.0250434
0.0248574
0.0246343
0.0244979
0.0242127
0.0239772
0.0238532
0.0236920
0.0235309
0.0233077
0.0230970
0.0229606
0.0227498
0.0225391
0.0223779
0.0221671
0.0220060
0.0218572
0.0216960
0.0215720
0.0214481
0.0212497
0.0210761
0.0210017
0.0208034
0.0206422
0.0204686
0.0203075
0.0202083
0.0201091
0.0199727
0.0199107
0.0197868
