1.0000059
0.9999980
0.5184298
0.3010782
0.1855121
0.1407983
0.1172304
0.1003285
0.0917970
0.0851765
0.0798751
0.0753360
0.0717250
0.0683960
0.0659733
0.0637459
0.0617433
0.0602562
0.0583129
0.0565533
0.0551477
0.0537203
0.0525528
0.0513791
0.0503682
0.0494046
0.0483949
0.0475640
0.0467464
0.0458650
0.0450358
0.0443001
0.0436125
0.0430017
0.0422031
0.0416005
0.0409410
0.0401722
0.0393632
0.0388190
0.0382885
0.0377129
0.0371050
0.0365996
0.0361002
0.0355773
0.0351503
0.0346302
0.0342538
0.0338897
0.0335611
0.0330960
0.0327571
0.0323690
0.0320562
0.0317465
0.0313224
0.0310386
0.0307358
0.0304055
0.0300877
0.0297523
0.0293855
0.0290975
0.0289003
0.0284466
0.0282870
0.0280696
0.0278244
0.0276095
0.0274174
0.0271164
0.0269533
0.0266572
0.0264241
0.0262878
0.0261472
0.0259683
0.0257125
0.0254716
0.0253242
0.0251208
0.0248897
0.0246832
0.0244281
0.0242644
0.0241159
0.0239350
0.0237789
0.0236613
0.0234659
0.0232830
0.0232089
0.0229778
0.0228032
0.0226250
0.0224604
0.0223261
0.0222106
0.0220784
0.0220096
0.0218624
