0.9999800079968013
0.9850359856057577
0.5033436625349860
0.6602558976409436
0.6468612554978008
0.6408236705317872
0.6289134346261496
0.6222760895641744
0.6161085565773691
0.6153688524590164
0.6106907237105158
0.6094612155137944
0.6044182327069172
0.5994852059176330
0.5975659736105557
0.6004748100759696
0.5973310675729708
0.5898640543782487
0.5893842463014795
0.5881247500999600
0.5831467413034785
0.5855957616953218
0.5818122750899641
0.5797630947620951
0.5810775689724110
0.5738104758096760
0.5762944822071172
0.5722760895641743
0.5668532586965214
0.5782487005197920
0.5723160735705718
0.5678828468612556
0.5679228308676529
0.5643892443022791
0.5596761295481808
0.5636395441823271
0.5661235505797682
0.5603508596561375
0.5556127548980407
0.5542433026789284
0.5512644942023190
0.5563624550179929
0.5547431027588965
0.5522191123550579
0.5535835665733706
0.5467163134746101
0.5570371851259497
0.5459266293482608
0.5475409836065575
0.5490803678528589
0.5496051579368253
0.5482906837265094
0.5466863254698120
0.5441373450619752
0.5491003598560575
0.5361605357856857
0.5364354258296682
0.5437425029988006
0.5406637345061975
0.5281237504998001
0.5379098360655737
0.5431227508996401
0.5331517393042784
0.5348660535785685
0.5333266693322671
0.5391793282686925
0.5317323070771691
0.5353258696521391
0.5379648140743702
0.5328968412634946
0.5332516993202719
0.5208266693322671
0.5276189524190324
0.5233706517393043
0.5203568572570971
0.5255147940823670
0.5306727309076369
0.5311025589764093
0.5275439824070371
0.5224710115953619
0.5193622550979609
0.5197371051579368
0.5168982407037186
0.5215163934426229
0.5299630147940824
0.5215813674530188
0.5227259096361456
0.5179978008796482
0.5188674530187924
0.5214364254298280
0.5162435025989605
0.5216763294682127
0.5160985605757696
0.5120501799280288
0.5167582966813274
0.5075269892043183
0.5193522590963615
0.5127798880447821
0.5104958016793283
0.5185575769692123
0.5224160335865653
0.5236755297880847
0.5159936025589764
0.5224960015993603
0.5182576969212315
0.5093462614954019
0.5190773690523791
0.5150189924030388
0.5137195121951219
0.5082317073170731
0.5060925629748101
0.5077868852459015
0.5107806877249099
0.5067522990803679
0.4994402239104359
0.5080117952818873
0.5079818072770892
0.5064424230307877
0.5161735305877648
0.5124650139944023
0.5037984806077569
0.5082566973210716
0.5054028388644543
0.5074120351859256
0.5055877648940423
0.5034936025589765
0.5069822071171531
0.5093912435025989
0.4932027189124350
0.5048030787684926
0.5019292283086765
0.5079518192722912
0.5042782886845261
0.4986005597760895
0.4971211515393842
0.4946721311475409
0.4986905237904838
0.4917832866853259
0.4943772491003599
0.4911185525789684
0.5003498600559776
0.4998100759696121
0.4866653338664534
0.5107007197121152
0.4976059576169533
0.5004948020791683
0.4918032786885246
0.5000849660135946
0.4856257497001200
0.4868952419032387
0.5003348660535786
0.4803928428628549
0.4873700519792084
0.4844012395041983
0.4958016793282687
0.4869952019192323
0.4959416233506597
0.4851209516193522
0.4829418232706917
0.4797081167532987
0.4920981607357057
0.4887295081967213
0.4965713714514194
0.4799630147940824
0.4838764494202319
0.4799080367852859
0.4806077568972411
0.4828268692522991
0.4937574970011995
0.4778938424630148
0.4820671731307477
0.4851559376249500
0.4830267892842863
0.4851909236305478
0.4742053178728509
0.4771541383446621
0.4784486205517793
0.4678328668532587
0.4765543782487005
0.4807626949220312
0.4781187524990004
0.4853608556577369
0.4783086765293882
0.4748150739704118
0.4691573370651739
0.4718112754898041
0.4582417033186725
0.4793332666933227
0.4785185925629748
0.4799630147940824
0.4849860055977609
0.4661335465813674
0.4709416233506597
0.4806727309076370
0.4767343062774890
0.4587614954018392
0.4549130347860856
0.4604858056777289
0.4733906437425029
0.4780087964814075
0.4773440623750499
0.4749050379848060
