272.0592910892536338
10.3380872423242423
0.0002873340594521
0.0006625453888822
0.0005095307915467
0.0005414551008188
0.0005123621522576
0.0004665608060729
0.0004301374478145
0.0002931120260259
0.0003732785448139
0.0002956726341602
0.0002862774899640
0.0001636774101161
0.0001967149934029
0.0001843175130973
0.0001857419057776
0.0001202911033029
0.0001026972066554
0.0001353441765440
0.0001151341220093
0.0001200916496571
0.0000960359769640
0.0001189136963199
0.0001088410527451
0.0000818953381325
0.0001055539127299
0.0000929068950033
0.0000658689729580
0.0001046336555076
0.0000697165238847
0.0000903168802863
0.0000502308643822
0.0000399033005317
0.0000393069564390
0.0000583730583347
0.0000630565221252
0.0000383791545801
0.0000424793531598
0.0000460765493572
0.0000565470386211
0.0000482873114836
0.0000508522757289
0.0000707716263315
0.0000621242868651
0.0000383910161069
0.0000401625649544
0.0000381039177949
0.0000473454121006
0.0000333527775761
0.0000518111948846
0.0000245658671281
0.0000540650698640
0.0000378144524392
0.0000456298239738
0.0000347383783324
0.0000448912912716
0.0000461563113621
0.0000382238568263
0.0000327300302354
0.0000489746333603
0.0000407433099496
0.0000324156514052
0.0000638872524091
0.0000386461888758
0.0000353672645427
0.0000366561251480
0.0000345678919098
0.0000388189686257
0.0000324224092990
0.0000300490162580
0.0000217390767866
0.0000343436330195
0.0000244473844764
0.0000382734828565
0.0000236503423761
0.0000308674850755
0.0000364446358321
0.0000345261203238
0.0000277265187790
0.0000305142366036
0.0000321604791033
0.0000262610846214
0.0000230689870168
0.0000370537549100
0.0000207946674205
0.0000254738063908
0.0000274472282593
0.0000346341087190
0.0000226226747085
0.0000317120397512
0.0000239982963181
0.0000203077818602
0.0000155788371725
0.0000224696366069
0.0000160021836104
0.0000206617375373
0.0000141145249831
0.0000168331783471
0.0000335550551832
0.0000299406665830
0.0000240655010031
0.0000278014870806
0.0000283588712492
0.0000272794133589
0.0000177130706379
0.0000233721328677
0.0000307743788938
0.0000324061250387
0.0000240673429308
0.0000218930383540
0.0000175126965458
0.0000181136928508
0.0000145976162083
0.0000208987796047
0.0000222642510713
0.0000161258147006
0.0000193154006254
0.0000223157200984
0.0000223446254158
0.0000160141449290
0.0000164066469665
0.0000165605323660
0.0000137881420841
0.0000159031969888
0.0000151534802898
0.0000222723024113
0.0000132877691471
0.0000139467870341
0.0000187625470686
0.0000169023870504
0.0000203199402709
0.0000200270407358
0.0000154325475530
0.0000125931187060
0.0000181514941306
0.0000125319208624
0.0000144736973644
0.0000145931473817
0.0000171342457814
0.0000216801269366
0.0000119183776162
0.0000084737375059
0.0000233879048809
0.0000172784942999
0.0000195426918241
0.0000151313011019
0.0000163315230021
0.0000126909659990
0.0000088867270518
0.0000163607538583
0.0000122084644677
0.0000178031009107
0.0000102104019576
0.0000185190295784
0.0000104342998222
0.0000188090038911
0.0000123923541442
0.0000140761170911
0.0000140697943739
0.0000205776067459
0.0000094392676686
0.0000241354377229
0.0000110701805970
0.0000141384276969
0.0000102911735221
0.0000252988072124
0.0000118137695676
0.0000226531748841
0.0000071714460412
0.0000120281442995
0.0000168153926796
0.0000136730138675
0.0000171910773314
0.0000127785222434
0.0000120466503310
0.0000139325343382
0.0000088547247029
0.0000107131190495
0.0000170926111461
0.0000275983102266
0.0000111938206476
0.0000124533093260
0.0000082737571925
0.0000125767380499
0.0000092599942267
0.0000060802129519
0.0000137764722502
0.0000173734793407
0.0000131491614710
0.0000203968580190
0.0000131772307812
0.0000099307855697
0.0000120421969202
0.0000144874897503
0.0000106008000857
0.0000074856585293
0.0000158069866265
0.0000123028086940
0.0000123727339152
0.0000113584659764
0.0000151494519360
