4.8426347334672784
4.6393952824683593
2.2848199763704882
12.5363215804449517
23.3396742114571900
30.2154544306849324
34.8585213264909015
38.2622145926709720
41.0154163006199539
43.3203169676604603
45.3320655833065231
47.0766066623699544
48.6238926644781913
50.0218982043601841
51.3277367968975682
52.5304090402718558
53.6337116537373646
54.6604525613680323
55.6312006501412242
56.5255109869895449
57.3544094237435829
58.1305947251716120
58.8821606607580676
59.6262382790102450
60.3258749481277761
61.0097331091995230
61.6177910137480325
62.2567981366331153
62.8461510146133904
63.4134064013673466
63.9329457465953652
64.4813087740323567
64.9821326276817217
65.4825657170569855
65.9646176210522128
66.4323302298353013
66.8970350057233958
67.3392454073202771
67.7502081680697472
68.1546626953095682
68.5403458041592302
68.9236197497701539
69.3130681261654189
69.6830340987797001
70.0330018299489865
70.3886350026212284
70.7513689436226088
71.1177316077282882
71.4696951622273104
71.7835946167426187
72.1107190137903729
72.4145730068594844
72.7086805238833023
73.0174404801936276
73.3254118614616459
73.6421849806841067
73.9298969367786043
74.2150031238218446
74.4982291949172577
74.7711017587478608
75.0352422517215558
75.2977890146638487
75.5697487823718035
75.8138716880468735
76.0811044757180355
76.3141422184398408
76.5654074501622262
76.8003249710785667
77.0359051007192761
77.2584219243420733
77.4803970714408337
77.7105273585275711
77.9292144650159742
78.1585985438480435
78.3858844223374263
78.5983552893084578
78.8051076717178205
79.0124913879011928
79.2180006748436938
79.4275164008731309
79.6353420579047651
79.8450356306537543
80.0407233236224869
80.2372034990147824
80.4183589959555576
80.6182814431208641
80.8128081429875635
80.9977807862902495
81.1887907170176817
81.3671342661108241
81.5464350813699212
81.7403683649947084
81.9128917777656511
82.0907177470885898
82.2797110636501827
82.4501249464485255
82.6282688597341775
82.8040727975565858
82.9902316539128577
83.1570926075591359
83.3122735605369087
83.4825297888672537
83.6434156644440492
83.8068994526262543
83.9635563799094484
84.1264839733507301
84.2839265957634325
84.4347908887908716
84.5953329224752508
84.7500747480817438
84.9143160345524279
85.0732904560238694
85.2178852672433322
85.3750830415855546
85.5285053803035424
85.6568339703709256
85.8081955801386727
85.9319785218333720
86.0776788431241187
86.2156880026531383
86.3627648098863574
86.5011519087687475
86.6312217039167507
86.7747539672482446
86.9162204723374288
87.0627803390013355
87.1892757314571440
87.3249180096299824
87.4495330833834288
87.5840643307767124
87.7200729314830596
87.8487867954225266
87.9754686542299567
88.1098221149471783
88.2303320087384719
88.3638492508369922
88.4819458427577104
88.6079975227358148
88.7272865260152912
88.8443787106386793
88.9645614598066317
89.0844921952883340
89.1947138280675063
89.3165154964990506
89.4392689642654375
89.5489131392846929
89.6752440572925451
89.7897493611218351
89.9026549223036398
90.0178695298612723
90.1381068843651576
90.2419374253650091
90.3536049304899365
90.4631742861443087
90.5670082945270707
90.6657818959535291
90.7828249849471121
90.8921259842797156
91.0008270394156540
91.1100904810459014
91.2232494149016730
91.3269839966471295
91.4297158124642522
91.5254837369700454
91.6276741512883603
91.7261795622208780
91.8286804498021922
91.9285406911726142
92.0350750967445634
92.1431199860410999
92.2451645405562886
92.3462913848415923
92.4506665875399563
92.5456572017175745
92.6376247099374410
92.7309415456805652
92.8255659975182255
92.9126936878780754
93.0090315699792143
93.0980788749269976
93.1924942130191738
93.2850087224688025
93.3838573767413180
93.4860939656378065
93.5800564919409368
93.6672382903763463
93.7690360921451571
93.8677827505170228
93.9658829525980366
94.0535919922523931
94.1491588370986960
94.2380116889650594
94.3285406431329250
94.4196155441730838
94.5121118968224323
94.6004996568820644
94.6890004353286656
94.7813457856046568
94.8684076974742965
94.9531186855430462
95.0421151774234403
95.1194428206476346
