0.9999600159936025
1.0000000000000000
0.6675729708116753
0.7631747301079568
0.7079968012794882
0.6916833266693323
0.6743302678928429
0.6645341863254698
0.6619352259096362
0.6600159936025590
0.6553378648540584
0.6556977209116354
0.6520991603358657
0.6504198320671731
0.6495801679328269
0.6479008396641344
0.6460615753698521
0.6451019592163135
0.6386645341863255
0.6351459416233507
0.6378248700519792
0.6362654938024790
0.6329468212714914
0.6333866453418633
0.6315873650539784
0.6285485805677729
0.6259896041583367
0.6264694122351060
0.6240703718512595
0.6278688524590164
0.6247500999600160
0.6234706117552978
0.6198720511795281
0.6221511395441823
0.6211915233906438
0.6209916033586566
0.6201119552179128
0.6147940823670531
0.6156337465013995
0.6093162734906038
0.6123150739704118
0.6110755697720912
0.6086365453818473
0.6075969612155138
0.6103958416633347
0.6085965613754498
0.6128748500599760
0.6022790883646542
0.6076769292283086
0.6052778888444622
0.6052379048380647
0.6024390243902439
0.6009196321471412
0.5947221111555377
0.6003598560575770
0.5960815673730507
0.5955617752898841
0.5952419032387045
0.5928828468612555
0.5855257896841264
0.5890843662534986
0.5924430227908837
0.5850459816073571
0.5854858056777289
0.5835265893642543
0.5858856457417033
0.5844062375049980
0.5826469412235106
0.5879648140743703
0.5840463814474210
0.5817672930827669
0.5765693722510996
0.5788084766093563
0.5744902039184326
0.5796881247501000
0.5772491003598561
0.5813674530187924
0.5772091163534586
0.5761695321871252
0.5749700119952019
0.5690923630547781
0.5715313874450220
0.5686925229908036
0.5730107956817273
0.5762894842063174
0.5724510195921632
0.5757696921231508
0.5675329868052779
0.5724110355857657
0.5723710515793683
0.5699720111955218
0.5754098360655737
0.5704118352658937
0.5662534986005597
0.5696121551379448
0.5635345861655338
0.5714914034386246
0.5659336265493803
0.5629348260695721
0.5728908436625350
0.5707716913234706
0.5725309876049580
0.5645741703318673
0.5712914834066374
0.5657337065173931
0.5622950819672131
0.5669732107157137
0.5646941223510595
0.5663334666133547
0.5640143942423030
0.5666133546581368
0.5637345061975210
0.5667333066773290
0.5610155937624950
0.5535385845661736
0.5528988404638144
0.5628948420631747
0.5618552578968412
0.5660935625749700
0.5614154338264694
0.5610155937624950
0.5614554178328669
0.5562574970011995
0.5557377049180328
0.5550979608156738
0.5587365053978408
0.5562574970011995
0.5583366653338665
0.5444622151139544
0.5534186325469812
0.5526589364254298
0.5597361055577769
0.5554578168732507
0.5482606957217113
0.5483406637345062
0.5491003598560575
0.5485005997600959
0.5453818472610955
0.5449420231907237
0.5492602958816474
0.5492203118752499
0.5443422630947621
0.5384646141543382
0.5530187924830068
0.5485405837664934
0.5568972411035585
0.5462215113954418
0.5455417832866853
0.5383446621351460
0.5397840863654538
0.5521391443422631
0.5345461815273891
0.5390643742502998
0.5367053178728508
0.5401039584166334
0.5402638944422231
0.5420631747301080
0.5383046781287485
0.5331867253098761
0.5292682926829269
0.5403038784486206
0.5375049980007996
0.5384246301479408
0.5337864854058376
0.5325469812075170
0.5264694122351059
0.5364654138344662
0.5292682926829269
0.5400239904038384
0.5302279088364654
0.5315873650539784
0.5355857656937225
0.5269892043182727
0.5349860055977609
0.5283486605357857
0.5214714114354259
0.5273890443822471
0.5174330267892843
0.5262694922031188
0.5301879248300679
0.5298280687724910
0.5298280687724910
0.5321071571371452
0.5200719712115154
0.5179928028788484
0.5205917632946822
0.5062774890043983
0.5245901639344263
0.5235105957616953
0.5288684526189524
0.5265493802479009
0.5151939224310276
0.5140343862455018
0.5278688524590164
0.5284686125549780
0.5006397441023590
0.5019592163134746
0.5130747700919632
0.5224710115953618
0.5175129948020791
0.5204718112754898
0.5216713314674131
