0.0011366270230578
0.0010835048778199
0.0819519590206710
0.1022551835306453
0.0500274315957663
0.0285787516287792
0.0201456769969042
0.0178181946584468
0.0168521308367851
0.0155013795817647
0.0100324291216938
0.0115634679572719
0.0081037280020083
0.0127543914488562
0.0098661115478050
0.0079887064478970
0.0063497316936605
0.0071563900369931
0.0068016056357010
0.0075692782931874
0.0066437707757499
0.0066949775317946
0.0056569079768032
0.0047714095998777
0.0065685821505932
0.0045912800297670
0.0051356912433818
0.0046826056288319
0.0045267450343292
0.0059114464155421
0.0042722688279740
0.0049915251630006
0.0046606929093260
0.0058119075753163
0.0062110922649348
0.0043419996286836
0.0062408969820221
0.0042881799189098
0.0044572711346281
0.0042366034315942
0.0055078145982981
0.0035541153625742
0.0033342925382951
0.0032935544527959
0.0050434382163994
0.0031483728868981
0.0035245531642892
0.0042159928694332
0.0033216925253133
0.0034857487310064
0.0036448533447961
0.0035865102596390
0.0042571359117796
0.0050519140300720
0.0056116476266146
0.0048164072363486
0.0029714060127867
0.0035780197093450
0.0031739157941048
0.0027537642043749
0.0031707017643043
0.0029560467735132
0.0028549339235845
0.0034685647791033
0.0028396146842580
0.0052263562619684
0.0029559762892074
0.0031224089987205
0.0050877291782672
0.0072220594090747
0.0027067224936056
0.0027216499196552
0.0044277385531508
0.0030828937846117
0.0049664164830654
0.0026074688929856
0.0034164415183025
0.0028907772570137
0.0059567797176365
0.0025429019637731
0.0026593125694918
0.0030728915696865
0.0036047905158876
0.0024384930017863
0.0034530255031088
0.0024489335209741
0.0032987298361712
0.0029323798704364
0.0025235750124095
0.0030624380295677
0.0025674890851751
0.0039801023019717
0.0030827179711455
0.0035346299004026
0.0023262737485923
0.0027797408330493
0.0042520331185083
0.0025892482781247
0.0040952641855757
0.0031450736272211
0.0026549884471028
0.0031876243975398
0.0035855295867863
0.0032325813161860
0.0036108069578857
0.0038029694698900
0.0034246331790039
0.0024925911265142
0.0022700146797194
0.0028204587945810
0.0040974825331120
0.0027518647648011
0.0032169031293359
0.0033559837545469
0.0029560196329052
0.0031545242203324
0.0024949835099319
0.0021812822196539
0.0022407262584503
0.0026401563991749
0.0050184049834636
0.0024475949373564
0.0023073715576288
0.0024351699967563
0.0021751531519977
0.0022792325667320
0.0021518285951070
0.0023841446820323
0.0022888191497468
0.0023449954331787
0.0021342537596298
0.0049161612870210
0.0024440336773113
0.0020203753232977
0.0028617629655673
0.0021189944419301
0.0022485842117451
0.0021661484037319
0.0025904817031047
0.0027064410850382
0.0023009894398651
0.0020478506343247
0.0022772428570381
0.0021273007039468
0.0020648744744461
0.0035301122920748
0.0021037693659055
0.0027370190824788
0.0021833510638620
0.0022034645666580
0.0029769438133940
0.0024718698923607
0.0021267457604588
0.0022018294939631
0.0020149108893191
0.0031114309519333
0.0052657544489932
0.0022405414563720
0.0024214287602655
0.0027405942200132
0.0020599990301125
0.0022154022198642
0.0027889537699517
0.0039558185110309
0.0019331820333246
0.0022156112326785
0.0020796080924502
0.0021140157432598
0.0020085642130723
0.0023569334364964
0.0021419470506443
0.0020980782099775
0.0019451170253349
0.0021007679554132
0.0022536021138109
0.0021176378732568
0.0023147693262227
0.0029724250945016
0.0020847801757151
0.0021411826493328
0.0019510800294698
0.0036518179448495
0.0020733936515595
0.0023676602677938
0.0019446212047586
0.0024044514703301
0.0020116474098666
0.0055300098980462
0.0023680184658128
0.0020545882906214
0.0026274407647726
0.0027386307053377
0.0021381177954583
0.0018858646781164
0.0019511030665259
0.0033617159356361
0.0020114495867327
0.0024992681085365
0.0020524868795558
0.0026553593102903
0.0025943465403740
0.0021092868694892
