272.0604277162767062
10.3391707472020613
0.0822392930801231
0.1029177289195276
0.0505369623873130
0.0291202067295980
0.0206580391491618
0.0182847554645197
0.0172822682845995
0.0157944916077906
0.0104057076665077
0.0118591405914321
0.0083900054919722
0.0129180688589723
0.0100628265412079
0.0081730239609942
0.0065354735994381
0.0072766811402960
0.0069043028423563
0.0077046224697314
0.0067589048977592
0.0068150691814517
0.0057529439537672
0.0048903232961976
0.0066774232033383
0.0046731753678995
0.0052412451561117
0.0047755125238352
0.0045926140072872
0.0060160800710497
0.0043419853518587
0.0050818420432869
0.0047109237737082
0.0058518108758480
0.0062503992213738
0.0044003726870182
0.0063039535041472
0.0043265590734900
0.0044997504877878
0.0042826799809514
0.0055643616369192
0.0036024026740578
0.0033851448140240
0.0033643260791274
0.0051055625032644
0.0031867639030050
0.0035647157292436
0.0042540967872281
0.0033690379374140
0.0035191015085825
0.0036966645396807
0.0036110761267671
0.0043112009816436
0.0050897284825112
0.0056572774505884
0.0048511456146810
0.0030162973040583
0.0036241760207071
0.0032121396509311
0.0027864942346103
0.0032196763976646
0.0029967900834629
0.0028873495749897
0.0035324520315124
0.0028782608731338
0.0052617235265110
0.0029926324143554
0.0031569768906303
0.0051265481468929
0.0072544818183736
0.0027367715098636
0.0027433889964418
0.0044620821861704
0.0031073411690881
0.0050046899659219
0.0026311192353618
0.0034473090033780
0.0029272218928458
0.0059913058379603
0.0025706284825520
0.0026898268060954
0.0031050520487898
0.0036310516005090
0.0024615619888031
0.0034900792580188
0.0024697281883946
0.0033242036425620
0.0029598270986958
0.0025582091211286
0.0030850607042762
0.0025992011249263
0.0040041005982898
0.0031030257530057
0.0035502087375750
0.0023487433851992
0.0027957430166597
0.0042726948560456
0.0026033628031078
0.0041120973639228
0.0031786286824042
0.0026849291136858
0.0032116898985430
0.0036133310738669
0.0032609401874352
0.0036380863712446
0.0038206825405280
0.0034480053118716
0.0025233655054080
0.0023024208047581
0.0028445261375119
0.0041193755714660
0.0027693774613469
0.0032350168221867
0.0033705813707552
0.0029769184125099
0.0031767884714037
0.0025111093246325
0.0022005976202793
0.0022630419785487
0.0026625010245907
0.0050344191283926
0.0024640015843229
0.0023239320899948
0.0024489581388404
0.0021910563489865
0.0022943860470218
0.0021741008975183
0.0023974324511794
0.0023027659367809
0.0023637579802473
0.0021511561466803
0.0049364812272918
0.0024640607180471
0.0020358078708508
0.0028743560842733
0.0021371459360607
0.0022611161326075
0.0021806221010962
0.0026050748504865
0.0027235753308196
0.0023226695668017
0.0020597690119408
0.0022857165945440
0.0021506886088278
0.0020821529687459
0.0035496549838989
0.0021189006670075
0.0027533506054809
0.0021960420298610
0.0022123512937098
0.0029933045672522
0.0024840783568284
0.0021445488613695
0.0022120398959207
0.0020334299188975
0.0031218652517556
0.0052845634528842
0.0022529338105161
0.0024355048773566
0.0027546640143871
0.0020805766368583
0.0022248414875328
0.0028130892076747
0.0039668886916279
0.0019473204610215
0.0022259024062007
0.0021049068996626
0.0021258295128274
0.0020312173879564
0.0023641048825376
0.0021539751949438
0.0021148936026572
0.0019587900392024
0.0021179590327446
0.0022663806360543
0.0021296845235878
0.0023287018605609
0.0029812798192044
0.0020954932947646
0.0021582752604790
0.0019786783396963
0.0036630117654970
0.0020858469608855
0.0023759340249863
0.0019571979428085
0.0024137114645568
0.0020177276228185
0.0055437863702964
0.0023853919451535
0.0020677374520924
0.0026478376227916
0.0027518079361188
0.0021480485810280
0.0018979068750365
0.0019655905562762
0.0033723167357218
0.0020189352452620
0.0025150750951630
0.0020647896882498
0.0026677320442055
0.0026057050063504
0.0021244363214252
