2.3064733442624412
2.3019012059529622
2.1067860981941222
1.2571587118148804
0.7087408443053562
0.5156019306739171
0.4263715330044429
0.3747251078526179
0.3399417166014512
0.3128903584202131
0.2909203980922699
0.2731249451895555
0.2575199580242236
0.2449246862312158
0.2336067709207535
0.2233821730891863
0.2149051809708277
0.2077942300756772
0.2013298617680868
0.1957608907401562
0.1908584375838439
0.1866827044636011
0.1825437391435107
0.1787116631517808
0.1754583494961262
0.1721735193908215
0.1694225195517143
0.1666486741324266
0.1640853717520833
0.1619660493105650
0.1597801134804885
0.1577696143676837
0.1557568673099081
0.1541096991494298
0.1524742578114072
0.1507557746301095
0.1492860820631186
0.1476687553415696
0.1464978987276554
0.1451746755699317
0.1441916869739692
0.1429509291604161
0.1418328987315297
0.1408117704962691
0.1400232288633784
0.1388952239284913
0.1379317305306594
0.1370834952558080
0.1361497138788303
0.1353313981058697
0.1345611385449767
0.1338803821320335
0.1332226865381003
0.1325920562396447
0.1318508921727538
0.1310977472032110
0.1303779074986776
0.1298204947784543
0.1291928668230772
0.1285916497334838
0.1280504039148490
0.1275266845434904
0.1269920972531040
0.1265680601184567
0.1260106904725234
0.1257252182548245
0.1251018212661147
0.1246992356687784
0.1243628406415383
0.1240732668509086
0.1234000677819053
0.1229936285118262
0.1227582197576761
0.1222695669318239
0.1219893874784311
0.1214413373246789
0.1211486427610119
0.1208441096991301
0.1206776634129385
0.1201642027616501
0.1198111555784941
0.1195126553262273
0.1192484537010391
0.1188442774246136
0.1186240066796541
0.1183227528455357
0.1181267521624764
0.1177822553714116
0.1175236230428020
0.1173057549739877
0.1170245153928796
0.1167901471674442
0.1164761925965548
0.1162939642846584
0.1159014662357668
0.1156936128372947
0.1155442427212993
0.1151982753137747
0.1149647482275963
0.1146736026972532
0.1144539391584694
0.1142729887098074
0.1139889732996623
0.1137413552577297
0.1135956401025256
0.1133432632038991
0.1131382051219543
0.1129233509495854
0.1126724834531546
0.1125279577111205
0.1123399535372853
0.1120372646495700
0.1118778160567085
0.1117209179848433
0.1114876469100515
0.1113138568912943
0.1110740316281716
0.1109446846326192
0.1107794900725285
0.1106832397540410
0.1106069208967189
0.1102875703722239
0.1101541020770868
0.1099891985247533
0.1098053387830655
0.1096213404824336
0.1095037007093430
0.1092983294869463
0.1092107084582249
0.1090247177953521
0.1088554694746931
0.1088512426406145
0.1085673883130153
0.1083851425856352
0.1083218581244350
0.1081199667185545
0.1080217295214534
0.1078279741662244
0.1077990630269051
0.1076681923518578
0.1075204827964306
0.1073749382903179
0.1072875068565210
0.1071287318478028
0.1069868427942197
0.1069306021548808
0.1067333682527145
0.1066827571406961
0.1065025603676836
0.1063749276531239
0.1062806687330206
0.1061479698707660
0.1060335242122412
0.1059409006476402
0.1058081462581952
0.1057745285210510
0.1057721176524957
0.1055325209856033
0.1054401738703251
0.1053464736049374
0.1051765967006485
0.1051182669172684
0.1050176537588239
0.1049822958558798
0.1047883217766881
0.1047458587199450
0.1046075699940324
0.1045399449492494
0.1044007948751251
0.1043154430414240
0.1041915199175477
0.1041032628794511
0.1039826301073035
0.1039160317038496
0.1038468796893954
0.1037641928841670
0.1036915014776091
0.1036498468637466
0.1034899555968742
0.1034453378121058
0.1033468089123567
0.1033335754359762
0.1031570681884885
0.1030862518956264
0.1029747289049129
0.1029160726954540
0.1027926506256064
0.1028553462107976
0.1026170292407274
0.1025685365413626
0.1024812495415409
0.1024234623074532
0.1023227545167009
0.1022039674614867
0.1021134662166238
0.1020674172182878
0.1019723293624818
0.1019001771027843
0.1018030743514498
0.1017720602112512
0.1016873366187016
0.1016278417050838
