13.3033333333333328
12.9333333333333336
23.2816666666666663
62.5016666666666652
80.1466666666666612
86.5116666666666703
89.0383333333333269
90.3816666666666606
91.3716666666666697
91.9833333333333343
92.5316666666666663
93.0283333333333360
93.3983333333333263
93.6866666666666674
93.9716666666666640
94.2966666666666669
94.5049999999999955
94.6816666666666720
94.8066666666666720
94.9749999999999943
95.0799999999999983
95.2300000000000040
95.3633333333333297
95.4633333333333383
95.5683333333333280
95.6616666666666617
95.6983333333333377
95.7933333333333366
95.9116666666666617
95.9099999999999966
95.9749999999999943
96.0233333333333263
96.1583333333333314
96.1533333333333360
96.2116666666666731
96.2099999999999937
96.2750000000000057
96.3266666666666680
96.3433333333333337
96.4099999999999966
96.4233333333333320
96.4633333333333383
96.4733333333333292
96.5033333333333303
96.5466666666666669
96.5516666666666623
96.5733333333333377
96.5916666666666686
96.6200000000000045
96.6350000000000051
96.6533333333333360
96.6749999999999972
96.7099999999999937
96.7366666666666646
96.7516666666666652
96.7783333333333360
96.8100000000000023
96.7999999999999972
96.8550000000000040
96.8533333333333388
96.8783333333333303
96.9033333333333360
96.9050000000000011
96.9233333333333320
96.9249999999999972
96.9033333333333360
96.9366666666666674
96.9549999999999983
96.9433333333333280
96.9633333333333383
96.9883333333333297
96.9983333333333348
96.9983333333333348
97.0183333333333309
97.0266666666666708
97.0300000000000011
97.0583333333333371
97.0616666666666674
97.0750000000000028
97.0783333333333331
97.0883333333333383
97.1050000000000040
97.0833333333333286
97.1066666666666691
97.1066666666666691
97.1083333333333343
97.1133333333333297
97.1350000000000051
97.1483333333333263
97.1500000000000057
97.1500000000000057
97.1650000000000063
97.1683333333333366
97.1833333333333371
97.1700000000000017
97.1666666666666714
97.1933333333333280
97.2183333333333337
97.2049999999999983
97.2116666666666731
97.2150000000000034
97.2216666666666640
97.2483333333333348
97.2500000000000000
97.2433333333333394
97.2616666666666703
97.2516666666666652
97.2600000000000051
97.2716666666666612
97.2816666666666663
97.2683333333333309
97.2900000000000063
97.2916666666666714
97.2883333333333269
97.2866666666666617
97.3083333333333371
97.3083333333333371
97.3199999999999932
97.3166666666666629
97.3149999999999977
97.2999999999999972
97.3299999999999983
97.3416666666666686
97.3349999999999937
97.3299999999999983
97.3366666666666731
97.3333333333333286
97.3333333333333286
97.3233333333333377
97.3516666666666737
97.3433333333333337
97.3400000000000034
97.3449999999999989
97.3583333333333343
97.3633333333333297
97.3599999999999994
97.3799999999999955
97.3900000000000006
97.3666666666666600
97.3816666666666606
97.3900000000000006
97.4099999999999966
97.3933333333333309
97.4133333333333269
97.4099999999999966
97.4150000000000063
97.4083333333333314
97.4083333333333314
97.4283333333333275
97.4150000000000063
97.4083333333333314
97.4200000000000017
97.4233333333333320
97.4333333333333371
97.4383333333333326
97.4433333333333280
97.4300000000000068
97.4333333333333371
97.4483333333333377
97.4350000000000023
97.4233333333333320
97.4500000000000028
97.4383333333333326
97.4383333333333326
97.4533333333333331
97.4399999999999977
97.4566666666666634
97.4666666666666686
97.4683333333333337
97.4566666666666634
97.4666666666666686
97.4616666666666731
97.4683333333333337
97.4816666666666691
97.4899999999999949
97.4766666666666737
97.4749999999999943
97.4766666666666737
97.4800000000000040
97.4866666666666646
97.4916666666666600
97.4833333333333343
97.4933333333333394
97.5150000000000006
97.4916666666666600
97.5083333333333400
97.5000000000000000
97.4966666666666697
97.5133333333333354
97.5166666666666657
97.5316666666666663
97.5133333333333354
97.5300000000000011
97.5233333333333263
97.5450000000000017
97.5349999999999966
97.5283333333333360
97.5383333333333269
97.5266666666666708
97.5416666666666714
97.5250000000000057
97.5266666666666708
