2.3019471332550050
2.3019610953966776
2.1067803233146667
1.2570450073242188
0.7087196933190028
0.5156317484676838
0.4262107024431229
0.3746781039555868
0.3398614605794350
0.3128893893321355
0.2909029103805622
0.2730626815418402
0.2574414821962516
0.2449137887458007
0.2336036563138167
0.2233539868523677
0.2148459524909655
0.2077457154214382
0.2012933059801658
0.1957733194231987
0.1908477766662836
0.1866522850861152
0.1825001516352097
0.1787104211986065
0.1754695811385910
0.1721758167137702
0.1694141220763326
0.1666416859701276
0.1641056598375241
0.1619227784067392
0.1597540523211161
0.1577796356936296
0.1557456967552503
0.1541021275808414
0.1524510479331017
0.1507514476795991
0.1492766752163569
0.1476632576187452
0.1464849639256795
0.1451700466637810
0.1441953834295273
0.1429539970338345
0.1418313865532478
0.1408066045239568
0.1400147294024627
0.1388915025432905
0.1379268132001162
0.1370816481873393
0.1361176411837339
0.1353250695993503
0.1345749953945478
0.1338821174959342
0.1332223083958030
0.1325929152915875
0.1318589430597921
0.1310996902108192
0.1303979938837389
0.1298115331431230
0.1291949691469471
0.1285889432857434
0.1280531677295764
0.1275331043536464
0.1270038801704844
0.1265565855160355
0.1259978141178687
0.1257243091642856
0.1250947896838188
0.1246868116736412
0.1243663826296727
0.1240695060789585
0.1233920061429342
0.1229971561014652
0.1227566526725888
0.1222639222641786
0.1219749841243029
0.1214346777732174
0.1211535636921724
0.1208522931108872
0.1206674972315629
0.1201522554370264
0.1198262720068296
0.1195054440786441
0.1192406061942379
0.1188451224863529
0.1186233392467101
0.1183194852893551
0.1181129776065548
0.1177838728691141
0.1174969258462389
0.1173027104924123
0.1170023037239909
0.1167826039992273
0.1164665847018361
0.1162845905154943
0.1158891894176602
0.1156993398676316
0.1155432949011524
0.1151936727022131
0.1149687879373630
0.1146663770049810
0.1144586879603565
0.1142725695158044
0.1139927659993370
0.1137465731362502
0.1135840077896913
0.1133332822745045
0.1131298236707846
0.1129130608762304
0.1126525072067976
0.1125192519575357
0.1123420154059927
0.1120269096155961
0.1118686593199770
0.1117162961771091
0.1114817226447165
0.1113275046308835
0.1110857810854912
0.1109447685743372
0.1107688370933135
0.1106939916561047
0.1106014347374439
0.1102824166888992
0.1101523283615708
0.1099812340952456
0.1098041273809969
0.1096232124865055
0.1094981347233057
0.1093001304181914
0.1092029915163914
0.1090232419272264
0.1088557760005196
0.1088511098918815
0.1085742236495018
0.1083936790823936
0.1083221330538392
0.1081212925483783
0.1080228015705943
0.1078300635203719
0.1077954874863227
0.1076698949843645
0.1075208023498456
0.1073699878901243
0.1072862460295359
0.1071164729739229
0.1069907764712969
0.1069345446705818
0.1067289684797327
0.1066693357249101
0.1064955325677991
0.1063754026765625
0.1062767139074703
0.1061416591251890
0.1060300163209438
0.1059361544420322
0.1058070973520478
0.1057765759040912
0.1057743906304240
0.1055254719416300
0.1054310433348020
0.1053429227550824
0.1051748391414682
0.1051142350047827
0.1050337587366501
0.1049770285472274
0.1047833238313595
0.1047363309726119
0.1046203054373463
0.1045374781568845
0.1044032255450884
0.1043160378485918
0.1041942717629174
0.1040949590926369
0.1039667956620455
0.1038975109398365
0.1038548631861806
0.1037693207894762
0.1036866420979301
0.1036461760734518
0.1034868186128636
0.1034303897298872
0.1033274394541979
0.1033380378271143
0.1031605802620451
0.1030815321102738
0.1029695320052405
0.1029141377354662
0.1027970913971464
0.1028532171433171
0.1026231643170118
0.1025616828396916
0.1024773050380250
0.1024168070013324
0.1023214154198766
0.1021965787316362
0.1021085272247593
0.1020667274524768
0.1019602096592387
0.1019003033233186
0.1018034742131829
0.1017762766545018
0.1016818518554171
0.1016364926593999
