11.3116666666666674
13.3300000000000001
23.2766666666666673
62.5249999999999986
80.1350000000000051
86.5049999999999955
89.0100000000000051
90.3683333333333394
91.3633333333333297
91.9833333333333343
92.5066666666666748
93.0183333333333309
93.3866666666666561
93.6516666666666708
93.9683333333333479
94.2950000000000017
94.5166666666666657
94.6816666666666578
94.7933333333333223
94.9733333333333292
95.0883333333333240
95.2349999999999994
95.3616666666666646
95.4599999999999937
95.5683333333333280
95.6599999999999966
95.7233333333333434
95.7983333333333320
95.9249999999999972
95.8933333333333451
95.9683333333333337
96.0233333333333263
96.1516666666666708
96.1549999999999869
96.2183333333333337
96.2099999999999937
96.2566666666666748
96.3216666666666583
96.3516666666666595
96.3966666666666612
96.4116666666666617
96.4633333333333383
96.4749999999999943
96.5133333333333354
96.5300000000000011
96.5450000000000017
96.5766666666666680
96.5983333333333292
96.6199999999999903
96.6416666666666657
96.6583333333333314
96.6733333333333320
96.7133333333333383
96.7400000000000091
96.7533333333333303
96.7766666666666708
96.7999999999999972
96.8083333333333229
96.8533333333333388
96.8416666666666686
96.8766666666666509
96.8949999999999960
96.9149999999999920
96.9266666666666765
96.9233333333333462
96.9050000000000011
96.9283333333333275
96.9533333333333331
96.9483333333333377
96.9516666666666680
96.9933333333333252
96.9916666666666600
96.9966666666666697
97.0283333333333360
97.0116666666666561
97.0349999999999966
97.0583333333333371
97.0666666666666629
97.0733333333333377
97.0783333333333331
97.0866666666666731
97.1016666666666737
97.0866666666666731
97.1200000000000045
97.1066666666666691
97.1149999999999949
97.1200000000000045
97.1333333333333400
97.1483333333333405
97.1483333333333263
97.1566666666666663
97.1650000000000063
97.1666666666666714
97.1766666666666623
97.1583333333333314
97.1683333333333366
97.1933333333333280
97.2133333333333240
97.1966666666666583
97.2133333333333240
97.2216666666666640
97.2183333333333337
97.2549999999999955
97.2499999999999858
97.2416666666666742
97.2583333333333258
97.2549999999999955
97.2599999999999909
97.2766666666666708
97.2800000000000011
97.2766666666666708
97.2883333333333269
97.2916666666666714
97.2966666666666526
97.2966666666666669
97.3016666666666623
97.3116666666666674
97.3183333333333422
97.3133333333333326
97.3149999999999977
97.2966666666666811
97.3300000000000125
97.3449999999999989
97.3333333333333428
97.3300000000000125
97.3366666666666731
97.3266666666666680
97.3349999999999937
97.3233333333333377
97.3483333333333434
97.3483333333333434
97.3400000000000034
97.3466666666666640
97.3550000000000040
97.3700000000000045
97.3700000000000045
97.3833333333333258
97.3883333333333354
97.3700000000000045
97.3683333333333394
97.3850000000000051
97.4099999999999966
97.3966666666666612
97.4099999999999966
97.4116666666666617
97.4166666666666572
97.3983333333333263
97.4066666666666663
97.4283333333333275
97.4149999999999920
97.4066666666666663
97.4166666666666572
97.4283333333333275
97.4366666666666674
97.4333333333333229
97.4433333333333280
97.4349999999999881
97.4333333333333229
97.4383333333333326
97.4399999999999977
97.4299999999999926
97.4516666666666538
97.4499999999999886
97.4399999999999977
97.4516666666666538
97.4450000000000074
97.4599999999999937
97.4650000000000034
97.4716666666666640
97.4533333333333189
97.4683333333333337
97.4616666666666731
97.4633333333333383
97.4883333333333297
97.4849999999999994
97.4766666666666737
97.4800000000000040
97.4749999999999943
97.4783333333333388
97.4833333333333343
97.4900000000000091
97.4849999999999994
97.5016666666666652
97.5133333333333354
97.4916666666666600
97.5049999999999955
97.5033333333333445
97.5000000000000000
97.5100000000000051
97.5150000000000006
97.5350000000000108
97.5100000000000051
97.5300000000000011
97.5283333333333218
97.5383333333333269
97.5333333333333314
97.5300000000000011
97.5349999999999966
97.5216666666666612
97.5416666666666714
97.5266666666666708
97.5249999999999915
