48.5178133
75.9213759
75.9213759
75.9213759
77.4385749
81.2619779
82.3212531
82.7933047
82.9751229
83.1145577
83.2377150
83.3482801
83.4385749
83.5224201
83.5906020
83.6824324
83.7392506
83.8175676
83.8654791
83.9318182
83.9474816
83.9969287
84.0245700
84.0512899
84.0752457
84.1025799
84.1262285
84.1511057
84.1719902
84.1867322
84.2030098
84.2266585
84.2444717
84.2386364
84.2503071
84.2549140
84.2671990
84.2770270
84.2843980
84.2936118
84.2972973
84.2985258
84.3135749
84.3191032
84.3237101
84.3338452
84.3227887
84.3544226
84.3485872
84.3538084
84.3593366
84.3624079
84.3814496
84.3989558
84.3851351
84.3977273
84.4072482
84.4023342
84.3931204
84.4284398
84.4213759
84.4358108
84.4084767
84.4379607
84.4407248
84.4348894
84.4431818
84.4484029
84.4551597
84.4609951
84.4591523
84.4708231
84.4662162
84.4785012
84.4788084
84.4640663
84.4809582
84.4858722
84.4944717
84.5021499
84.4987715
84.4849509
84.5039926
84.5171990
84.5082924
84.5208845
84.5227273
84.5371622
84.5331695
84.5488329
84.5264128
84.5368550
84.5350123
84.5393120
84.5405405
84.5337838
84.5288698
84.5390049
84.5307125
84.5512899
84.5485258
84.5316339
