43.1130820
75.9213759
75.9213759
75.9213759
77.0243631
81.0341572
82.2213130
82.7444508
82.9366813
83.0895280
83.1988260
83.3265459
83.4219974
83.4989752
83.5569947
83.6608790
83.7153950
83.8045729
83.8465349
83.9202141
83.9254288
83.9862891
84.0119087
84.0370080
84.0580196
84.0927326
84.1148308
84.1338008
84.1613165
84.1751908
84.1874458
84.2140373
84.2303544
84.2251639
84.2388082
84.2451258
84.2556450
84.2629045
84.2683130
84.2824795
84.2813753
84.2891151
84.3036745
84.3077437
84.3130841
84.3225369
84.3072947
84.3430392
84.3365043
84.3324543
84.3379486
84.3439677
84.3650258
84.3867061
84.3647606
84.3814976
84.3854939
84.3856694
84.3666175
84.4211438
84.4031532
84.4233849
84.3934589
84.4300660
84.4232067
84.4200220
84.4300195
84.4373622
84.4434191
84.4503197
84.4492081
84.4592425
84.4481212
84.4665586
84.4627222
84.4469077
84.4652148
84.4724604
84.4752051
84.4932436
84.4861216
84.4672557
84.4940556
84.5027318
84.4937839
84.5068186
84.4993171
84.5260935
84.5234631
84.5343494
84.5145922
84.5212317
84.5121344
84.5237771
84.5287383
84.5189945
84.5065369
84.5184418
84.5129000
84.5384792
84.5272091
84.5113404
