8.7200311
0.0000000
0.0000000
0.0000000
0.6682922
0.3675674
0.1612440
0.0788212
0.0620218
0.0403832
0.0627438
0.0350661
0.0267464
0.0378263
0.0542222
0.0347744
0.0384888
0.0209657
0.0305648
0.0187221
0.0355802
0.0171661
0.0204279
0.0230426
0.0277927
0.0158876
0.0183891
0.0279197
0.0172209
0.0186210
0.0251111
0.0203631
0.0227770
0.0217366
0.0185525
0.0157923
0.0186413
0.0227853
0.0259516
0.0179609
0.0256886
0.0151833
0.0159735
0.0183274
0.0171441
0.0182449
0.0249982
0.0183660
0.0194946
0.0344528
0.0345075
0.0297516
0.0264983
0.0197637
0.0328725
0.0261850
0.0350984
0.0268871
0.0427600
0.0117714
0.0294007
0.0200480
0.0242298
0.0127374
0.0282639
0.0239873
0.0212361
0.0178133
0.0189424
0.0172237
0.0160442
0.0186842
0.0291947
0.0192683
0.0259535
0.0276839
0.0254006
0.0216387
0.0310850
0.0143694
0.0204094
0.0285494
0.0160324
0.0233415
0.0234081
0.0226940
0.0377702
0.0178582
0.0156604
0.0233678
0.0190715
0.0252067
0.0369113
0.0250641
0.0190418
0.0238611
0.0360320
0.0331766
0.0287388
0.0206689
0.0343925
0.0327416
