53.9225445
75.9213759
75.9213759
75.9213759
77.8527868
81.4897985
82.4211931
82.8421585
83.0135644
83.1395875
83.2766040
83.3700143
83.4551525
83.5458651
83.6242092
83.7039858
83.7631062
83.8305622
83.8844233
83.9434222
83.9695344
84.0075684
84.0372314
84.0655719
84.0924718
84.1124271
84.1376262
84.1684105
84.1826638
84.1982736
84.2185739
84.2392797
84.2585891
84.2521088
84.2618061
84.2647022
84.2787530
84.2911495
84.3004830
84.3047441
84.3132193
84.3079365
84.3234754
84.3304627
84.3343361
84.3451535
84.3382827
84.3658060
84.3606701
84.3751624
84.3807246
84.3808481
84.3978735
84.4112054
84.4055097
84.4139569
84.4290024
84.4189989
84.4196233
84.4357358
84.4395987
84.4482367
84.4234945
84.4458554
84.4582429
84.4497569
84.4563441
84.4594437
84.4669003
84.4716704
84.4690966
84.4824037
84.4843113
84.4904438
84.4948945
84.4812250
84.4967017
84.4992841
84.5137384
84.5110561
84.5114214
84.5026460
84.5139296
84.5316662
84.5228009
84.5349504
84.5461375
84.5482308
84.5428759
84.5633164
84.5382334
84.5524783
84.5578901
84.5548470
84.5523428
84.5485730
84.5512026
84.5595680
84.5485250
84.5641006
84.5698425
84.5519274
