2.3024263
2.3020628
2.3009853
2.3001022
2.2993089
2.2985165
2.2976663
2.2966636
2.2953786
2.2935357
2.2904364
2.2840239
2.2672199
2.2214796
2.1494598
2.0551740
1.9147474
1.7566457
1.6052372
1.4584988
1.3181424
1.1893890
1.0743872
0.9735760
0.8860321
0.8102583
0.7460209
0.6917897
0.6462957
0.6076765
0.5744835
0.5455779
0.5201611
0.4977168
0.4777533
0.4598199
0.4436103
0.4286963
0.4150426
0.4024894
0.3907605
0.3798845
0.3696980
0.3601343
0.3511282
0.3426527
0.3346410
0.3271218
0.3199472
0.3131013
0.3066637
0.3005428
0.2947174
0.2891862
0.2838581
0.2788180
0.2739952
0.2693471
0.2649052
0.2606223
0.2565505
0.2526260
0.2488716
0.2453079
0.2418746
0.2385762
0.2353698
0.2323173
0.2293769
0.2265221
0.2238033
0.2211840
0.2186605
0.2161796
0.2138282
0.2115490
0.2093551
0.2072466
0.2051709
0.2031460
0.2012459
0.1993484
0.1975680
0.1958206
0.1941265
0.1924856
0.1908720
0.1893479
0.1878487
0.1863777
0.1849449
0.1835462
0.1821771
0.1808847
0.1796201
0.1783533
0.1771461
0.1759208
0.1747486
0.1736289
0.1725000
0.1713847
0.1703005
0.1692743
0.1682399
0.1672351
0.1662627
0.1653054
0.1644029
0.1634897
0.1626045
0.1617029
0.1608628
0.1600080
0.1591820
0.1583601
0.1575616
0.1567821
0.1560098
0.1552827
0.1545527
0.1538351
0.1531413
0.1524506
0.1517494
0.1511050
0.1504404
0.1497971
0.1491863
0.1485653
0.1479414
0.1473370
0.1467779
0.1461834
0.1455969
0.1450307
0.1444696
0.1439548
0.1434107
0.1428797
0.1423349
0.1418312
0.1413239
0.1408349
0.1403226
0.1398225
0.1393582
0.1388888
0.1384344
0.1379998
0.1375388
0.1370992
0.1366736
0.1362454
0.1358122
0.1354274
0.1350101
0.1346092
0.1342085
0.1338056
0.1334159
0.1330391
0.1326551
0.1322678
0.1318931
0.1315315
0.1311842
0.1308402
0.1304796
0.1301345
0.1297922
0.1294316
0.1291042
0.1287692
0.1284568
0.1281463
0.1278124
0.1274813
0.1271712
0.1268686
0.1265468
0.1262363
0.1259235
0.1256311
0.1253443
0.1250630
0.1247808
0.1245094
0.1242438
0.1239651
0.1236844
0.1234197
0.1231548
0.1229190
0.1226354
0.1223932
0.1221688
0.1218885
0.1216496
0.1213799
0.1211551
0.1209289
