2.3020925
2.3017952
2.3008217
2.2999696
2.2991175
2.2981949
2.2971535
2.2958468
2.2940722
2.2913526
2.2864048
2.2751761
2.2431387
2.1549246
2.0318528
1.8959528
1.7181356
1.5232951
1.3350254
1.1656766
1.0234475
0.9116788
0.8250041
0.7561739
0.7009645
0.6557879
0.6175304
0.5842210
0.5553342
0.5297938
0.5071717
0.4869127
0.4686619
0.4520642
0.4369446
0.4230938
0.4102237
0.3981892
0.3869105
0.3764299
0.3665156
0.3572072
0.3483559
0.3399687
0.3319882
0.3244398
0.3172649
0.3104555
0.3039947
0.2977388
0.2918826
0.2862880
0.2809407
0.2758410
0.2709045
0.2662363
0.2617520
0.2574523
0.2533316
0.2493607
0.2456201
0.2419638
0.2385153
0.2352412
0.2321038
0.2290845
0.2261594
0.2233429
0.2206603
0.2180577
0.2155477
0.2131714
0.2108514
0.2085898
0.2064464
0.2043832
0.2023846
0.2004584
0.1985712
0.1967146
0.1949818
0.1932648
0.1916455
0.1900609
0.1885048
0.1870099
0.1855137
0.1841183
0.1827257
0.1813699
0.1800878
0.1788071
0.1775446
0.1763550
0.1751966
0.1740330
0.1729185
0.1717533
0.1706343
0.1696217
0.1685560
0.1675064
0.1664932
0.1655324
0.1645341
0.1635959
0.1626757
0.1617511
0.1609338
0.1600538
0.1591940
0.1583251
0.1575001
0.1566612
0.1558351
0.1550228
0.1542389
0.1534693
0.1527062
0.1519867
0.1512526
0.1505365
0.1498352
0.1491567
0.1484462
0.1478104
0.1471274
0.1464708
0.1458775
0.1452453
0.1446098
0.1439826
0.1434186
0.1428078
0.1422100
0.1416492
0.1410696
0.1405470
0.1399904
0.1394515
0.1389028
0.1384068
0.1379038
0.1373942
0.1368712
0.1363818
0.1359038
0.1354442
0.1349807
0.1345242
0.1340763
0.1336228
0.1331925
0.1327482
0.1322904
0.1319254
0.1314949
0.1310973
0.1307011
0.1303162
0.1299235
0.1295354
0.1291675
0.1287740
0.1284101
0.1280509
0.1277148
0.1273850
0.1270133
0.1266668
0.1263326
0.1259730
0.1256508
0.1253242
0.1250022
0.1247025
0.1243584
0.1240394
0.1237338
0.1234309
0.1231298
0.1228066
0.1225211
0.1222253
0.1219473
0.1216780
0.1213906
0.1211210
0.1208565
0.1206003
0.1203279
0.1200548
0.1197967
0.1195654
0.1192970
0.1190525
0.1188344
0.1185492
0.1183255
0.1180558
0.1178322
0.1176141
