0.0003809
0.0003052
0.0001867
0.0001513
0.0002183
0.0003668
0.0005850
0.0009319
0.0014904
0.0024906
0.0045994
0.0100940
0.0274730
0.0759293
0.1341720
0.1816477
0.2243048
0.2662182
0.3082714
0.3340665
0.3362030
0.3168260
0.2845090
0.2480234
0.2111345
0.1762277
0.1465885
0.1227198
0.1037735
0.0888525
0.0767928
0.0669282
0.0587529
0.0520828
0.0465567
0.0418990
0.0380891
0.0348040
0.0320946
0.0297300
0.0276598
0.0258715
0.0243481
0.0230059
0.0218359
0.0207782
0.0198235
0.0190138
0.0181994
0.0175264
0.0168629
0.0162625
0.0157172
0.0152249
0.0147781
0.0143539
0.0139676
0.0135702
0.0132038
0.0128478
0.0124699
0.0121640
0.0118150
0.0114847
0.0111470
0.0108287
0.0105077
0.0102384
0.0099444
0.0096566
0.0094184
0.0091411
0.0089090
0.0086589
0.0084216
0.0081751
0.0079524
0.0077444
0.0075292
0.0073373
0.0071464
0.0069405
0.0067567
0.0065710
0.0064135
0.0062470
0.0061131
0.0059662
0.0058446
0.0057132
0.0055412
0.0054066
0.0052850
0.0051677
0.0050465
0.0049288
0.0048231
0.0047544
0.0046938
0.0045716
0.0044994
0.0044246
0.0043435
0.0042689
0.0042277
0.0041517
0.0040922
0.0040549
0.0039578
0.0039198
0.0038909
0.0038535
0.0038364
0.0038182
0.0038183
0.0038074
0.0037907
0.0037793
0.0037690
0.0037602
0.0037649
0.0037632
0.0037717
0.0037578
0.0037684
0.0037587
0.0037796
0.0037948
0.0037748
0.0037875
0.0038008
0.0038269
0.0038325
0.0038511
0.0038640
0.0038578
0.0038789
0.0038878
0.0039020
0.0039111
0.0039155
0.0039067
0.0039018
0.0039253
0.0039375
0.0039253
0.0039410
0.0039298
0.0039402
0.0039651
0.0039503
0.0039660
0.0039714
0.0039898
0.0040177
0.0039952
0.0040102
0.0040066
0.0040014
0.0039809
0.0039843
0.0039972
0.0039788
0.0039859
0.0039736
0.0039708
0.0039580
0.0039418
0.0039545
0.0039561
0.0039469
0.0039458
0.0039398
0.0039302
0.0039412
0.0039288
0.0039406
0.0039266
0.0039216
0.0039219
0.0038983
0.0039128
0.0038817
0.0038855
0.0038755
0.0038618
0.0038678
0.0038657
0.0038645
0.0038387
0.0038293
0.0038388
0.0038312
0.0038259
0.0038086
0.0038112
0.0038041
0.0038096
0.0037923
0.0037923
0.0037910
0.0037818
