2.3027602
2.3023303
2.3011490
2.3002347
2.2995002
2.2988380
2.2981790
2.2974805
2.2966849
2.2957188
2.2944680
2.2928716
2.2913011
2.2880346
2.2670667
2.2143952
2.1113592
1.9899963
1.8754490
1.7513209
1.6128373
1.4670992
1.3237703
1.1909781
1.0710996
0.9647287
0.8745114
0.7993583
0.7372572
0.6855591
0.6417954
0.6042430
0.5716603
0.5433694
0.5185621
0.4965460
0.4769968
0.4592034
0.4431748
0.4285489
0.4150054
0.4025619
0.3910400
0.3802998
0.3702681
0.3608656
0.3520171
0.3437882
0.3358997
0.3284639
0.3214447
0.3147975
0.3084941
0.3025315
0.2968117
0.2913998
0.2862383
0.2812419
0.2764788
0.2718838
0.2674809
0.2632883
0.2592279
0.2553747
0.2516454
0.2480679
0.2445803
0.2412916
0.2380936
0.2349865
0.2320589
0.2291965
0.2264695
0.2237695
0.2212101
0.2187148
0.2163257
0.2140349
0.2117705
0.2095775
0.2075100
0.2054320
0.2034905
0.2015803
0.1997481
0.1979613
0.1962304
0.1945775
0.1929718
0.1913856
0.1898019
0.1882853
0.1868097
0.1854144
0.1840435
0.1826736
0.1813738
0.1800882
0.1788629
0.1776361
0.1764439
0.1752630
0.1741077
0.1730162
0.1719456
0.1708742
0.1698497
0.1688597
0.1678720
0.1669255
0.1660150
0.1650806
0.1642255
0.1633548
0.1625289
0.1616974
0.1608843
0.1600948
0.1593135
0.1585786
0.1578528
0.1571337
0.1564474
0.1557444
0.1550526
0.1543997
0.1537533
0.1531233
0.1524951
0.1518852
0.1512729
0.1506915
0.1501372
0.1495591
0.1489839
0.1484122
0.1478696
0.1473627
0.1468310
0.1463080
0.1457670
0.1452556
0.1447439
0.1442756
0.1437740
0.1432632
0.1428126
0.1423334
0.1418882
0.1414754
0.1410014
0.1405756
0.1401547
0.1397425
0.1393339
0.1389293
0.1385252
0.1381212
0.1377158
0.1372950
0.1369083
0.1365429
0.1361427
0.1357615
0.1353761
0.1350120
0.1346536
0.1342954
0.1339458
0.1336022
0.1332518
0.1328902
0.1325576
0.1322142
0.1319115
0.1315900
0.1312665
0.1309231
0.1306086
0.1303064
0.1299638
0.1296660
0.1293259
0.1290369
0.1287413
0.1284480
0.1281710
0.1278978
0.1276312
0.1273299
0.1270409
0.1267846
0.1265130
0.1262726
0.1259738
0.1257339
0.1255033
0.1252279
0.1249737
0.1247040
0.1244781
0.1242438
