45.5972000
71.9120000
76.1819000
82.7323000
82.9148000
83.0883000
83.2654000
83.4018000
83.5289000
83.6297000
83.6970000
83.7501000
83.7882000
83.8253000
83.8656000
83.8937000
83.9132000
83.9340000
83.9553000
83.9679000
83.9746000
83.9850000
83.9878000
83.9955000
83.9994000
83.9987000
84.0080000
84.0208000
84.0287000
84.0362000
84.0416000
84.0484000
84.0521000
84.0575000
84.0609000
84.0634000
84.0670000
84.0736000
84.0724000
84.0716000
84.0739000
84.0746000
84.0783000
84.0844000
84.0880000
84.0923000
84.0997000
84.1366000
84.1345000
84.1365000
84.1406000
84.1417000
84.1488000
84.1558000
84.1520000
84.1519000
84.1537000
84.1527000
84.1590000
84.1666000
84.1686000
84.2046000
84.2035000
84.2052000
84.2112000
84.2123000
84.2875000
84.3256000
84.3283000
84.3289000
84.3286000
84.3317000
84.3666000
84.3684000
84.3619000
84.3667000
84.3366000
84.3053000
84.3054000
84.3063000
84.3049000
84.3092000
84.3140000
84.3175000
84.3205000
84.3913000
84.3984000
84.3972000
84.4021000
84.4057000
84.4076000
84.4081000
84.3761000
84.3820000
84.3859000
84.4224000
84.4607000
84.4625000
84.4648000
84.4694000
84.4716000
84.4713000
