32.3058383
71.9120000
74.9835382
82.6120000
82.8913507
83.0690380
83.2465285
83.3846799
83.5148331
83.6179072
83.6899494
83.7412194
83.7745170
83.8124204
83.8550662
83.8808443
83.9012206
83.9193510
83.9417830
83.9539648
83.9585060
83.9700499
83.9705324
83.9769404
83.9809027
83.9803784
83.9907899
84.0060106
84.0156780
84.0226666
84.0276270
84.0357578
84.0393060
84.0428373
84.0455908
84.0494821
84.0528717
84.0594956
84.0606524
84.0600603
84.0618227
84.0634876
84.0648771
84.0698690
84.0701135
84.0725418
84.0798700
84.0584237
84.0570176
84.0593949
84.0635462
84.0677921
84.0730725
84.0780111
84.0779753
84.0800610
84.0815315
84.0798692
84.0803793
84.0863629
84.0871285
84.0994712
84.1023404
84.1036021
84.1099179
84.1091768
84.1669062
84.2017202
84.2037778
84.2037941
84.2002081
84.2002382
84.2351881
84.2370100
84.2324873
84.2376742
84.1992992
84.1702880
84.1687015
84.1680623
84.1677326
84.1732340
84.1748985
84.1748981
84.1776806
84.2488235
84.2564583
84.2557084
84.2606761
84.2626396
84.2631938
84.2630538
84.2279576
84.2328972
84.2352992
84.2741006
84.3166679
84.3182716
84.3210277
84.3251037
84.3268187
84.3265572
