21.4443757
0.0000000
1.9334452
0.1940928
0.0378333
0.0310775
0.0304473
0.0276217
0.0226956
0.0190266
0.0113754
0.0143279
0.0220762
0.0207800
0.0169953
0.0207415
0.0193277
0.0236347
0.0218085
0.0224831
0.0259661
0.0241205
0.0278596
0.0299441
0.0298436
0.0295603
0.0277669
0.0238613
0.0210098
0.0218348
0.0225442
0.0203971
0.0206419
0.0236569
0.0247000
0.0224553
0.0227947
0.0227561
0.0189536
0.0186183
0.0194856
0.0179287
0.0216566
0.0234444
0.0288583
0.0318780
0.0319939
0.1261303
0.1250106
0.1244020
0.1243191
0.1192435
0.1221792
0.1255052
0.1194320
0.1159055
0.1164372
0.1175058
0.1268472
0.1294552
0.1314467
0.1696156
0.1632117
0.1639188
0.1634092
0.1663797
0.1945668
0.1998686
0.2009050
0.2018467
0.2071484
0.2121014
0.2120208
0.2119855
0.2087953
0.2081711
0.2215221
0.2178293
0.2205503
0.2230337
0.2213068
0.2193685
0.2244273
0.2300749
0.2304258
0.2298726
0.2290097
0.2282835
0.2281743
0.2308147
0.2329859
0.2340186
0.2390140
0.2405635
0.2429804
0.2392673
0.2323825
0.2326991
0.2319633
0.2328086
0.2335912
0.2335290
