58.8885617
71.9120000
77.3802618
82.8526000
82.9382493
83.1075620
83.2842715
83.4189201
83.5429669
83.6414928
83.7040506
83.7589806
83.8018830
83.8381796
83.8761338
83.9065557
83.9251794
83.9486490
83.9688170
83.9818352
83.9906940
83.9999501
84.0050676
84.0140596
84.0178973
84.0170216
84.0252101
84.0355894
84.0417220
84.0497334
84.0555730
84.0610422
84.0648940
84.0721627
84.0762092
84.0773179
84.0811283
84.0877044
84.0841476
84.0831397
84.0859773
84.0857124
84.0917229
84.0989310
84.1058865
84.1120582
84.1195300
84.2147763
84.2119824
84.2136051
84.2176538
84.2156079
84.2245275
84.2335889
84.2260247
84.2237390
84.2258685
84.2255308
84.2376207
84.2468371
84.2500715
84.3097288
84.3046596
84.3067979
84.3124821
84.3154232
84.4080938
84.4494798
84.4528222
84.4540059
84.4569919
84.4631618
84.4980119
84.4997900
84.4913127
84.4957258
84.4739008
84.4403120
84.4420985
84.4445377
84.4420674
84.4451660
84.4531015
84.4601019
84.4633194
84.5337765
84.5403417
84.5386916
84.5435239
84.5487604
84.5520062
84.5531462
84.5242424
84.5311028
84.5365008
84.5706994
84.6047321
84.6067284
84.6085723
84.6136963
84.6163813
84.6160428
