0.9999963
0.9995912
0.9929655
0.9788634
0.9430944
0.8832535
0.8092185
0.7299168
0.6377799
0.5286277
0.4592406
0.4137264
0.3722120
0.3341190
0.3016131
0.2741824
0.2453226
0.2218363
0.2030642
0.1848593
0.1715196
0.1573107
0.1453595
0.1341080
0.1299573
0.1236815
0.1157999
0.1104707
0.1091595
0.1042686
0.1013038
0.0985857
0.0992303
0.0995028
0.0930687
0.0934922
0.0995728
0.0936984
0.0986189
0.0931865
0.0934590
0.0875847
0.0910430
0.0899823
0.0978528
0.0894520
0.0925346
0.0929361
0.0935143
0.0928108
0.0920080
0.0906416
0.0923984
0.0893268
0.0896840
0.0947812
0.0908220
0.0928587
0.0956430
0.0854118
0.0923799
0.0900265
0.0920595
0.0969689
0.0922289
0.0910467
0.0863362
0.0928845
0.0900781
0.0917686
0.0895404
0.0899602
0.0886123
0.0917060
0.0914003
0.0832720
0.0882440
0.0859863
0.0851613
0.0849403
0.0861557
0.0797842
0.0864798
0.0813052
0.0877247
0.0827821
0.0847636
0.0837360
0.0832940
0.0829368
0.0793017
0.0827342
0.0794490
0.0807675
0.0797032
0.0802151
0.0746022
0.0760938
0.0751989
0.0772908
0.0798984
0.0753057
