0.9999895
0.9995552
0.9926377
0.9781564
0.9419227
0.8811376
0.8052449
0.7240613
0.6302117
0.5205555
0.4541278
0.4084438
0.3676188
0.3291643
0.2956346
0.2684724
0.2385375
0.2158313
0.1962541
0.1784759
0.1656182
0.1522834
0.1391409
0.1287958
0.1252252
0.1165660
0.1099968
0.1064161
0.1043821
0.0976917
0.0948216
0.0932318
0.0945674
0.0937714
0.0876710
0.0854615
0.0954492
0.0877543
0.0932094
0.0868205
0.0893702
0.0846604
0.0868272
0.0845427
0.0921253
0.0828062
0.0878033
0.0871773
0.0873262
0.0859266
0.0845845
0.0859603
0.0860176
0.0837296
0.0842954
0.0889272
0.0867233
0.0868398
0.0911192
0.0817428
0.0893410
0.0871786
0.0861196
0.0929328
0.0872905
0.0847637
0.0789072
0.0894462
0.0831536
0.0860238
0.0847665
0.0854358
0.0839500
0.0853798
0.0862742
0.0767281
0.0835584
0.0772098
0.0792894
0.0802963
0.0801935
0.0763152
0.0808777
0.0778121
0.0812309
0.0777877
0.0805730
0.0786693
0.0751819
0.0761215
0.0750067
0.0751657
0.0730562
0.0756968
0.0737966
0.0743244
0.0695697
0.0702625
0.0706553
0.0690344
0.0711499
0.0713924
