0.0000110
0.0000581
0.0005289
0.0011407
0.0018905
0.0034138
0.0064110
0.0094472
0.0122106
0.0130238
0.0082489
0.0085231
0.0074106
0.0079939
0.0096458
0.0092125
0.0109472
0.0096886
0.0109875
0.0102990
0.0095213
0.0081110
0.0100331
0.0085707
0.0076348
0.0114802
0.0093628
0.0065418
0.0077080
0.0106112
0.0104584
0.0086381
0.0075231
0.0092471
0.0087086
0.0129567
0.0066530
0.0095902
0.0087277
0.0102710
0.0065969
0.0047181
0.0068019
0.0087763
0.0092408
0.0107224
0.0076336
0.0092912
0.0099839
0.0111072
0.0119770
0.0075527
0.0102947
0.0090304
0.0086941
0.0094449
0.0066129
0.0097110
0.0072989
0.0059195
0.0049030
0.0045949
0.0095835
0.0065120
0.0079677
0.0101370
0.0119860
0.0055474
0.0111720
0.0092687
0.0077022
0.0072997
0.0075221
0.0102067
0.0082704
0.0105579
0.0075597
0.0141601
0.0094738
0.0074927
0.0096195
0.0055969
0.0090385
0.0056358
0.0104771
0.0080580
0.0067610
0.0081746
0.0130881
0.0109958
0.0069295
0.0122111
0.0103142
0.0081812
0.0095296
0.0095041
0.0081196
0.0094084
0.0073306
0.0133210
0.0141149
0.0063138
