1.0000032
0.9996272
0.9932933
0.9795705
0.9442662
0.8853695
0.8131920
0.7357722
0.6453481
0.5367000
0.4643533
0.4190091
0.3768051
0.3390737
0.3075916
0.2798923
0.2521078
0.2278414
0.2098744
0.1912427
0.1774210
0.1623379
0.1515780
0.1394202
0.1346894
0.1307970
0.1216031
0.1145253
0.1139370
0.1108454
0.1077859
0.1039397
0.1038931
0.1052342
0.0984663
0.1015228
0.1036963
0.0996425
0.1040283
0.0995525
0.0975479
0.0905090
0.0952589
0.0954220
0.1035803
0.0960978
0.0972660
0.0986948
0.0997024
0.0996951
0.0994314
0.0953228
0.0987791
0.0949239
0.0950726
0.1006352
0.0949208
0.0988777
0.1001669
0.0890807
0.0954188
0.0928745
0.0979994
0.1010051
0.0971673
0.0973297
0.0937652
0.0963228
0.0970026
0.0975133
0.0943143
0.0944846
0.0932745
0.0980321
0.0965263
0.0898158
0.0929295
0.0947628
0.0910332
0.0895844
0.0921179
0.0832532
0.0920819
0.0847983
0.0942184
0.0877765
0.0889541
0.0888027
0.0914061
0.0897521
0.0835967
0.0903027
0.0858419
0.0858383
0.0856097
0.0861058
0.0796348
0.0819252
0.0797424
0.0855473
0.0886468
0.0792190
