0.1398316
0.1390688
0.0372879
0.0048884
0.0010298
0.0075530
0.0172182
0.0270689
0.0361343
0.0442846
0.0517286
0.0588386
0.0659506
0.0732988
0.0808060
0.0877777
0.0924959
0.0919504
0.0828689
0.0665635
0.0493551
0.0362377
0.0281667
0.0236974
0.0212205
0.0197191
0.0186944
0.0178852
0.0171799
0.0165285
0.0159023
0.0152860
0.0146723
0.0140585
0.0134513
0.0128447
0.0122426
0.0116501
0.0110697
0.0105066
0.0099633
0.0094442
0.0089527
0.0084874
0.0080502
0.0076379
0.0072525
0.0068939
0.0065598
0.0062502
0.0059660
0.0057032
0.0054595
0.0052343
0.0050261
0.0048345
0.0046568
0.0044926
0.0043417
0.0042015
0.0040711
0.0039488
0.0038355
0.0037286
0.0036295
0.0035348
0.0034470
0.0033651
0.0032869
0.0032135
0.0031425
0.0030752
0.0030123
0.0029502
0.0028945
0.0028379
0.0027848
0.0027344
0.0026855
0.0026382
0.0025922
0.0025479
0.0025061
0.0024654
0.0024256
0.0023874
0.0023491
0.0023118
0.0022777
0.0022414
0.0022083
0.0021746
0.0021434
0.0021121
0.0020818
0.0020515
0.0020233
0.0019951
0.0019677
0.0019408
0.0019150
0.0018895
