0.1521400
0.1513125
0.0407246
0.0055111
0.0013239
0.0086147
0.0190069
0.0294559
0.0390134
0.0476349
0.0556149
0.0634071
0.0714249
0.0798600
0.0884162
0.0959529
0.1002560
0.0987210
0.0904864
0.0763228
0.0591889
0.0438735
0.0331636
0.0268068
0.0232908
0.0212888
0.0200261
0.0190923
0.0183197
0.0176314
0.0169886
0.0163731
0.0157706
0.0151788
0.0145987
0.0140192
0.0134415
0.0128705
0.0123051
0.0117516
0.0112120
0.0106890
0.0101879
0.0097088
0.0092513
0.0088165
0.0084045
0.0080180
0.0076554
0.0073154
0.0070011
0.0067077
0.0064345
0.0061812
0.0059465
0.0057289
0.0055269
0.0053399
0.0051683
0.0050083
0.0048592
0.0047206
0.0045922
0.0044708
0.0043573
0.0042509
0.0041516
0.0040596
0.0039727
0.0038894
0.0038109
0.0037365
0.0036669
0.0035979
0.0035356
0.0034741
0.0034159
0.0033614
0.0033067
0.0032570
0.0032067
0.0031584
0.0031144
0.0030701
0.0030271
0.0029872
0.0029456
0.0029063
0.0028701
0.0028314
0.0027964
0.0027615
0.0027280
0.0026947
0.0026631
0.0026325
0.0026017
0.0025721
0.0025437
0.0025162
0.0024885
0.0024615
