0.9999777
0.9999731
0.9992277
0.9979259
0.9964445
0.9950776
0.9936766
0.9928204
0.9916151
0.9904579
0.9894116
0.9882587
0.9869815
0.9860684
0.9848698
0.9840812
0.9831431
0.9822519
0.9815465
0.9809859
0.9798631
0.9790638
0.9780034
0.9769563
0.9760719
0.9750271
0.9738982
0.9729904
0.9719637
0.9706374
0.9696580
0.9687086
0.9677799
0.9669226
0.9659365
0.9650158
0.9639274
0.9629327
0.9619952
0.9609359
0.9598951
0.9590634
0.9581002
0.9571294
0.9561854
0.9552225
0.9541489
0.9531084
0.9521503
0.9513630
0.9499847
0.9487628
0.9474577
0.9465350
0.9456441
0.9447988
0.9441192
0.9431876
0.9420348
0.9410049
0.9399958
0.9392823
0.9382337
0.9370873
0.9358927
0.9350387
0.9341813
0.9329474
0.9319826
0.9311531
0.9302132
0.9293174
0.9283291
0.9269750
0.9260155
0.9249866
0.9241735
0.9230119
0.9218836
0.9209358
0.9198955
0.9190053
0.9179133
0.9166680
0.9156070
0.9145819
0.9138123
0.9129120
0.9121885
0.9113228
0.9102827
0.9092708
0.9081639
0.9071547
0.9060837
0.9051414
0.9041517
0.9034223
0.9025848
0.9017885
0.9005702
0.8994569
