272.5862212
1873.7373119
0.0098979
0.0061455
0.0041360
0.0030702
0.0028976
0.0037883
0.0031062
0.0026717
0.0030631
0.0028960
0.0030691
0.0030912
0.0032992
0.0031461
0.0034088
0.0036113
0.0035820
0.0035449
0.0036875
0.0033788
0.0035512
0.0032846
0.0037712
0.0034471
0.0032961
0.0034208
0.0033449
0.0033189
0.0034804
0.0032223
0.0031596
0.0032015
0.0033352
0.0032213
0.0032944
0.0030266
0.0029769
0.0030218
0.0030504
0.0028934
0.0028972
0.0029782
0.0027631
0.0028635
0.0029126
0.0029837
0.0028419
0.0029310
0.0030022
0.0030180
0.0030679
0.0028720
0.0028857
0.0028166
0.0029120
0.0029416
0.0030687
0.0027956
0.0026714
0.0028883
0.0026820
0.0028125
0.0028557
0.0028048
0.0028248
0.0029005
0.0028120
0.0027935
0.0027418
0.0029624
0.0030412
0.0026442
0.0024265
0.0024840
0.0027004
0.0029216
0.0028281
0.0025660
0.0026567
0.0027616
0.0025911
0.0024336
0.0027439
0.0030783
0.0030178
0.0029345
0.0027575
0.0027126
0.0029805
0.0028559
0.0025648
0.0025239
0.0023167
0.0027473
0.0025187
0.0023078
0.0023534
0.0027681
0.0027059
0.0025445
0.0023488
0.0022209
0.0028683
0.0030476
0.0031227
0.0031381
0.0031346
0.0029153
0.0028600
0.0024382
0.0025611
0.0023142
0.0024888
0.0025924
0.0026277
0.0025307
0.0028700
0.0030876
0.0034652
0.0029708
0.0035094
0.0030800
0.0030513
0.0030443
0.0036125
0.0032127
0.0033536
0.0029230
0.0025379
0.0023628
0.0024775
0.0023094
0.0023403
0.0031967
0.0032111
0.0035509
0.0034666
0.0029334
0.0026274
0.0024071
0.0024260
0.0023970
0.0024910
0.0024692
0.0024715
0.0024952
0.0028517
0.0028342
0.0033154
0.0029725
0.0028823
0.0026547
0.0028405
0.0027050
0.0025522
0.0026341
0.0022980
0.0022860
0.0022226
0.0024515
0.0035779
0.0039622
0.0032689
0.0029256
0.0027783
0.0026837
0.0025335
0.0023579
0.0023661
0.0026648
0.0024178
0.0023234
0.0023485
0.0022765
0.0024377
0.0026248
0.0027575
0.0029429
0.0026340
0.0026750
0.0027492
0.0033697
0.0031126
0.0030026
0.0030674
0.0028513
0.0026446
0.0023758
0.0025071
0.0023884
0.0024009
0.0021192
0.0019761
0.0021046
0.0027181
0.0025768
0.0026157
0.0025250
0.0023596
0.0021944
