272.1898312
1727.6496685
0.0087823
0.0050446
0.0036412
0.0029117
0.0025672
0.0032557
0.0026442
0.0023508
0.0024979
0.0025741
0.0024794
0.0029550
0.0029234
0.0029329
0.0033148
0.0031412
0.0031191
0.0033664
0.0033468
0.0032378
0.0030650
0.0030499
0.0036175
0.0031557
0.0031754
0.0033245
0.0032923
0.0030686
0.0031554
0.0030365
0.0030027
0.0030400
0.0031618
0.0030647
0.0030218
0.0028328
0.0027934
0.0029038
0.0028338
0.0027700
0.0028031
0.0028670
0.0026683
0.0026975
0.0026017
0.0026324
0.0025325
0.0026678
0.0027408
0.0027417
0.0025454
0.0026876
0.0024948
0.0026246
0.0025250
0.0025954
0.0022742
0.0024502
0.0025374
0.0021754
0.0023153
0.0025088
0.0024296
0.0022271
0.0026190
0.0023602
0.0026117
0.0025327
0.0025523
0.0027411
0.0027600
0.0025146
0.0023293
0.0022713
0.0022872
0.0025223
0.0023829
0.0022063
0.0021261
0.0022789
0.0020296
0.0021279
0.0021826
0.0024221
0.0024078
0.0026772
0.0023892
0.0024065
0.0021041
0.0021162
0.0021788
0.0021492
0.0020990
0.0020157
0.0021993
0.0019922
0.0018906
0.0019983
0.0018824
0.0020988
0.0020637
0.0021153
0.0019770
0.0020873
0.0021800
0.0020692
0.0023781
0.0026245
0.0021690
0.0021869
0.0021230
0.0019955
0.0019868
0.0022457
0.0021790
0.0021241
0.0018443
0.0026097
0.0026082
0.0021925
0.0024065
0.0022181
0.0023891
0.0023562
0.0017874
0.0022775
0.0024214
0.0023142
0.0021734
0.0019729
0.0017508
0.0019104
0.0021908
0.0025848
0.0025495
0.0022589
0.0023278
0.0022010
0.0020959
0.0019814
0.0020363
0.0021497
0.0020968
0.0020914
0.0021579
0.0020013
0.0021697
0.0021188
0.0012693
0.0017414
0.0018545
0.0019812
0.0018776
0.0021559
0.0021645
0.0021814
0.0019715
0.0020885
0.0020369
0.0020963
0.0015210
0.0009948
0.0016427
0.0019201
0.0022372
0.0022043
0.0020547
0.0019098
0.0019924
0.0020721
0.0020549
0.0020011
0.0019646
0.0020372
0.0022053
0.0022467
0.0023943
0.0023623
0.0022963
0.0023756
0.0020465
0.0025613
0.0025827
0.0023285
0.0024869
0.0021856
0.0022160
0.0021514
0.0022627
0.0019784
0.0020174
0.0018225
0.0017249
0.0013960
0.0021774
0.0020937
0.0020661
0.0021059
0.0019670
0.0018533
