0.4522220
166.6642353
0.0012727
0.0012560
0.0005645
0.0001808
0.0003770
0.0006076
0.0005270
0.0003661
0.0006448
0.0003673
0.0006728
0.0001554
0.0004288
0.0002431
0.0001073
0.0005363
0.0005282
0.0002036
0.0003886
0.0001609
0.0005547
0.0002677
0.0001754
0.0003325
0.0001376
0.0001098
0.0000601
0.0002855
0.0003708
0.0002120
0.0001790
0.0001842
0.0001978
0.0001787
0.0003111
0.0002210
0.0002093
0.0001346
0.0002472
0.0001408
0.0001073
0.0001269
0.0001081
0.0001894
0.0003547
0.0004007
0.0003530
0.0003003
0.0002983
0.0003153
0.0005960
0.0002103
0.0004460
0.0002191
0.0004415
0.0003949
0.0009064
0.0003940
0.0001528
0.0008134
0.0004184
0.0003464
0.0004861
0.0006591
0.0002347
0.0006164
0.0002285
0.0002975
0.0002162
0.0002525
0.0003209
0.0001478
0.0001109
0.0002427
0.0004714
0.0004556
0.0005079
0.0004103
0.0006053
0.0005506
0.0006407
0.0003487
0.0006403
0.0007487
0.0006960
0.0002935
0.0004202
0.0003492
0.0009999
0.0008439
0.0004404
0.0004275
0.0002484
0.0008346
0.0003643
0.0003601
0.0005280
0.0008783
0.0009395
0.0005084
0.0003252
0.0001205
0.0010169
0.0010956
0.0010755
0.0012195
0.0008631
0.0003318
0.0007883
0.0002867
0.0004998
0.0003636
0.0005726
0.0003955
0.0005118
0.0004639
0.0011701
0.0005453
0.0009777
0.0008878
0.0012582
0.0009833
0.0007555
0.0007850
0.0020822
0.0010669
0.0010635
0.0006945
0.0004158
0.0004447
0.0008290
0.0004552
0.0001705
0.0006981
0.0007548
0.0014740
0.0012992
0.0008356
0.0006064
0.0004857
0.0004446
0.0002821
0.0004497
0.0004310
0.0003578
0.0005634
0.0007781
0.0008162
0.0023342
0.0014044
0.0011725
0.0007684
0.0010985
0.0006264
0.0004423
0.0005165
0.0003724
0.0002253
0.0002119
0.0004052
0.0023465
0.0033853
0.0018552
0.0011471
0.0006173
0.0005469
0.0005462
0.0005113
0.0004263
0.0006762
0.0004140
0.0003677
0.0004381
0.0002731
0.0002650
0.0004314
0.0004144
0.0006623
0.0003852
0.0003416
0.0008017
0.0009223
0.0006045
0.0007690
0.0006622
0.0007595
0.0004889
0.0002560
0.0002788
0.0004677
0.0004374
0.0003385
0.0002866
0.0008084
0.0006169
0.0005510
0.0006270
0.0004781
0.0004480
0.0003892
