272.9826112
2019.8249553
0.0110135
0.0072464
0.0046308
0.0032287
0.0032281
0.0043210
0.0035682
0.0029927
0.0036283
0.0032180
0.0036589
0.0032274
0.0036751
0.0033592
0.0035029
0.0040814
0.0040450
0.0037234
0.0040281
0.0035199
0.0040373
0.0035192
0.0039250
0.0037386
0.0034167
0.0035170
0.0033976
0.0035692
0.0038054
0.0034081
0.0033165
0.0033629
0.0035085
0.0033779
0.0035671
0.0032204
0.0031603
0.0031397
0.0032671
0.0030168
0.0029912
0.0030894
0.0028579
0.0030295
0.0032235
0.0033349
0.0031514
0.0031943
0.0032637
0.0032943
0.0035903
0.0030563
0.0032767
0.0030086
0.0032990
0.0032877
0.0038632
0.0031410
0.0028053
0.0036013
0.0030487
0.0031162
0.0032818
0.0033826
0.0030305
0.0034408
0.0030123
0.0030543
0.0029313
0.0031837
0.0033225
0.0027737
0.0025237
0.0026967
0.0031136
0.0033210
0.0032733
0.0029257
0.0031873
0.0032442
0.0031527
0.0027393
0.0033051
0.0037346
0.0036279
0.0031918
0.0031259
0.0030188
0.0038569
0.0035956
0.0029508
0.0028986
0.0025344
0.0034789
0.0028380
0.0026235
0.0028162
0.0035380
0.0035294
0.0029901
0.0026338
0.0023265
0.0037596
0.0040079
0.0040654
0.0042070
0.0038911
0.0032062
0.0035510
0.0026895
0.0029992
0.0026329
0.0029907
0.0029391
0.0030763
0.0029373
0.0038957
0.0035656
0.0043221
0.0037490
0.0046123
0.0039419
0.0037135
0.0037324
0.0054376
0.0041479
0.0042858
0.0035317
0.0029023
0.0027526
0.0032041
0.0027084
0.0024897
0.0038086
0.0038727
0.0048429
0.0046055
0.0036659
0.0031589
0.0028328
0.0028156
0.0026444
0.0028852
0.0028471
0.0027852
0.0029891
0.0035338
0.0035496
0.0053614
0.0042036
0.0039100
0.0033282
0.0038034
0.0032540
0.0029399
0.0030869
0.0026244
0.0024835
0.0024083
0.0028067
0.0056347
0.0069295
0.0048950
0.0039311
0.0033194
0.0031631
0.0030123
0.0028061
0.0027398
0.0032574
0.0027806
0.0026457
0.0027325
0.0025159
0.0026700
0.0030029
0.0031207
0.0035234
0.0029717
0.0029745
0.0034519
0.0041782
0.0036424
0.0036766
0.0036478
0.0035170
0.0030732
0.0026002
0.0027515
0.0027984
0.0027843
0.0024159
0.0022273
0.0028132
0.0032589
0.0030598
0.0031653
0.0029442
0.0027523
0.0025356
