0.9999840
0.9930758
0.7387935
0.5666054
0.4587595
0.3891953
0.3395732
0.3055058
0.2781657
0.2567813
0.2416253
0.2266014
0.2149170
0.2041623
0.1956128
0.1880508
0.1812615
0.1744132
0.1686425
0.1652249
0.1589014
0.1545492
0.1494252
0.1471232
0.1434976
0.1408347
0.1381248
0.1342683
0.1320332
0.1298121
0.1290514
0.1252319
0.1239454
0.1221381
0.1205588
0.1183267
0.1169982
0.1162195
0.1158217
0.1139154
0.1120062
0.1098940
0.1080898
0.1076659
0.1073731
0.1052039
0.1047061
0.1034706
0.1023870
0.1012905
0.1017973
0.0995882
0.0991573
0.0984676
0.0972381
0.0969582
0.0955838
0.0958227
0.0954928
0.0950920
0.0931397
0.0941703
0.0944842
0.0934596
0.0929978
0.0924140
0.0910936
0.0907527
0.0902259
0.0888265
0.0889594
0.0892303
0.0881018
0.0880788
0.0879388
0.0863874
0.0867773
0.0860776
0.0857097
0.0862215
0.0854048
0.0843792
0.0836475
0.0848031
0.0848591
0.0839714
0.0839574
0.0832817
0.0836655
0.0839004
0.0821212
0.0828489
0.0841563
0.0839194
0.0833337
0.0831038
0.0822441
0.0834536
0.0818583
0.0815164
0.0806737
0.0816433
0.0829988
0.0808687
0.0796082
0.0813475
0.0799650
0.0802019
0.0803818
0.0783637
0.0779228
0.0786415
0.0786985
0.0798491
0.0792433
0.0780198
0.0784776
0.0785826
0.0789044
0.0786945
0.0790574
0.0778419
0.0782577
0.0773800
0.0773711
0.0755748
0.0755228
0.0750330
0.0749850
0.0761515
0.0765014
0.0756957
0.0749790
0.0745292
0.0754758
0.0754428
0.0750850
0.0756098
0.0770822
0.0766513
0.0763215
0.0766883
0.0773651
0.0780988
0.0782407
0.0774920
0.0772281
0.0753938
0.0745552
0.0746491
0.0744572
0.0754898
0.0774900
0.0760536
0.0763395
0.0758597
0.0750680
0.0743233
0.0741533
0.0744302
0.0747691
0.0758347
0.0744402
0.0742093
0.0747261
0.0745822
0.0746951
0.0760126
0.0752419
0.0753209
0.0744692
0.0743113
0.0751709
0.0757657
0.0749860
0.0744112
0.0735736
0.0749740
0.0761555
0.0749130
0.0742163
0.0735036
0.0739684
0.0729028
0.0723071
0.0713285
0.0707747
0.0706977
0.0714934
0.0715594
0.0712315
0.0728079
0.0728778
0.0729228
0.0729368
0.0735706
0.0742893
0.0741973
0.0753139
0.0747921
0.0740104
0.0736395
