0.9999755
0.9928551
0.7254153
0.5502811
0.4453502
0.3783359
0.3317143
0.2983870
0.2722226
0.2511117
0.2364915
0.2230844
0.2124379
0.2025002
0.1932829
0.1860179
0.1783819
0.1726677
0.1672108
0.1632608
0.1577688
0.1536033
0.1479473
0.1453317
0.1418191
0.1387374
0.1352276
0.1317101
0.1293826
0.1273777
0.1269667
0.1236790
0.1220271
0.1198063
0.1180424
0.1153602
0.1144936
0.1144358
0.1130660
0.1117616
0.1102637
0.1073661
0.1060209
0.1052395
0.1050574
0.1028113
0.1014299
0.1003941
0.0997299
0.0993157
0.0989010
0.0968868
0.0973587
0.0974438
0.0954009
0.0957996
0.0935627
0.0926292
0.0932271
0.0930501
0.0902557
0.0919944
0.0928073
0.0917665
0.0898870
0.0899898
0.0892879
0.0881868
0.0872490
0.0861784
0.0874909
0.0863379
0.0851169
0.0846465
0.0851602
0.0838312
0.0844420
0.0837273
0.0828671
0.0851364
0.0839353
0.0835676
0.0814772
0.0816301
0.0825395
0.0811915
0.0823365
0.0808235
0.0817336
0.0815119
0.0784260
0.0795658
0.0814417
0.0812255
0.0808329
0.0809156
0.0797411
0.0819445
0.0796250
0.0777104
0.0768329
0.0793492
0.0809787
0.0790725
0.0775084
0.0783580
0.0772614
0.0782337
0.0773833
0.0757118
0.0759701
0.0760380
0.0758904
0.0759025
0.0757582
0.0751760
0.0751781
0.0757327
0.0758293
0.0747923
0.0755450
0.0746146
0.0757098
0.0751593
0.0747541
0.0732093
0.0729423
0.0724459
0.0718243
0.0739471
0.0739767
0.0726512
0.0722259
0.0698307
0.0709651
0.0715979
0.0712713
0.0712866
0.0742458
0.0737820
0.0719311
0.0723880
0.0733024
0.0753648
0.0742139
0.0736829
0.0736641
0.0723744
0.0718102
0.0714809
0.0715714
0.0720926
0.0733229
0.0722533
0.0719495
0.0728823
0.0714739
0.0708879
0.0702644
0.0700151
0.0714122
0.0710039
0.0696525
0.0689034
0.0687528
0.0697576
0.0687199
0.0705950
0.0693006
0.0688668
0.0678594
0.0678998
0.0691487
0.0692544
0.0688434
0.0688799
0.0691652
0.0709953
0.0736566
0.0717120
0.0700500
0.0695946
0.0706136
0.0691009
0.0682153
0.0677283
0.0667937
0.0670792
0.0677270
0.0681907
0.0670560
0.0686604
0.0686924
0.0683340
0.0676773
0.0693801
0.0694392
0.0695397
0.0707183
0.0700704
0.0699843
0.0689693
