0.0000097
0.0002517
0.0152626
0.0186236
0.0152981
0.0123890
0.0089658
0.0081214
0.0067802
0.0064681
0.0058570
0.0040123
0.0028283
0.0018963
0.0026581
0.0023192
0.0032851
0.0019914
0.0016334
0.0022408
0.0012921
0.0010792
0.0016862
0.0020437
0.0019149
0.0023927
0.0033052
0.0029186
0.0030239
0.0027773
0.0023783
0.0017716
0.0021885
0.0026603
0.0028709
0.0033843
0.0028574
0.0020349
0.0031438
0.0024572
0.0019880
0.0028840
0.0023603
0.0027682
0.0026418
0.0027296
0.0037376
0.0035098
0.0030314
0.0022529
0.0033042
0.0030818
0.0020520
0.0011680
0.0020960
0.0013218
0.0023057
0.0036433
0.0025849
0.0023295
0.0032903
0.0024824
0.0019131
0.0019316
0.0035490
0.0027656
0.0020600
0.0029273
0.0033962
0.0030211
0.0016754
0.0032999
0.0034053
0.0039157
0.0031699
0.0029163
0.0026642
0.0026813
0.0032430
0.0012380
0.0016766
0.0009259
0.0024761
0.0036199
0.0026463
0.0031715
0.0018493
0.0028044
0.0022041
0.0027249
0.0042156
0.0037455
0.0030970
0.0030734
0.0028530
0.0024963
0.0028556
0.0017216
0.0025478
0.0043420
0.0043818
0.0026173
0.0023046
0.0020491
0.0023955
0.0034105
0.0030845
0.0022454
0.0034209
0.0030254
0.0022278
0.0029702
0.0032037
0.0045024
0.0039760
0.0032444
0.0037643
0.0032513
0.0035082
0.0044519
0.0040071
0.0036818
0.0029067
0.0025335
0.0029855
0.0026987
0.0029439
0.0029515
0.0036059
0.0025150
0.0028804
0.0034734
0.0031409
0.0053603
0.0051460
0.0043865
0.0043509
0.0049320
0.0032358
0.0032735
0.0050088
0.0049061
0.0046349
0.0031191
0.0045939
0.0043456
0.0040660
0.0034447
0.0031317
0.0036144
0.0032923
0.0038758
0.0047541
0.0043356
0.0050083
0.0033967
0.0041003
0.0039192
0.0044367
0.0050370
0.0038297
0.0055111
0.0054621
0.0060532
0.0068146
0.0055041
0.0068169
0.0061806
0.0067782
0.0073632
0.0075408
0.0073145
0.0068705
0.0074285
0.0070077
0.0063105
0.0050293
0.0045391
0.0028509
0.0036518
0.0047531
0.0044596
0.0038273
0.0043374
0.0046681
0.0041073
0.0045417
0.0041282
0.0042969
0.0038431
0.0047637
0.0047317
0.0047750
0.0052351
0.0060003
0.0047807
0.0055332
0.0053137
0.0052429
0.0053867
0.0045931
0.0053281
