0.9999925
0.9932964
0.7521717
0.5829297
0.4721688
0.4000548
0.3474320
0.3126246
0.2841088
0.2624508
0.2467592
0.2301183
0.2173962
0.2058245
0.1979426
0.1900837
0.1841410
0.1761588
0.1700743
0.1671891
0.1600340
0.1554951
0.1509032
0.1489146
0.1451761
0.1429319
0.1410219
0.1368265
0.1346837
0.1322465
0.1311360
0.1267848
0.1258637
0.1244700
0.1230752
0.1212931
0.1195028
0.1180032
0.1185773
0.1160693
0.1137487
0.1124220
0.1101587
0.1100924
0.1096887
0.1075965
0.1079823
0.1065471
0.1050442
0.1032652
0.1046936
0.1022895
0.1009560
0.0994914
0.0990753
0.0981169
0.0976048
0.0990162
0.0977585
0.0971338
0.0960238
0.0963462
0.0961611
0.0951528
0.0961086
0.0948382
0.0928992
0.0933186
0.0932028
0.0914745
0.0904279
0.0921228
0.0910866
0.0915111
0.0907174
0.0889437
0.0891126
0.0884279
0.0885523
0.0873067
0.0868744
0.0851909
0.0858179
0.0879761
0.0871786
0.0867513
0.0855784
0.0857398
0.0855975
0.0862889
0.0858163
0.0861320
0.0868710
0.0866133
0.0858345
0.0852919
0.0847471
0.0849627
0.0840915
0.0853224
0.0845146
0.0839375
0.0850189
0.0826648
0.0817079
0.0843369
0.0826687
0.0821701
0.0833804
0.0810155
0.0798756
0.0812450
0.0815067
0.0837956
0.0827284
0.0808636
0.0817771
0.0814325
0.0819795
0.0825967
0.0825698
0.0810691
0.0808056
0.0796008
0.0799880
0.0779403
0.0781032
0.0776201
0.0781457
0.0783560
0.0790261
0.0787403
0.0777321
0.0792277
0.0799865
0.0792878
0.0788987
0.0799329
0.0799185
0.0795207
0.0807119
0.0809887
0.0814277
0.0808328
0.0822675
0.0813011
0.0807921
0.0784133
0.0773002
0.0778173
0.0773430
0.0788871
0.0816571
0.0798539
0.0807294
0.0788370
0.0786620
0.0777586
0.0780423
0.0788453
0.0781260
0.0806654
0.0792279
0.0795152
0.0806994
0.0794068
0.0806704
0.0814302
0.0811832
0.0817750
0.0810790
0.0807227
0.0811932
0.0822770
0.0811286
0.0799426
0.0779819
0.0789527
0.0786545
0.0781140
0.0783826
0.0774126
0.0773232
0.0767048
0.0763989
0.0749287
0.0747557
0.0743162
0.0752598
0.0749280
0.0754070
0.0769554
0.0770633
0.0775116
0.0781964
0.0777611
0.0791394
0.0788550
0.0799095
0.0795138
0.0780364
0.0783098
