0.1163196
0.2263183
0.0052114
0.0017743
0.0010793
0.0009131
0.0007396
0.0007726
0.0004850
0.0003974
0.0005088
0.0004805
0.0003695
0.0004836
0.0003641
0.0005554
0.0003457
0.0002993
0.0003165
0.0002477
0.0003956
0.0003282
0.0002673
0.0003394
0.0002972
0.0002474
0.0003261
0.0002433
0.0002654
0.0002389
0.0002299
0.0002261
0.0002495
0.0002470
0.0002834
0.0003450
0.0003330
0.0002111
0.0002472
0.0002419
0.0002442
0.0002351
0.0002192
0.0002247
0.0002668
0.0002277
0.0002141
0.0002161
0.0001949
0.0002365
0.0002008
0.0002085
0.0002821
0.0002082
0.0002053
0.0001892
0.0001829
0.0003033
0.0002346
0.0002323
0.0002744
0.0001820
0.0001946
0.0001904
0.0002463
0.0002253
0.0001793
0.0001682
0.0001690
0.0002287
0.0001591
0.0002111
0.0002625
0.0001737
0.0001905
0.0001528
0.0001790
0.0002356
0.0002069
0.0001786
0.0001579
0.0001600
0.0001987
0.0001499
0.0001778
0.0001765
0.0002068
0.0001712
0.0001618
0.0002110
0.0001754
0.0001578
0.0001700
0.0001465
0.0001496
0.0001422
0.0001444
0.0001814
0.0001808
0.0001862
0.0001536
0.0001447
