0.1119825
0.1890636
0.0049910
0.0015966
0.0009758
0.0007398
0.0005918
0.0005832
0.0004091
0.0003676
0.0003672
0.0003227
0.0003099
0.0003535
0.0002505
0.0003347
0.0002886
0.0002343
0.0002195
0.0002177
0.0002484
0.0002315
0.0002170
0.0001718
0.0002132
0.0002042
0.0001965
0.0001976
0.0002207
0.0001866
0.0001942
0.0001689
0.0001981
0.0001940
0.0001836
0.0002295
0.0001773
0.0001867
0.0001967
0.0001919
0.0001968
0.0001776
0.0001795
0.0001658
0.0001968
0.0001548
0.0001661
0.0001592
0.0001653
0.0001730
0.0001648
0.0001424
0.0002231
0.0001674
0.0001639
0.0001601
0.0001429
0.0001567
0.0001405
0.0001571
0.0002041
0.0001480
0.0001437
0.0001423
0.0001913
0.0001302
0.0001385
0.0001281
0.0001390
0.0001527
0.0001361
0.0001465
0.0001701
0.0001476
0.0001482
0.0001377
0.0001557
0.0001720
0.0001540
0.0001080
0.0001355
0.0001282
0.0001384
0.0001283
0.0001400
0.0001350
0.0001389
0.0001293
0.0001251
0.0001408
0.0001326
0.0001293
0.0001238
0.0001162
0.0001253
0.0001165
0.0001019
0.0001351
0.0001386
0.0001327
0.0001259
0.0001189
