0.0069976
0.0601070
0.0003555
0.0002868
0.0001670
0.0002795
0.0002384
0.0003056
0.0001225
0.0000481
0.0002283
0.0002545
0.0000961
0.0002099
0.0001832
0.0003561
0.0000920
0.0001048
0.0001564
0.0000485
0.0002374
0.0001560
0.0000811
0.0002705
0.0001355
0.0000698
0.0002091
0.0000738
0.0000720
0.0000843
0.0000575
0.0000923
0.0000829
0.0000855
0.0001610
0.0001864
0.0002513
0.0000395
0.0000815
0.0000806
0.0000765
0.0000928
0.0000641
0.0000949
0.0001130
0.0001176
0.0000776
0.0000917
0.0000477
0.0001026
0.0000582
0.0001067
0.0000951
0.0000658
0.0000667
0.0000470
0.0000645
0.0002365
0.0001519
0.0001214
0.0001134
0.0000549
0.0000821
0.0000775
0.0000888
0.0001533
0.0000659
0.0000647
0.0000485
0.0001226
0.0000371
0.0001042
0.0001491
0.0000421
0.0000682
0.0000243
0.0000376
0.0001026
0.0000854
0.0001140
0.0000361
0.0000514
0.0000973
0.0000350
0.0000610
0.0000670
0.0001097
0.0000676
0.0000592
0.0001133
0.0000690
0.0000460
0.0000746
0.0000489
0.0000392
0.0000415
0.0000686
0.0000747
0.0000680
0.0000863
0.0000447
0.0000417
