0.1206568
0.2635730
0.0054318
0.0019521
0.0011828
0.0010863
0.0008873
0.0009620
0.0005609
0.0004272
0.0006503
0.0006382
0.0004291
0.0006137
0.0004776
0.0007761
0.0004027
0.0003643
0.0004134
0.0002777
0.0005428
0.0004250
0.0003175
0.0005071
0.0003812
0.0002907
0.0004557
0.0002890
0.0003100
0.0002911
0.0002656
0.0002832
0.0003009
0.0003000
0.0003832
0.0004605
0.0004888
0.0002356
0.0002978
0.0002919
0.0002917
0.0002926
0.0002589
0.0002835
0.0003369
0.0003006
0.0002622
0.0002730
0.0002245
0.0003001
0.0002369
0.0002747
0.0003410
0.0002489
0.0002466
0.0002183
0.0002229
0.0004499
0.0003288
0.0003076
0.0003446
0.0002160
0.0002455
0.0002384
0.0003013
0.0003203
0.0002202
0.0002083
0.0001991
0.0003047
0.0001820
0.0002757
0.0003549
0.0001998
0.0002328
0.0001679
0.0002023
0.0002991
0.0002598
0.0002493
0.0001803
0.0001919
0.0002591
0.0001716
0.0002156
0.0002180
0.0002748
0.0002131
0.0001985
0.0002812
0.0002181
0.0001863
0.0002162
0.0001768
0.0001739
0.0001679
0.0001870
0.0002277
0.0002229
0.0002397
0.0001813
0.0001706
