2.3084873
2.2964748
2.3005800
2.2995947
2.2986322
2.2975729
2.2963060
2.2946138
2.2920729
2.2876300
2.2778836
2.2510626
2.1859551
2.0737893
1.9169388
1.7519244
1.5762523
1.3957843
1.2288080
1.0844340
0.9632644
0.8666164
0.7895882
0.7273466
0.6756598
0.6321687
0.5951015
0.5630880
0.5351173
0.5105609
0.4888437
0.4695012
0.4521349
0.4363467
0.4218126
0.4085687
0.3962470
0.3848422
0.3742711
0.3642622
0.3549595
0.3460555
0.3376812
0.3296995
0.3221810
0.3150596
0.3082986
0.3017879
0.2956317
0.2898073
0.2841992
0.2788977
0.2739059
0.2689920
0.2644488
0.2600151
0.2558185
0.2518197
0.2479205
0.2442711
0.2407463
0.2373219
0.2341055
0.2309784
0.2280230
0.2250981
0.2223418
0.2196944
0.2171887
0.2147017
0.2123786
0.2101004
0.2079056
0.2057469
0.2036796
0.2017431
0.1998073
0.1980406
0.1962755
0.1945422
0.1928364
0.1912132
0.1896473
0.1880984
0.1865963
0.1852105
0.1838482
0.1824225
0.1810458
0.1797902
0.1784418
0.1772294
0.1760583
0.1748793
0.1737565
0.1726041
0.1714973
0.1704181
0.1693556
0.1683008
0.1673061
0.1663228
0.1653688
0.1644758
0.1634665
0.1625571
0.1617036
0.1608237
0.1599787
0.1591346
0.1582836
0.1575150
0.1567856
0.1559964
0.1552912
0.1545480
0.1539025
0.1531797
0.1524764
0.1517883
0.1511584
0.1504813
0.1498560
0.1492184
0.1486066
0.1479999
0.1474053
0.1468025
0.1462117
0.1456858
0.1450627
0.1445072
0.1439893
0.1434287
0.1428972
0.1423366
0.1418092
0.1413422
0.1407960
0.1403180
0.1398112
0.1393816
0.1389274
0.1384605
0.1379900
0.1375491
0.1371011
0.1366830
0.1362974
0.1359322
0.1354620
0.1350561
0.1346384
0.1342336
0.1338469
0.1334753
0.1331227
0.1327527
0.1323780
0.1320098
0.1316277
0.1313011
0.1308941
0.1306051
0.1302178
0.1298678
0.1295255
0.1292519
0.1289032
0.1285607
0.1282359
0.1278843
0.1275771
0.1272587
0.1269647
0.1266597
0.1263771
0.1260859
0.1258077
0.1255684
0.1252724
0.1249847
0.1246983
0.1244597
0.1242236
0.1239305
0.1236833
0.1234206
0.1231766
0.1228932
0.1226584
0.1224015
0.1221730
0.1219157
0.1217096
0.1214409
0.1212141
0.1209509
0.1207041
0.1204953
0.1202534
0.1200812
