2.3070876
2.2960709
2.3004011
2.2994164
2.2983909
2.2971879
2.2956651
2.2935064
2.2900821
2.2835589
2.2674740
2.2186416
2.1098434
1.9691539
1.7980437
1.5962557
1.3880591
1.1974905
1.0417433
0.9236478
0.8335983
0.7633290
0.7062885
0.6587511
0.6185066
0.5841130
0.5544724
0.5286582
0.5060947
0.4861138
0.4681717
0.4518485
0.4370542
0.4233291
0.4103956
0.3985628
0.3873149
0.3768086
0.3669622
0.3574577
0.3486443
0.3400550
0.3320181
0.3243524
0.3170995
0.3102262
0.3036931
0.2973938
0.2914692
0.2858051
0.2803612
0.2751727
0.2703464
0.2655178
0.2610457
0.2566030
0.2524499
0.2484412
0.2446025
0.2409314
0.2373870
0.2339773
0.2306888
0.2275197
0.2245376
0.2216268
0.2188243
0.2162293
0.2136880
0.2111915
0.2088532
0.2065709
0.2043252
0.2021617
0.2000978
0.1981429
0.1962234
0.1944341
0.1925960
0.1908079
0.1891280
0.1875063
0.1858841
0.1843368
0.1828655
0.1814412
0.1800987
0.1786029
0.1772211
0.1759513
0.1745156
0.1732600
0.1720670
0.1708571
0.1697746
0.1685994
0.1675007
0.1663844
0.1652975
0.1642385
0.1632126
0.1622361
0.1612592
0.1603569
0.1593391
0.1584339
0.1575983
0.1567554
0.1558847
0.1550416
0.1541864
0.1534438
0.1527047
0.1518902
0.1511762
0.1505059
0.1498728
0.1491654
0.1484482
0.1478184
0.1471437
0.1465119
0.1458664
0.1452276
0.1446371
0.1440512
0.1434978
0.1428803
0.1423210
0.1418123
0.1411741
0.1406223
0.1401298
0.1395599
0.1390469
0.1385191
0.1380055
0.1375612
0.1370308
0.1365412
0.1360710
0.1356219
0.1352358
0.1347773
0.1343277
0.1339015
0.1335061
0.1330669
0.1327396
0.1323307
0.1319337
0.1315242
0.1311252
0.1307234
0.1303960
0.1300324
0.1297001
0.1293168
0.1289560
0.1286179
0.1282109
0.1279497
0.1275280
0.1272442
0.1268062
0.1265257
0.1262056
0.1259355
0.1255846
0.1252135
0.1249572
0.1246167
0.1242912
0.1239640
0.1237003
0.1234353
0.1231342
0.1228742
0.1225975
0.1223484
0.1220863
0.1217873
0.1215197
0.1213308
0.1211217
0.1207842
0.1205815
0.1203118
0.1200415
0.1198055
0.1195873
0.1193672
0.1191597
0.1189109
0.1187130
0.1184554
0.1182104
0.1180029
0.1177832
0.1175634
0.1172876
0.1171726
