0.0015968
0.0004608
0.0002040
0.0002035
0.0002754
0.0004392
0.0007312
0.0012634
0.0022712
0.0046445
0.0118758
0.0369875
0.0868321
0.1193734
0.1356416
0.1775948
0.2147003
0.2262237
0.2134129
0.1834331
0.1479298
0.1178356
0.0950326
0.0782572
0.0652033
0.0548244
0.0463517
0.0392793
0.0331105
0.0278905
0.0235837
0.0201392
0.0172049
0.0148512
0.0130250
0.0114152
0.0101902
0.0091651
0.0083384
0.0077630
0.0072046
0.0068457
0.0064607
0.0061003
0.0057972
0.0055142
0.0052542
0.0050130
0.0047488
0.0045659
0.0043786
0.0042497
0.0040609
0.0039635
0.0038824
0.0038927
0.0038430
0.0038544
0.0037853
0.0038101
0.0038325
0.0038157
0.0038979
0.0039458
0.0039764
0.0039603
0.0040130
0.0039532
0.0039937
0.0040046
0.0040220
0.0040266
0.0040847
0.0040902
0.0040864
0.0041073
0.0040886
0.0041145
0.0041978
0.0042603
0.0042307
0.0042291
0.0042933
0.0042915
0.0042563
0.0043001
0.0042777
0.0043576
0.0043634
0.0043796
0.0044791
0.0045285
0.0045536
0.0045887
0.0045427
0.0045687
0.0045595
0.0046018
0.0046297
0.0046344
0.0046701
0.0046623
0.0046885
0.0046991
0.0047087
0.0047040
0.0046835
0.0046413
0.0046706
0.0046695
0.0046743
0.0046447
0.0046557
0.0046845
0.0046945
0.0046114
0.0045973
0.0045797
0.0045956
0.0045291
0.0045802
0.0045285
0.0045516
0.0045530
0.0045286
0.0045048
0.0044579
0.0044747
0.0044386
0.0044190
0.0044363
0.0044322
0.0044031
0.0044137
0.0043927
0.0043552
0.0043395
0.0043136
0.0042955
0.0043087
0.0042670
0.0042892
0.0042116
0.0042020
0.0041781
0.0041614
0.0041014
0.0041254
0.0040589
0.0041088
0.0040252
0.0040294
0.0040080
0.0040046
0.0039370
0.0039279
0.0039047
0.0039198
0.0039039
0.0038696
0.0038981
0.0038234
0.0038402
0.0038343
0.0038921
0.0038128
0.0037874
0.0037836
0.0037860
0.0038186
0.0037405
0.0037278
0.0037488
0.0037588
0.0037242
0.0036785
0.0036997
0.0036642
0.0036623
0.0036736
0.0036348
0.0036477
0.0036263
0.0035696
0.0035388
0.0035895
0.0035387
0.0035467
0.0035767
0.0035225
0.0035037
0.0034617
0.0034377
0.0034280
0.0034187
0.0034059
0.0034267
0.0033632
0.0033323
0.0033449
0.0033835
0.0033182
