2.3098869
2.2968787
2.3007588
2.2997730
2.2988736
2.2979579
2.2969470
2.2957212
2.2940637
2.2917011
2.2882932
2.2834836
2.2620668
2.1784247
2.0358339
1.9075932
1.7644454
1.5940782
1.4158726
1.2452202
1.0929306
0.9699039
0.8728879
0.7959421
0.7328130
0.6802244
0.6357306
0.5975178
0.5641400
0.5350080
0.5095158
0.4871540
0.4672157
0.4493644
0.4332295
0.4185746
0.4051791
0.3928758
0.3815801
0.3710668
0.3612746
0.3520560
0.3433443
0.3350466
0.3272625
0.3198930
0.3129041
0.3061820
0.2997942
0.2938095
0.2880372
0.2826227
0.2774655
0.2724661
0.2678518
0.2634272
0.2591870
0.2551982
0.2512385
0.2476108
0.2441057
0.2406665
0.2375221
0.2344370
0.2315085
0.2285695
0.2258594
0.2231596
0.2206893
0.2182119
0.2159041
0.2136299
0.2114860
0.2093322
0.2072615
0.2053432
0.2033911
0.2016471
0.1999551
0.1982765
0.1965448
0.1949202
0.1934105
0.1918601
0.1903272
0.1889797
0.1875977
0.1862421
0.1848705
0.1836291
0.1823679
0.1811988
0.1800497
0.1789015
0.1777384
0.1766088
0.1754939
0.1744517
0.1734136
0.1723630
0.1713996
0.1704094
0.1694784
0.1685947
0.1675939
0.1666804
0.1658089
0.1648920
0.1640726
0.1632276
0.1623808
0.1615862
0.1608666
0.1601026
0.1594061
0.1585901
0.1579322
0.1571940
0.1565046
0.1557583
0.1551732
0.1544507
0.1538457
0.1532093
0.1525761
0.1519485
0.1513128
0.1507247
0.1501023
0.1495592
0.1489513
0.1483922
0.1478487
0.1472974
0.1467476
0.1461541
0.1456130
0.1451232
0.1445612
0.1440948
0.1435514
0.1431412
0.1426190
0.1421437
0.1416522
0.1411967
0.1406962
0.1402991
0.1398551
0.1395338
0.1389902
0.1385880
0.1381516
0.1377438
0.1372979
0.1369183
0.1365453
0.1361885
0.1357999
0.1354017
0.1350446
0.1346524
0.1342602
0.1339660
0.1336293
0.1332099
0.1328453
0.1325683
0.1322217
0.1319078
0.1315146
0.1311519
0.1308631
0.1305535
0.1302291
0.1298840
0.1296200
0.1292977
0.1290179
0.1287884
0.1284584
0.1281820
0.1278769
0.1275886
0.1273255
0.1270769
0.1267851
0.1265294
0.1263116
0.1259808
0.1257296
0.1254358
0.1251863
0.1249204
0.1247062
0.1244263
0.1242177
0.1238989
0.1236251
0.1234273
0.1232191
0.1229897
