50.1670762
75.9213759
75.9213759
75.9213759
75.9213759
75.9213759
75.9213759
75.9213759
75.9213759
75.9213759
75.9213759
75.9213759
75.9213759
75.9213759
75.9213759
75.9213759
75.9213759
75.9213759
76.0092138
76.1621622
76.3746929
76.9643735
77.9646806
79.3621007
80.6747543
81.5356265
82.0476044
82.3052826
82.4953931
82.6609337
82.7632064
82.8550369
82.9229115
82.9944717
83.0660319
83.1431204
83.2097666
83.2779484
83.3688575
83.4299754
83.4960074
83.5319410
83.5863022
83.6339066
83.6726044
83.6971744
83.7275799
83.7625921
83.7825553
83.8298526
83.8608722
83.8885135
83.9189189
83.9318182
83.9570025
83.9754300
83.9858722
83.9981572
84.0095209
84.0190418
84.0334767
84.0411548
84.0546683
84.0666462
84.0838452
84.1044226
84.1136364
84.1296069
84.1461916
84.1603194
84.1793612
84.1695332
84.1722973
84.1812039
84.1882678
84.1965602
84.2116093
84.2180590
84.2272727
84.2401720
84.2343366
84.2518428
84.2607494
84.2638206
84.2733415
84.2730344
84.2804054
84.2979115
84.2979115
84.2982187
84.3135749
84.3169533
84.3258600
84.3234029
84.3378378
84.3344595
84.3501229
84.3507371
84.3593366
84.3639435
84.3700860
84.3759214
