34.2017089
75.9213759
75.9213759
75.9213759
75.9213759
75.9213759
75.9213759
75.9213759
75.9213759
75.9213759
75.9213759
75.9213759
75.9213759
75.9213759
75.9213759
75.9213759
75.9213759
75.9213759
75.8458864
75.7144396
75.5944293
75.9902818
76.8250247
78.3116716
79.9632875
81.1331073
81.8408837
82.1436524
82.3602113
82.5571188
82.6728993
82.7780690
82.8429563
82.9114267
82.9856834
83.0604023
83.1256616
83.1986759
83.2821015
83.3546176
83.4234709
83.4714442
83.5323529
83.5787435
83.6178633
83.6352053
83.6729895
83.7053551
83.7243094
83.7718386
83.8060474
83.8336028
83.8672760
83.8771101
83.9071722
83.9265394
83.9393702
83.9462498
83.9600259
83.9722183
83.9905632
83.9986166
84.0091747
84.0202015
84.0381985
84.0609042
84.0748743
84.0860552
84.1138756
84.1252997
84.1446888
84.1347418
84.1411082
84.1445067
84.1504152
84.1588116
84.1725043
84.1768764
84.1868450
84.1965372
84.1948626
84.2088437
84.2222608
84.2273925
84.2337836
84.2383908
84.2447515
84.2631619
84.2602495
84.2637512
84.2832100
84.2829521
84.2906952
84.2932319
84.2997453
84.3030642
84.3149895
84.3199697
84.3230965
84.3317234
84.3407875
84.3497265
