25.7586349
0.0000000
0.0000000
0.0000000
0.0000000
0.0000000
0.0000000
0.0000000
0.0000000
0.0000000
0.0000000
0.0000000
0.0000000
0.0000000
0.0000000
0.0000000
0.0000000
0.0000000
0.2635135
0.7223587
1.2588828
1.5716063
1.8387287
1.6947697
1.1478856
0.6494273
0.3335247
0.2607752
0.2181033
0.1674957
0.1457021
0.1241805
0.1290003
0.1339855
0.1296349
0.1334579
0.1356955
0.1278988
0.1399727
0.1215828
0.1170309
0.0976059
0.0870423
0.0890007
0.0883198
0.0999814
0.0880764
0.0923467
0.0939743
0.0936002
0.0884548
0.0885933
0.0833210
0.0882663
0.0803965
0.0788804
0.0750266
0.0837478
0.0798555
0.0755453
0.0692368
0.0686313
0.0733997
0.0749342
0.0736467
0.0702129
0.0625390
0.0702666
0.0521390
0.0565010
0.0559407
0.0561326
0.0503208
0.0592075
0.0610716
0.0609038
0.0630924
0.0664442
0.0652264
0.0704007
0.0636876
0.0693750
0.0620978
0.0587734
0.0638230
0.0558943
0.0575243
0.0560653
0.0607643
0.0556100
0.0489911
0.0548578
0.0567351
0.0486782
0.0614588
0.0506533
0.0566844
0.0496404
0.0584701
0.0519841
0.0472704
0.0422629
