66.1324435
75.9213759
75.9213759
75.9213759
75.9213759
75.9213759
75.9213759
75.9213759
75.9213759
75.9213759
75.9213759
75.9213759
75.9213759
75.9213759
75.9213759
75.9213759
75.9213759
75.9213759
76.1725411
76.6098847
77.1549565
77.9384651
79.1043365
80.4125299
81.3862211
81.9381458
82.2543251
82.4669127
82.6305749
82.7647486
82.8535135
82.9320047
83.0028668
83.0775168
83.1463805
83.2258384
83.2938715
83.3572209
83.4556135
83.5053333
83.5685439
83.5924378
83.6402516
83.6890698
83.7273456
83.7591436
83.7821702
83.8198292
83.8408012
83.8878666
83.9156971
83.9434242
83.9705618
83.9865262
84.0068327
84.0243206
84.0323742
84.0500647
84.0590159
84.0658653
84.0763901
84.0836929
84.1001619
84.1130909
84.1294919
84.1479410
84.1523985
84.1731586
84.1785077
84.1953391
84.2140336
84.2043245
84.2034864
84.2179011
84.2261204
84.2343088
84.2507144
84.2592415
84.2677004
84.2838068
84.2738106
84.2948418
84.2992380
84.3002488
84.3128994
84.3076780
84.3160594
84.3326612
84.3355736
84.3326861
84.3439399
84.3509545
84.3610247
84.3535740
84.3759304
84.3658547
84.3852562
84.3815046
84.3955767
84.3961636
84.3993845
84.4021162
