50.1670762
75.9213759
76.6928747
82.6729115
83.2453931
83.5727887
83.7432432
83.8501229
83.9373464
84.0171990
84.0875307
84.1483415
84.1882678
84.2186732
84.2607494
84.2886978
84.3049754
84.3307740
84.3347666
84.3470516
84.3664005
84.3805283
84.3921990
84.3998771
84.4115479
84.4447174
84.4533170
84.4674447
84.4720516
84.4791155
84.4938575
84.5036855
84.5049140
84.5147420
84.5168919
84.5288698
84.5199631
84.5291769
84.5291769
84.5221130
84.5451474
84.5429975
84.5393120
84.5506757
84.5531327
84.5549754
84.5644963
84.5632678
84.5552826
84.5611179
84.5641892
84.5617322
84.5641892
84.5608108
84.5684889
84.5648034
84.5718673
84.5804668
84.5850737
84.5786241
84.5777027
84.5783170
84.5856880
84.5853808
84.5740172
84.5829238
84.5730958
84.5841523
84.5856880
84.5841523
84.5777027
84.5826167
84.6001229
84.5939803
84.5952088
84.5992015
84.6022727
84.6022727
84.6081081
84.6038084
84.6056511
84.6111794
84.6028870
84.6044226
84.6044226
84.6059582
84.6219287
84.6065725
84.6062654
84.5992015
84.6053440
84.6139435
84.6124079
84.6121007
84.6133292
84.6197789
84.6228501
84.6133292
84.6160934
84.6219287
84.6139435
84.6237715
