34.2017089
75.9213759
76.0777579
82.5917910
83.2008880
83.5573932
83.7117241
83.8023115
83.8964925
83.9693740
84.0431772
84.1076739
84.1612256
84.1677781
84.2147075
84.2416889
84.2645760
84.2747139
84.2906199
84.2970689
84.3213451
84.3371863
84.3519037
84.3613589
84.3751581
84.4037590
84.4172995
84.4276403
84.4347059
84.4352487
84.4481810
84.4588951
84.4649134
84.4822470
84.4796570
84.4919953
84.4782660
84.4842262
84.4904911
84.4856138
84.5105834
84.5045678
84.5025084
84.5111742
84.5127763
84.5146352
84.5263315
84.5225134
84.5127956
84.5206611
84.5225494
84.5239083
84.5286839
84.5246027
84.5338014
84.5302856
84.5378768
84.5539093
84.5573251
84.5538073
84.5477100
84.5476575
84.5601282
84.5613625
84.5447484
84.5542081
84.5428055
84.5514661
84.5542189
84.5567487
84.5412527
84.5471625
84.5801072
84.5724471
84.5679697
84.5727801
84.5752949
84.5727795
84.5754662
84.5742078
84.5812853
84.5885083
84.5720037
84.5816623
84.5787729
84.5713984
84.5952861
84.5843984
84.5841183
84.5676083
84.5835025
84.5964958
84.5888649
84.5897703
84.5884884
84.5937366
84.5966691
84.5931037
84.5974810
84.6019738
84.5963923
84.6099590
