25.7586349
0.0000000
0.9924338
0.1308804
0.0718050
0.0248392
0.0508531
0.0771392
0.0659140
0.0771612
0.0715602
0.0656135
0.0436302
0.0821145
0.0742843
0.0758444
0.0651808
0.0904478
0.0712266
0.0806425
0.0726927
0.0699282
0.0650127
0.0621457
0.0587116
0.0660826
0.0581108
0.0642208
0.0602537
0.0707749
0.0736947
0.0722652
0.0645373
0.0524276
0.0600750
0.0594936
0.0672745
0.0725239
0.0624160
0.0588880
0.0557659
0.0620028
0.0593793
0.0637320
0.0651113
0.0650852
0.0615754
0.0657535
0.0685488
0.0652733
0.0671819
0.0610253
0.0572844
0.0584184
0.0559651
0.0556914
0.0548406
0.0428481
0.0447698
0.0400395
0.0483905
0.0494662
0.0412384
0.0387514
0.0472225
0.0463301
0.0488706
0.0527362
0.0507724
0.0442132
0.0588087
0.0572020
0.0322935
0.0347418
0.0439479
0.0426285
0.0435263
0.0475846
0.0526646
0.0477577
0.0393120
0.0365776
0.0498272
0.0367217
0.0413834
0.0557591
0.0429855
0.0357758
0.0357323
0.0509726
0.0352392
0.0281502
0.0379843
0.0360280
0.0400784
0.0420167
0.0422406
0.0326320
0.0300293
0.0321955
0.0283172
0.0222851
