66.1324435
75.9213759
77.3079915
82.7540321
83.2898983
83.5881842
83.7747623
83.8979342
83.9782003
84.0650240
84.1318842
84.1890092
84.2153101
84.2695683
84.3067913
84.3357066
84.3453749
84.3868341
84.3789133
84.3970343
84.4114559
84.4238702
84.4324943
84.4383954
84.4479377
84.4856759
84.4893344
84.5072492
84.5093972
84.5229822
84.5395340
84.5484760
84.5449146
84.5472370
84.5541268
84.5657443
84.5616603
84.5741277
84.5678627
84.5586122
84.5797115
84.5814273
84.5761157
84.5901772
84.5934891
84.5953157
84.6026611
84.6040223
84.5977696
84.6015748
84.6058289
84.5995560
84.5996944
84.5970189
84.6031765
84.5993213
84.6058579
84.6070244
84.6128223
84.6034408
84.6076955
84.6089765
84.6112478
84.6093992
84.6032860
84.6116395
84.6033861
84.6168386
84.6171570
84.6115560
84.6141527
84.6180709
84.6201385
84.6155136
84.6224480
84.6256229
84.6292506
84.6317660
84.6407500
84.6334089
84.6300170
84.6338504
84.6337702
84.6271830
84.6300723
84.6405181
84.6485714
84.6287466
84.6284125
84.6307946
84.6271855
84.6313911
84.6359508
84.6344311
84.6381701
84.6458211
84.6490311
84.6335547
84.6347057
84.6418837
84.6314947
84.6375840
