47.2189000
71.9120000
75.4037000
82.7524000
82.9251000
83.0722000
83.2514000
83.3961000
83.5187000
83.6185000
83.6980000
83.7481000
83.7896000
83.8292000
83.8635000
83.8942000
83.9210000
83.9391000
83.9532000
83.9622000
83.9707000
83.9872000
83.9990000
83.9995000
83.9999000
84.0084000
84.0190000
84.0306000
84.0375000
84.0433000
84.0454000
84.0413000
84.0531000
84.0569000
84.0621000
84.0620000
84.0574000
84.0661000
84.0803000
84.0791000
84.0856000
84.0855000
84.0881000
84.0937000
84.0983000
84.0962000
84.1022000
84.0994000
84.1029000
84.1052000
84.1076000
84.1045000
84.1144000
84.1144000
84.1176000
84.1169000
84.1182000
84.1203000
84.1192000
84.1212000
84.1244000
84.1229000
84.1959000
84.1985000
84.2346000
84.2372000
84.2379000
84.2730000
84.2747000
84.2754000
84.2815000
84.2848000
84.2877000
84.2903000
84.2893000
84.2917000
84.3308000
84.3319000
84.3334000
84.3773000
84.3763000
84.3791000
84.3820000
84.3853000
84.4247000
84.4285000
84.4283000
84.4323000
84.4338000
84.4414000
84.4427000
84.4850000
84.4860000
84.4890000
84.4914000
84.4924000
84.4978000
84.5008000
84.5035000
84.5073000
84.5452000
84.5490000
