44.0275720
71.9120000
74.1984356
82.6621564
82.9054619
83.0509943
83.2344458
83.3791906
83.5055489
83.6059155
83.6898997
83.7411956
83.7802938
83.8157121
83.8517653
83.8858026
83.9145290
83.9293572
83.9445903
83.9564202
83.9606865
83.9724627
83.9872302
83.9854118
83.9858605
83.9979615
84.0061893
84.0232235
84.0305248
84.0360504
84.0355562
84.0267800
84.0454012
84.0502681
84.0547797
84.0525838
84.0469725
84.0537584
84.0698070
84.0680701
84.0748211
84.0715792
84.0764666
84.0844732
84.0889204
84.0859937
84.0920050
84.0856013
84.0909121
84.0922349
84.0945187
84.0931109
84.1003940
84.1018370
84.1069285
84.1045180
84.1024740
84.1055308
84.1043019
84.1037994
84.1090013
84.1085252
84.0970253
84.0994693
84.1218657
84.1221389
84.1212632
84.1474259
84.1519157
84.1546872
84.1586184
84.1635377
84.1647194
84.1647174
84.1647254
84.1657636
84.1991931
84.1981991
84.1969082
84.2477427
84.2475216
84.2508104
84.2512449
84.2530356
84.3058205
84.3076199
84.3062777
84.3089230
84.3108567
84.3161266
84.3186086
84.3760374
84.3775473
84.3802841
84.3818561
84.3805559
84.3863876
84.3898118
84.3909317
84.3935352
84.4559105
84.4585639
