5.1489108
0.0000000
1.9445820
0.1455996
0.0316842
0.0342134
0.0273540
0.0272817
0.0212182
0.0203039
0.0130690
0.0111396
0.0150147
0.0217614
0.0189328
0.0135484
0.0104403
0.0157191
0.0138910
0.0093252
0.0161558
0.0237773
0.0189895
0.0227299
0.0226515
0.0168416
0.0206688
0.0119013
0.0112539
0.0116966
0.0158821
0.0234267
0.0124214
0.0107000
0.0118106
0.0151921
0.0168238
0.0199121
0.0169296
0.0177958
0.0173908
0.0224600
0.0187694
0.0148866
0.0151331
0.0164669
0.0164487
0.0222630
0.0193414
0.0209179
0.0211054
0.0183753
0.0225973
0.0202692
0.0172174
0.0199772
0.0253724
0.0238288
0.0240366
0.0280742
0.0248443
0.0231925
0.1595252
0.1597769
0.1818863
0.1856404
0.1881826
0.2026021
0.1981010
0.1947589
0.1982580
0.1956455
0.1984178
0.2026159
0.2009896
0.2031866
0.2123355
0.2157139
0.2202168
0.2090287
0.2077720
0.2069833
0.2109611
0.2133964
0.1918010
0.1950288
0.1968716
0.1990573
0.1983577
0.2021169
0.2002099
0.1758010
0.1749783
0.1754030
0.1767389
0.1804501
0.1797536
0.1790691
0.1816184
0.1835489
0.1440603
0.1459102
