50.4102280
71.9120000
76.6089644
82.8426436
82.9447381
83.0934057
83.2683542
83.4130094
83.5318511
83.6310845
83.7061003
83.7550044
83.7989062
83.8426879
83.8752347
83.9025974
83.9274710
83.9488428
83.9618097
83.9679798
83.9807135
84.0019373
84.0107698
84.0135882
84.0139395
84.0188385
84.0318107
84.0379765
84.0444752
84.0505496
84.0552438
84.0558200
84.0607988
84.0635319
84.0694203
84.0714162
84.0678275
84.0784416
84.0907930
84.0901299
84.0963789
84.0994208
84.0997334
84.1029268
84.1076796
84.1064063
84.1123950
84.1131987
84.1148879
84.1181651
84.1206813
84.1158891
84.1284060
84.1269630
84.1282715
84.1292820
84.1339260
84.1350692
84.1340981
84.1386006
84.1397987
84.1372748
84.2947747
84.2975307
84.3473343
84.3522611
84.3545368
84.3985741
84.3974843
84.3961128
84.4043816
84.4060623
84.4106806
84.4158826
84.4138746
84.4176364
84.4624069
84.4656009
84.4698918
84.5068573
84.5050784
84.5073896
84.5127551
84.5175644
84.5435795
84.5493801
84.5503223
84.5556770
84.5567433
84.5666734
84.5667914
84.5939626
84.5944527
84.5977159
84.6009439
84.6042441
84.6092124
84.6117882
84.6160683
84.6210648
84.6344895
84.6394361
