2.3024263
2.3024253
2.3021586
2.3018793
2.3016092
2.3013462
2.3010879
2.3008331
2.3005789
2.3003231
2.3000635
2.2997979
2.2995240
2.2992397
2.2989425
2.2986298
2.2982990
2.2979470
2.2975697
2.2971624
2.2967206
2.2962400
2.2957147
2.2951386
2.2945049
2.2938059
2.2930308
2.2921686
2.2912067
2.2901291
2.2889193
2.2875568
2.2860170
2.2842715
2.2822859
2.2800215
2.2774304
2.2744537
2.2710245
2.2670613
2.2624685
2.2571298
2.2509074
2.2436447
2.2351540
2.2252267
2.2136410
2.2001582
2.1845494
2.1666142
2.1462141
2.1233124
2.0980012
2.0705080
2.0412094
2.0105710
1.9790652
1.9470984
1.9149397
1.8827017
1.8503538
1.8177679
1.7847872
1.7512778
1.7171654
1.6824440
1.6471650
1.6114294
1.5753728
1.5391436
1.5029042
1.4668151
1.4310302
1.3957030
1.3609738
1.3269686
1.2937997
1.2615668
1.2303465
1.2001959
1.1711586
1.1432617
1.1165150
1.0909128
1.0664325
1.0430432
1.0207057
0.9993828
0.9790216
0.9595710
0.9409805
0.9231979
0.9061758
0.8898662
0.8742265
0.8592174
0.8447977
0.8309323
0.8175890
0.8047371
0.7923459
0.7803890
0.7688415
0.7576826
0.7468921
0.7364513
0.7263407
0.7165431
0.7070437
0.6978283
0.6888838
0.6801982
0.6717593
0.6635559
0.6555776
0.6478141
0.6402580
0.6329013
0.6257342
0.6187513
0.6119460
0.6053118
0.5988431
0.5925320
0.5863733
0.5803621
0.5744935
0.5687628
0.5631641
0.5576931
0.5523462
0.5471190
0.5420085
0.5370106
0.5321212
0.5273371
0.5226544
0.5180689
0.5135779
0.5091790
0.5048697
0.5006467
0.4965072
0.4924490
0.4884687
0.4845645
0.4807338
0.4769741
0.4732845
0.4696618
0.4661044
0.4626108
0.4591791
0.4558071
0.4524934
0.4492369
0.4460351
0.4428860
0.4397892
0.4367424
0.4337447
0.4307950
0.4278920
0.4250342
0.4222205
0.4194510
0.4167236
0.4140377
0.4113921
0.4087853
0.4062165
0.4036857
0.4011920
0.3987340
0.3963105
0.3939209
0.3915643
0.3892403
0.3869485
0.3846878
0.3824566
0.3802552
0.3780824
0.3759378
0.3738215
0.3717328
0.3696706
0.3676340
0.3656226
0.3636356
0.3616730
0.3597347
0.3578200
0.3559284
0.3540593
0.3522123
0.3503871
0.3485836
0.3468011
0.3450389
0.3432967
0.3415737
