0.0003809
0.0003807
0.0003462
0.0003177
0.0002970
0.0002837
0.0002784
0.0002816
0.0002922
0.0003097
0.0003334
0.0003627
0.0003974
0.0004370
0.0004812
0.0005302
0.0005849
0.0006459
0.0007139
0.0007896
0.0008739
0.0009684
0.0010743
0.0011929
0.0013270
0.0014795
0.0016527
0.0018501
0.0020763
0.0023355
0.0026323
0.0029723
0.0033630
0.0038147
0.0043394
0.0049483
0.0056576
0.0064872
0.0074585
0.0086006
0.0099425
0.0115203
0.0133767
0.0155518
0.0180966
0.0210567
0.0244567
0.0283074
0.0325854
0.0372138
0.0420591
0.0469363
0.0516215
0.0558795
0.0595331
0.0625110
0.0648823
0.0668594
0.0687610
0.0709068
0.0735156
0.0766633
0.0802963
0.0842807
0.0884382
0.0925762
0.0965139
0.1000923
0.1031838
0.1056961
0.1075601
0.1087433
0.1092371
0.1090601
0.1082487
0.1068541
0.1049504
0.1026181
0.0999447
0.0970096
0.0938956
0.0906771
0.0874152
0.0841611
0.0809548
0.0778243
0.0747896
0.0718614
0.0690472
0.0663404
0.0637379
0.0612347
0.0588281
0.0565127
0.0542819
0.0521322
0.0500598
0.0480632
0.0461393
0.0442862
0.0424997
0.0407787
0.0391229
0.0375313
0.0360033
0.0345346
0.0331253
0.0317736
0.0304780
0.0292369
0.0280490
0.0269135
0.0258290
0.0247923
0.0238026
0.0228579
0.0219567
0.0210976
0.0202788
0.0195013
0.0187634
0.0180622
0.0173987
0.0167710
0.0161781
0.0156184
0.0150914
0.0145961
0.0141308
0.0136947
0.0132887
0.0129112
0.0125617
0.0122392
0.0119428
0.0116712
0.0114229
0.0111979
0.0109945
0.0108113
0.0106473
0.0105008
0.0103700
0.0102543
0.0101524
0.0100624
0.0099836
0.0099145
0.0098544
0.0098030
0.0097589
0.0097204
0.0096871
0.0096585
0.0096341
0.0096128
0.0095929
0.0095744
0.0095575
0.0095417
0.0095263
0.0095106
0.0094951
0.0094792
0.0094626
0.0094453
0.0094267
0.0094068
0.0093858
0.0093640
0.0093410
0.0093169
0.0092901
0.0092613
0.0092307
0.0091985
0.0091641
0.0091276
0.0090895
0.0090490
0.0090061
0.0089619
0.0089163
0.0088689
0.0088201
0.0087700
0.0087186
0.0086657
0.0086110
0.0085546
0.0084976
0.0084391
0.0083797
0.0083187
0.0082569
0.0081934
0.0081290
0.0080634
0.0079966
0.0079289
0.0078605
0.0077914
