1.0000000000000000
0.9850509796081568
0.8566273490603757
0.8731007596961216
0.8498700519792083
0.8255297880847661
0.8115153938424631
0.8048830467812875
0.7846861255497801
0.7936325469812076
0.7623600559776089
0.7701369452219113
0.7537235105957617
0.7591813274690123
0.7369952019192323
0.7271841263494602
0.7191273490603759
0.7166683326669332
0.7037784886045582
0.6883296681327469
0.6947321071571372
0.6814724110355858
0.6669832067173130
0.6468162734906038
0.6645041983206716
0.6565873650539784
0.6532137145141943
0.6513594562175130
0.6546631347461016
0.6430027988804479
0.6441973210715713
0.6510995601759296
0.6351759296281487
0.6402489004398240
0.6373450619752099
0.6349710115953617
0.6409036385445822
0.6344062375049980
0.6331017592962815
0.6317822870851659
0.6388244702119152
0.6237854858056777
0.6320021991203519
0.6292233106757297
0.6206567373050779
0.6340913634546181
0.6109906037584966
0.6132696921231506
0.6219312275089964
0.6225809676129548
0.6295031987205117
0.6057676929228308
0.6108006797281087
0.6078218712514993
0.6047131147540983
0.6038784486205517
0.6151989204318272
0.6048930427828868
0.6104558176729309
0.6014944022391043
0.6003498600559776
0.6076169532187126
0.5984256297481008
0.6004298280687725
0.5948470611755298
0.5954768092762894
0.6007896841263495
0.5936775289884046
0.5892542982806876
0.5976909236305478
0.5855557776889244
0.5764644142343063
0.5866903238704518
0.5717113154738105
0.5750649740103958
0.5766793282686924
0.5764644142343063
0.5748000799680129
0.5697820871651339
0.5628348660535785
0.5808126749300280
0.5749150339864054
0.5732107157137145
0.5735305877648941
0.5738004798080767
0.5533886445421832
0.5674880047980808
0.5580517792882846
0.5547630947620952
0.5682726909236306
0.5585815673730508
0.5595311875249900
0.5552678928428628
0.5474310275889644
0.5596461415433827
0.5480207916833266
0.5569622151139544
0.5379898040783686
0.5541583366653339
0.5487854858056778
0.5529888044782088
0.5518442622950819
0.5514844062375051
0.5477758896441423
0.5445121951219511
0.5517143142742903
0.5410485805677729
0.5497201119552180
0.5404488204718112
0.5394142343062776
0.5471511395441824
0.5391493402638945
0.5502049180327868
0.5474460215913635
0.5442822870851660
0.5371051579368253
0.5336365453818472
0.5376549380247901
0.5292632946821271
0.5333816473410636
0.5433326669332268
0.5268092762894843
0.5288434626149541
0.5351709316273491
0.5328418632546981
0.5256047580967613
0.5350659736105557
0.5364854058376649
0.5209616153538584
0.5293282686925229
0.5312624950019992
0.5283836465413835
0.5257946821271492
0.5333566573370652
0.5305977608956418
0.5236505397840863
0.5255797680927629
0.5296181527389044
0.5291933226709316
0.5292333066773292
0.5148290683726510
0.5157786885245901
0.5255847660935625
0.5230657736905238
0.5221061575369852
0.5165183926429429
0.5176279488204718
0.5225609756097560
0.5160685725709716
0.5164984006397442
0.5084316273490603
0.5135545781687325
0.5169332267093163
0.5083116753298681
0.5068222710915633
0.5175829668132748
0.5056727309076370
0.5151339464214314
0.5081767293082767
0.5066173530587765
0.5027139144342263
0.5178228708516592
0.4997101159536186
0.5024890043982406
0.5079768092762895
0.5072421031587365
0.5205167932826869
0.5251299480207916
0.5103958416633347
0.5186275489804077
0.5014694122351060
0.5085615753698520
0.5131597361055578
0.4985555777688924
0.5101009596161535
0.4904688124750100
0.5130197920831667
0.4975659736105558
0.4985305877648941
0.5034786085565773
0.5092163134746102
0.4997201119552179
0.4992502998800480
0.5133196721311476
0.4989004398240703
0.4978208716513395
0.4911435425829668
0.5007796881247502
0.4931527389044382
0.5049880047980808
0.4989654138344662
0.5039234306277489
0.5020691723310675
0.4861805277888844
0.4929828068772491
0.4979508196721312
0.4980407836865254
0.4878048780487805
0.4920381847261096
0.5004398240703719
0.4865803678528589
0.4850609756097561
