272.1025161191972188
10.4728786014087731
0.0013278903548827
0.0011811987757439
0.0007574450835236
0.0004980741835521
0.0003902712536224
0.0004720959037132
0.0003595419779545
0.0002772318489722
0.0002386048618326
0.0002229126987546
0.0001715611151839
0.0002803906311181
0.0002255780427356
0.0001953750387093
0.0001770180331373
0.0001615272483648
0.0001284522459882
0.0001307302218522
0.0001583568448846
0.0001024530894265
0.0000924049727085
0.0000917844701988
0.0000864240299026
0.0000887725121008
0.0000711733624838
0.0000760692303135
0.0000967303911500
0.0000472201234613
0.0000653454161176
0.0001064424353406
0.0000580323481593
0.0000850456709333
0.0000728181298388
0.0000829764619420
0.0000858979444287
0.0000631476490530
0.0000482978937118
0.0000514441932295
0.0000645923522739
0.0000509101787103
0.0000679459525333
0.0000536192481758
0.0000467196617868
0.0000652674637763
0.0000343034376666
0.0000313078185956
0.0000639507987602
0.0000591775158169
0.0000596321038297
0.0000337544543706
0.0000511268574021
0.0000294263880852
0.0000358529614074
0.0000310169054062
0.0000499031951102
0.0000347081670634
0.0000433718880205
0.0000407140704795
0.0000305763566699
0.0000345432884437
0.0000316136855422
0.0000341548062515
0.0000269600777127
0.0000308789052024
0.0000357295532780
0.0000347449930325
0.0000244562799511
0.0000336629949003
0.0000278178710285
0.0000260069539025
0.0000279660629498
0.0000214364164467
0.0000310407069824
0.0000238975422252
0.0000293977854598
0.0000263421602308
0.0000112459249602
0.0000232747558500
0.0000361151830588
0.0000281247461132
0.0000290493304534
0.0000354176147086
0.0000267897463404
0.0000286218818083
0.0000298837392513
0.0000252376162058
0.0000259938021950
0.0000190211000501
0.0000293317604366
0.0000183076392013
0.0000340920204218
0.0000218871896007
0.0000241162423971
0.0000240420785706
0.0000278343856748
0.0000195992918165
0.0000175307362026
0.0000222487797379
0.0000242649332289
0.0000260556693502
0.0000259920374102
0.0000199470285318
0.0000206670576629
0.0000243735412455
0.0000271301394468
0.0000223620759539
0.0000149394207778
0.0000165903035820
0.0000225597033646
0.0000178462111330
0.0000298956288661
0.0000246027876703
0.0000203461785698
0.0000161452137089
0.0000215033511446
0.0000163726324778
0.0000130513237010
0.0000289067336926
0.0000134609480279
0.0000168926805857
0.0000118347441942
0.0000141968947911
0.0000200730839928
0.0000124568506977
0.0000160939354491
0.0000179947830047
0.0000167673386669
0.0000170082658392
0.0000179407023341
0.0000172503946568
0.0000166786213053
0.0000176683864855
0.0000147804434333
0.0000158205892860
0.0000139455996160
0.0000171526190507
0.0000159968521901
0.0000207897305377
0.0000149681590745
0.0000199311176422
0.0000170492488236
0.0000141006833862
0.0000185732327961
0.0000140492415059
0.0000179835993839
0.0000197399044439
0.0000124848018718
0.0000121282182144
0.0000103403085030
0.0000101718437186
0.0000162358588203
0.0000099829318936
0.0000122078975347
0.0000126019288851
0.0000098185320687
0.0000121934577294
0.0000116662307167
0.0000111858881571
0.0000137894708449
0.0000164530794825
0.0000079741498691
0.0000089771046334
0.0000112193082763
0.0000093130539507
0.0000143571611407
0.0000159414082460
0.0000182892268020
0.0000173078765836
0.0000100748842611
0.0000110357958311
0.0000127014284100
0.0000086171220608
0.0000132478141371
0.0000116729642048
0.0000135242956025
0.0000114947318662
0.0000092776637417
0.0000129554037445
0.0000147814640289
0.0000113153542636
0.0000154011448849
0.0000185459639627
0.0000129961585687
0.0000109873156095
0.0000087342884076
0.0000140733532554
0.0000117011897942
0.0000130468098384
0.0000124496474275
0.0000182597025513
0.0000140003187001
0.0000138475257254
0.0000133443038651
0.0000186246398397
0.0000084358592252
0.0000122490633114
0.0000109504321584
0.0000125717775027
0.0000108672951512
0.0000060666308713
