4.9347361153471834
4.7272506426098282
9.7938348249405873
24.0368274594131499
30.5498245717455319
34.8276536770739185
38.0976290963496353
40.7660107898784929
43.0167526157409768
44.9001779301493116
46.5807777525282134
48.0429196221057353
49.4043868670536526
50.6359115229381089
51.7467824557217213
52.8077135788955445
53.7781026055994005
54.6383149246301372
55.4505337670306133
56.2139869612641903
56.9422488519572951
57.6212311483428223
58.3036081017157883
58.9029568516652375
59.4864456281853933
60.0579675919863831
60.5845989389836106
61.0899844251559969
61.5939756448900582
62.0901791560214065
62.5656113757458741
62.9871562362222335
63.4431986996425081
63.8678972140588428
64.2700919758493967
64.6607000002685481
65.0464848021295126
65.4126496422423998
65.7734208030594658
66.1176619347189245
66.4850653823388598
66.8292220883580796
67.1591651814234183
67.4739993641685487
67.7654306649759093
68.0639061333078388
68.3773335636570465
68.6770660110388889
68.9613698340821344
69.2622160188209364
69.5421074627004003
69.8099194609153670
70.0752572055643128
70.3386904223190328
70.5867091277578425
70.8334711400771369
71.0924591950499689
71.3312123462466587
71.5682606104492152
71.7946019279676904
72.0210700401263040
72.2479973796271651
72.4822792655377981
72.7009075601402230
72.9346110397827516
73.1498192591123484
73.3655148098482499
73.5822988073785069
73.7958193699672904
74.0076016858924959
74.2194279128552381
74.4043870335825517
74.6076159544289226
74.7964861461639572
74.9873888442898107
75.1818613375805143
75.3708271902211351
75.5613316897819232
75.7454827817444709
75.9337920310412358
76.1259427870903806
76.3168806991611461
76.4972566989443834
76.6820768464983047
76.8601823970225126
77.0397717780271165
77.2051999270421021
77.3684383226777328
77.5236797278549830
77.6938412629367434
77.8460859414718129
78.0068681378591009
78.1726987510115094
78.3279754508800465
78.4803120306433186
78.6440165480089775
78.7981079794308101
78.9467141073742198
79.1021850459862037
79.2601614564398034
79.4173168580872471
79.5687643242091696
79.7150596612961522
79.8669274112615994
80.0131717766612667
80.1555078903355422
80.2957297378513601
80.4458724579946249
80.5858608279991699
80.7339609846643356
80.8665096112842008
81.0107954637702647
81.1447389831668033
81.2733481955039139
81.4102742496082783
81.5494311203187294
81.6935588743639016
81.8168624222694945
81.9511805859474833
82.0769558609307239
82.2005249431622360
82.3307013676073041
82.4692975060310260
82.5997183452019783
82.7175967408634421
82.8274567369013539
82.9511785540134383
83.0672655062830927
83.1909526324487416
83.3045745028414046
83.4220464357445337
83.5430446869467858
83.6653978632718633
83.7783257524965705
83.8938804485095204
84.0117099989758032
84.1247962224211960
84.2355191123925664
84.3501223372308004
84.4715857522669751
84.5851684450956753
84.7011470247734621
84.8208411681657140
84.9215525087491869
85.0257408627442999
85.1437995602699402
85.2449922999541627
85.3415294626420149
85.4480718466014650
85.5546140927914252
85.6618057320864921
85.7584573598389142
85.8656044447173485
85.9663907576868240
86.0648062735412509
86.1675317775642782
86.2624609138057963
86.3623047574539555
86.4662837910435229
86.5639013321688253
86.6542579245859343
86.7564936902031434
86.8547384690980238
86.9498552660734134
87.0407156385326175
87.1480220838906661
87.2490497590405454
87.3376733712902649
87.4327218019338801
87.5296278746621397
87.6191847793406282
87.7122477983298978
87.8112692713592651
87.9003986384977054
87.9950421402638057
88.0872539237497847
88.1843328725832691
88.2823612083639944
88.3812277997360241
88.4729141551043199
88.5666786062842419
88.6623191383266089
88.7465292229966281
88.8342341267454429
88.9262737352289321
89.0146899878172775
89.1054676331164757
89.1944831589462268
89.2859585177441630
89.3738339178011358
89.4572351425535430
89.5465409573816231
89.6261083772797491
89.7131898220643649
89.7983668953864367
89.8832962509390399
89.9648754319220956
90.0425983392129865
90.1257216630704079
90.2118304367082828
90.2963627777261735
90.3767741535276059
