0.9999200319872051
0.9998800479808077
0.9592962814874051
0.9575369852059177
0.9463814474210316
0.9203918432626950
0.9074370251899241
0.9000799680127949
0.8850459816073570
0.8870851659336265
0.8655337864854058
0.8705717712914834
0.8622550979608157
0.8554578168732507
0.8436225509796081
0.8253498600559777
0.8145941623350660
0.8183526589364254
0.7952419032387045
0.7825669732107157
0.7756897241103559
0.7568172730907637
0.7419832067173131
0.7227908836465414
0.7361855257896841
0.7221911235505798
0.7225109956017592
0.7134746101559376
0.7157536985205918
0.7158736505397841
0.7116353458616553
0.7114354258296681
0.7056377449020392
0.7057177129148341
0.7033586565373851
0.7026789284286286
0.7038784486205518
0.7015993602558976
0.7011595361855258
0.7017592962814874
0.6992802878848461
0.6944022391043583
0.6984806077568972
0.7000399840063974
0.6936825269892043
0.6955617752898841
0.6862055177928829
0.6856457417033187
0.6833666533386645
0.6889244302279088
0.6928828468612555
0.6791683326669332
0.6802878848460616
0.6797680927628948
0.6736905237904838
0.6743302678928429
0.6798880447820872
0.6753698520591763
0.6760895641743303
0.6757297081167533
0.6715713714514194
0.6760895641743303
0.6719312275089964
0.6672131147540984
0.6655737704918033
0.6609756097560976
0.6671731307477009
0.6619352259096362
0.6566973210715714
0.6632147141143543
0.6567772890843663
0.6454218312674930
0.6528588564574170
0.6424630147940824
0.6416233506597361
0.6375849660135946
0.6466613354658137
0.6409036385445822
0.6338264694122351
0.6251099560175930
0.6447021191523391
0.6356257497001200
0.6339864054378249
0.6373050779688125
0.6344262295081967
0.6208316673330668
0.6221511395441823
0.6225109956017593
0.6155937624950020
0.6301479408236705
0.6157137145141943
0.6140743702518993
0.6141543382646941
0.6081167532986805
0.6128748500599760
0.6053578568572571
0.6116353458616554
0.6019592163134746
0.6151939224310276
0.6093962415033987
0.6046381447421032
0.6056777289084366
0.6037185125949620
0.6073970411835266
0.6036385445821671
0.6106357457017193
0.6019592163134746
0.6018392642942823
0.5998000799680128
0.5987604958016793
0.5972411035585766
0.5935225909636146
0.6066373450619752
0.5982806877249101
0.6019992003198721
0.5901639344262295
0.5882447021191524
0.5946821271491404
0.5903238704518192
0.5926829268292683
0.5930427828868453
0.5884046381447421
0.5819272291083567
0.5892043182726909
0.5910435825669732
0.5895241903238705
0.5854858056777289
0.5857656937225110
0.5792882846861256
0.5836865253898441
0.5834066373450619
0.5822471011595362
0.5797680927628949
0.5875649740103959
0.5882846861255497
0.5752499000399840
0.5833266693322671
0.5848460615753699
0.5785685725709716
0.5806877249100360
0.5665733706517393
0.5697720911635346
0.5748500599760096
0.5734906037584966
0.5763294682127149
0.5731307477009197
0.5749700119952019
0.5791683326669332
0.5746501399440224
0.5725309876049580
0.5614954018392643
0.5680927628948421
0.5672930827668933
0.5695321871251500
0.5660135945621751
0.5722510995601759
0.5610955617752899
0.5658136745301879
0.5595761695321871
0.5600959616153539
0.5618952419032387
0.5664534186325469
0.5552179128348661
0.5656537385045982
0.5591363454618152
0.5600959616153539
0.5722111155537785
0.5687724910035986
0.5694922031187525
0.5666933226709316
0.5572171131547381
0.5612954818072771
0.5662135145941624
0.5511795281887245
0.5597760895641744
0.5465413834466214
0.5574170331867253
0.5473010795681728
0.5473010795681728
0.5565373850459816
0.5651339464214314
0.5508596561375450
0.5467013194722111
0.5554978008796482
0.5515393842463014
0.5455417832866853
0.5426629348260695
0.5454218312674930
0.5415833666533386
0.5555777688924430
0.5450619752099161
0.5444222311075569
0.5470211915233907
0.5315473810475809
0.5375049980007996
0.5488604558176730
0.5410235905637745
0.5351459416233506
0.5375849660135945
0.5427429028388645
0.5321871251499400
0.5304278288684526
