0.0013919794304030
0.0013221329906671
0.1699435118605521
0.0401446252640769
0.0235465495406837
0.0170912843666651
0.0133696509667015
0.0129738274314933
0.0105130354851646
0.0152170022541323
0.0089245939014140
0.0091307765368223
0.0081727128297265
0.0067073342850075
0.0102534048177925
0.0061187499150874
0.0074196130134538
0.0070779904670824
0.0055659809567544
0.0072612804393316
0.0063386794191836
0.0049948851424087
0.0054548996602934
0.0047933476016038
0.0045617871169412
0.0072493938664542
0.0056879111241095
0.0055027994483867
0.0040809242978526
0.0043013602765024
0.0038037290018847
0.0144390680532914
0.0042580508501189
0.0041231610894101
0.0053371352247089
0.0041603341411434
0.0037067306767682
0.0037864288695900
0.0036140405616090
0.0035818481299277
0.0039514185830605
0.0037796205366547
0.0050481251838975
0.0038691433817351
0.0034874372101845
0.0053042087586568
0.0035720547025976
0.0035399385233788
0.0037252762013074
0.0030718702733790
0.0064129309100602
0.0037712950036604
0.0038926324485268
0.0044052453087142
0.0028959631834681
0.0033320174857404
0.0037225491311249
0.0029748018703902
0.0033146239449323
0.0040076406849379
0.0032559553594394
0.0057723739704266
0.0029267712364312
0.0030875892370724
0.0028687817350864
0.0028743828878215
0.0035169205481857
0.0029025673287653
0.0035113113362879
0.0030505239879025
0.0031466582596823
0.0028380541863561
0.0030821851835423
0.0029264955404851
0.0031017804369569
0.0039155212229330
0.0026912876188563
0.0026520554713216
0.0028089916411700
0.0033543589076493
0.0028874529361538
0.0025713076478163
0.0027821516917440
0.0030235159191259
0.0028088704142615
0.0027987479333337
0.0026422168044050
0.0037930983255541
0.0024853547454740
0.0031019858405479
0.0026125705819644
0.0025399358325254
0.0027083026844097
0.0025083513150668
0.0028423230525255
0.0026165124520470
0.0046444771721923
0.0038544684564382
0.0028034719560162
0.0024116222369752
0.0037686910978131
0.0026243318236956
0.0029247614528275
0.0040607239630966
0.0024753105057464
0.0027589236325096
0.0028333399696188
0.0028020125255203
0.0034359535081531
0.0027188027141634
0.0026227580110852
0.0028151251056197
0.0027565228611704
0.0027883997927889
0.0030041486191524
0.0024009403669961
0.0030675627099868
0.0028956556655191
0.0026859034075279
0.0033923324220598
0.0023762437960817
0.0022147496443140
0.0031685364963390
0.0044514174106905
0.0028613404946840
0.0027333340937257
0.0030620253212549
0.0024795774440911
0.0026523259802538
0.0023982297285287
0.0024108689383318
0.0022754995972418
0.0024351148470049
0.0024445066431168
0.0023683542104150
0.0025948748219351
0.0022392110358678
0.0025529896681822
0.0029848272657083
0.0029770458492656
0.0025072879482014
0.0028699634752497
0.0033565189828142
0.0025083897497395
0.0023095050716542
0.0021860750513586
0.0026754108961349
0.0022296590109720
0.0021755993445649
0.0023579948210681
0.0025507905074319
0.0023076925956229
0.0023147460262055
0.0023936079880587
0.0021524946488477
0.0031128936022114
0.0022704996089255
0.0021421570521553
0.0022193747982663
0.0020515864111164
0.0021768495529085
0.0022563150619190
0.0022148569392250
0.0022711102815879
0.0024089183724163
0.0022318780826280
0.0028497228344752
0.0031818434668574
0.0022859420954408
0.0033436236752813
0.0024576079604027
0.0021515438168704
0.0027803143780869
0.0027986765909169
0.0020058210554943
0.0026315230157615
0.0021829336658961
0.0020987461328868
0.0027630898992932
0.0024340696934702
0.0026219636516365
0.0027325512024881
0.0020974482687275
0.0028400820040273
0.0026445412286558
0.0022316119891678
0.0025108595146881
0.0021352847685228
0.0020781769014860
0.0020795183949974
0.0021399034357883
0.0026621426845432
0.0020874692156503
0.0019419036935978
0.0020226991442657
0.0030028758735051
0.0023468405433974
0.0027149351265132
0.0026201727783050
0.0025413989627037
0.0026498428043309
0.0019465923748509
