272.1039080986276417
10.4742007343994405
0.1712714022154349
0.0413258240398208
0.0243039946242073
0.0175893585502172
0.0137599222203238
0.0134459233352064
0.0108725774631191
0.0154942341031045
0.0091631987632466
0.0093536892355768
0.0083442739449104
0.0069877249161255
0.0104789828605280
0.0063141249537968
0.0075966310465912
0.0072395177154471
0.0056944332027425
0.0073920106611837
0.0064970362640681
0.0050973382318352
0.0055473046330019
0.0048851320718026
0.0046482111468438
0.0073381663785549
0.0057590844865933
0.0055788686787002
0.0041776546890025
0.0043485803999637
0.0038690744180023
0.0145455104886320
0.0043160831982782
0.0042082067603434
0.0054099533545477
0.0042433106030854
0.0037926286211969
0.0038495765186430
0.0036623384553208
0.0036332923231572
0.0040160109353344
0.0038305307153650
0.0051160711364308
0.0039227626299109
0.0035341568719714
0.0053694762224331
0.0036063581402641
0.0035712463419744
0.0037892270000676
0.0031310477891959
0.0064725630138900
0.0038050494580309
0.0039437593059289
0.0044346716967994
0.0029318161448755
0.0033630343911467
0.0037724523262351
0.0030095100374536
0.0033579958329528
0.0040483547554173
0.0032865317161093
0.0058069172588702
0.0029583849219734
0.0031217440433239
0.0028957418127990
0.0029052617930239
0.0035526501014637
0.0029373123217977
0.0035357676162390
0.0030841869828027
0.0031744761307108
0.0028640611402586
0.0031101512464921
0.0029479319569318
0.0031328211439393
0.0039394187651581
0.0027206854043161
0.0026783976315524
0.0028202375661302
0.0033776336634993
0.0029235681192126
0.0025994323939294
0.0028112010221974
0.0030589335338345
0.0028356601606019
0.0028273698151420
0.0026721005436564
0.0038183359417599
0.0025113485476690
0.0031210069405980
0.0026419023424011
0.0025582434717267
0.0027423947048315
0.0025302385046675
0.0028664392949225
0.0026405545306176
0.0046723115578671
0.0038740677482547
0.0028210026922188
0.0024338710167132
0.0037929560310420
0.0026503874930458
0.0029507534902377
0.0040806709916284
0.0024959775634092
0.0027832971737551
0.0028604701090655
0.0028243746014741
0.0034508929289309
0.0027353930177454
0.0026453177144498
0.0028329713167527
0.0027864184900365
0.0028130025804592
0.0030244947977222
0.0024170855807050
0.0030890660611314
0.0029120282979969
0.0026989547312289
0.0034212391557524
0.0023897047441096
0.0022316423248997
0.0031803712405333
0.0044656143054816
0.0028814135786768
0.0027457909444235
0.0030781192567040
0.0024975722270958
0.0026690933189207
0.0024152379943679
0.0024288096406659
0.0022927499918986
0.0024517934683102
0.0024621750296023
0.0023831346538482
0.0026106954112211
0.0022531566354838
0.0025701422872330
0.0030008241178983
0.0029978355798033
0.0025222561072759
0.0028898945928920
0.0033735682316378
0.0025224904331257
0.0023280783044504
0.0022001242928645
0.0026933944955188
0.0022493989154159
0.0021880841464368
0.0023701230392825
0.0025611308159349
0.0023178644393415
0.0023309818850258
0.0024035909199523
0.0021647025463825
0.0031254955310964
0.0022803181409942
0.0021543505098847
0.0022310410289830
0.0020627722992735
0.0021906390237534
0.0022727681414015
0.0022228310890941
0.0022800873862213
0.0024201376806926
0.0022411911365788
0.0028640799956158
0.0031977848751034
0.0023042313222428
0.0033609315518649
0.0024676828446638
0.0021625796127016
0.0027930158064969
0.0028072937129778
0.0020190688696314
0.0026431959799663
0.0021964579614985
0.0021102408647529
0.0027723675630349
0.0024470250972147
0.0026367451156654
0.0027438665567516
0.0021128494136124
0.0028586279679900
0.0026575373872245
0.0022425993047773
0.0025195938030957
0.0021493581217781
0.0020898780912802
0.0020925652048359
0.0021523530832158
0.0026804023870945
0.0021014695343504
0.0019557512193232
0.0020360434481308
0.0030215005133448
0.0023552764026226
0.0027271841898246
0.0026311232104633
0.0025539707402064
0.0026607100994821
0.0019526590057222
