2.3022767199834187
2.3022753465334573
1.3023186430136362
0.5881583573659261
0.4405122530102730
0.3711682321906090
0.3278885290682316
0.2983108401616414
0.2756065484046936
0.2587140168825786
0.2443728317300479
0.2330278717100620
0.2234834222306808
0.2149249039977789
0.2078209029078484
0.2011170184671879
0.1956578638553619
0.1908110127280156
0.1862722072422504
0.1827590124497811
0.1791488273362319
0.1759344259530306
0.1729919572323561
0.1702037132700284
0.1677667899151643
0.1656880906621615
0.1634550798545281
0.1614709582527478
0.1593156844476859
0.1575993869612614
0.1558272496342659
0.1550606837640206
0.1529498670160770
0.1514952000776927
0.1502327674468358
0.1488723715643088
0.1476491114079952
0.1465462288916111
0.1453633840595683
0.1443509982456763
0.1432932265867790
0.1423833791524172
0.1415694213643670
0.1405912196030219
0.1397299076636632
0.1389752847691377
0.1380425582985083
0.1371700421988964
0.1364747234468659
0.1356351269453764
0.1351782758866747
0.1343977772260706
0.1337427671442429
0.1331507905771335
0.1324803869878252
0.1319912324041128
0.1314437182873487
0.1308140726019939
0.1303529666895668
0.1298813388844331
0.1293867226193348
0.1290735391795635
0.1283375877102216
0.1279595022201538
0.1274567882547776
0.1270695658683777
0.1266165965770682
0.1261295162330071
0.1257854877149065
0.1253041634410620
0.1249329501214127
0.1245940148696303
0.1241968674788872
0.1238277939697107
0.1234423961296678
0.1231211327180266
0.1227012894262870
0.1223749591434995
0.1220624132702748
0.1217370757495363
0.1213654603516062
0.1209703020577629
0.1206582680543264
0.1203930215607087
0.1200394012808800
0.1197424971188108
0.1194561453496416
0.1192489041825135
0.1189286109805107
0.1187116498698791
0.1183961646844943
0.1181635525266330
0.1179253947451711
0.1176526571164529
0.1174221643507481
0.1171385309378306
0.1170413095042109
0.1167808705732226
0.1164625978549322
0.1161777893746893
0.1160243005538980
0.1157085210839907
0.1155043995300929
0.1153556928247213
0.1150875540415446
0.1149003060738246
0.1147105542004108
0.1144765377024810
0.1142982869426409
0.1140435284003615
0.1138972948508958
0.1136615295854708
0.1134737042044600
0.1133402849957347
0.1131293555632234
0.1129051959340771
0.1127427191684643
0.1125767471045256
0.1123706339557966
0.1123016795461377
0.1120083534839253
0.1118500712171197
0.1117335722317298
0.1116265055075288
0.1113771915944914
0.1112515418117245
0.1111506895067791
0.1109714935928583
0.1108314329018195
0.1106981482533117
0.1105483794863025
0.1103772292370598
0.1102525074899197
0.1100956779045363
0.1099654446889957
0.1098201199422280
0.1096648235723376
0.1095509711081783
0.1094469438875715
0.1092628794997930
0.1091075293352207
0.1090186630934477
0.1088392643397053
0.1087092141568661
0.1085966239164273
0.1084393705636263
0.1083722527295351
0.1082269652696947
0.1081068754402300
0.1080093379100164
0.1079307062201202
0.1077994338120023
0.1076773062825203
0.1075529183094700
0.1074485660577814
0.1073760010247429
0.1072476487244169
0.1071112262636423
0.1069954166114330
0.1069011430735389
0.1068200610414147
0.1067046075212459
0.1065982164402803
0.1065154181599617
0.1064241734157006
0.1062510321319103
0.1062188779885570
0.1061123936980963
0.1059794077247381
0.1059143356939157
0.1058001261562109
0.1056842003698150
0.1056593259791533
0.1055725617436071
0.1054053843771418
0.1053535873020689
0.1052083669806520
0.1050953018292785
0.1050599983212848
0.1049258981357018
0.1048409326463938
0.1047232291800280
0.1046220235640804
0.1045746085325877
0.1044748981575171
0.1043382333993912
0.1042782754259805
0.1041959441075722
0.1040947183301051
0.1040109675616026
0.1039242371459802
0.1038569543379048
0.1037715894872944
0.1036608653018872
0.1035848632857203
0.1035779391000668
0.1034883933767676
0.1034259805609783
0.1033372739667694
0.1032361692803601
0.1031693654095133
0.1030572356492281
