2.3100628554344178
2.3021968504587811
1.3024096577008566
0.5885169614712398
0.4405871160964171
0.3711482602715492
0.3280222874403000
0.2983081520358721
0.2756907485961914
0.2587202027320862
0.2444362880945206
0.2330947109291951
0.2235403307596843
0.2150169726868471
0.2078903545419375
0.2011868397504091
0.1957003192543983
0.1907979635397593
0.1862830449074507
0.1827372311631839
0.1791884693155686
0.1759218203713497
0.1730271324088176
0.1702326760267218
0.1677603846510252
0.1657411488374074
0.1634749943405390
0.1614790251096090
0.1593433993806442
0.1576139004091422
0.1558221298828721
0.1550772958810130
0.1529396739353736
0.1515050624857346
0.1502143919189771
0.1488747761572401
0.1476687968547145
0.1465623644903302
0.1453567289953431
0.1443445085649689
0.1432900159339110
0.1424016657491525
0.1415794646744927
0.1405948368037740
0.1397298337837060
0.1389984830151001
0.1380363066842158
0.1371775300269326
0.1364924312139551
0.1356790287315846
0.1352056396623453
0.1344081209262212
0.1337405279507240
0.1331454740767677
0.1324993183948100
0.1319998872563243
0.1314423359274864
0.1308154782558481
0.1303582520087560
0.1298791413734356
0.1293909208826721
0.1290853440652291
0.1283283867016435
0.1279713122591376
0.1274705262775222
0.1270726155713200
0.1266297017663717
0.1261324023020764
0.1258010608633359
0.1253075569219887
0.1249266794229547
0.1246022492676973
0.1242070693711440
0.1238243336439133
0.1234576088055968
0.1231222660173972
0.1226898934175571
0.1223738819162051
0.1220645808358987
0.1217408974548181
0.1213542389069994
0.1209867847765486
0.1206601417750120
0.1203773691413303
0.1200496937831243
0.1197449080223839
0.1194516267995040
0.1192551083674034
0.1189479805928965
0.1187237045923869
0.1184035003443559
0.1181591106986006
0.1179479013805588
0.1176507078379393
0.1174235164796313
0.1171402248958747
0.1170535959256192
0.1167775041714311
0.1164572955911358
0.1161825514776011
0.1160142479350170
0.1157200211087863
0.1154990148092310
0.1153587639535467
0.1151018870204687
0.1149076892212033
0.1147094581012924
0.1144693676620722
0.1143030902753274
0.1140584757839640
0.1139013105899095
0.1136613710160057
0.1134804261595011
0.1133490479876598
0.1131349367255966
0.1129117168039084
0.1127433501755198
0.1125727320939302
0.1123652799720566
0.1123210674847166
0.1120015919451912
0.1118512069155772
0.1117294752289852
0.1116386097167929
0.1113905095150073
0.1112547885363301
0.1111519360139966
0.1109685204252601
0.1108337812627355
0.1107023922617237
0.1105655010715127
0.1103867278903723
0.1102601829181115
0.1100974125266075
0.1099687678292394
0.1098316478018959
0.1096679120014111
0.1095490976015727
0.1094418246100346
0.1092665481438239
0.1091127632985512
0.1090358704701066
0.1088405074482163
0.1087120140716434
0.1085949444333712
0.1084317442322771
0.1083722347433368
0.1082363700355093
0.1081011116345724
0.1080086510260900
0.1079337992901603
0.1078096285432577
0.1076729190121094
0.1075545630251368
0.1074508129343391
0.1073768339999020
0.1072461412290732
0.1071135823984941
0.1069956966648499
0.1068939241473874
0.1068206425939997
0.1067016630642116
0.1065991972088814
0.1065188511942824
0.1064316507741809
0.1062557650794586
0.1062324087431034
0.1061172175819675
0.1059824277823170
0.1059294440823297
0.1058064604793986
0.1056879169737299
0.1056576036537687
0.1055758266814053
0.1054092961301406
0.1053510674645503
0.1052054671724637
0.1050855991313855
0.1050621639231841
0.1049208939641714
0.1048399647538861
0.1047312541256348
0.1046200142234564
0.1045709887966514
0.1044783250175416
0.1043346996342142
0.1042854857151707
0.1041979644407829
0.1040934671700001
0.1040083966275056
0.1039218788320820
0.1038577908371886
0.1037762585247556
0.1036536684766412
0.1035824936854343
0.1035801335086425
0.1034845456500848
0.1034249447524548
0.1033337388793627
0.1032320388205349
0.1031684081484874
0.1030579510855178
