10.4416666666666664
10.4416666666666664
60.9583333333333357
83.8449999999999989
88.4933333333333394
90.4933333333333394
91.5550000000000068
92.3100000000000023
92.8883333333333354
93.3233333333333377
93.6916666666666629
94.0483333333333320
94.2933333333333366
94.5083333333333400
94.6916666666666629
94.8783333333333303
94.9950000000000045
95.1966666666666725
95.2966666666666669
95.4016666666666708
95.5033333333333303
95.5883333333333383
95.6899999999999977
95.7183333333333337
95.8116666666666674
95.8566666666666691
95.9083333333333314
95.9800000000000040
96.0433333333333366
96.0516666666666623
96.1050000000000040
96.1299999999999955
96.1366666666666703
96.2166666666666686
96.2383333333333297
96.2766666666666708
96.2950000000000017
96.3283333333333331
96.3666666666666600
96.4000000000000057
96.4166666666666714
96.4266666666666623
96.4333333333333371
96.5166666666666657
96.5133333333333354
96.5333333333333314
96.5849999999999937
96.6316666666666606
96.6383333333333354
96.6433333333333309
96.6700000000000017
96.6766666666666623
96.6883333333333326
96.7099999999999937
96.7333333333333343
96.7450000000000045
96.7483333333333348
96.7666666666666657
96.7683333333333309
96.7883333333333269
96.7950000000000017
96.7950000000000017
96.8133333333333326
96.8333333333333286
96.8449999999999989
96.8299999999999983
96.8683333333333394
96.8933333333333309
96.8916666666666657
96.8900000000000006
96.8983333333333263
96.9266666666666623
96.9066666666666663
96.9249999999999972
96.9633333333333383
96.9683333333333337
96.9899999999999949
97.0000000000000000
96.9983333333333348
97.0150000000000006
97.0199999999999960
97.0366666666666617
97.0483333333333320
97.0533333333333275
97.0600000000000023
97.0699999999999932
97.0733333333333377
97.0900000000000034
97.0866666666666731
97.0900000000000034
97.0999999999999943
97.1183333333333394
97.1233333333333348
97.1133333333333297
97.1166666666666600
97.1500000000000057
97.1333333333333400
97.1433333333333309
97.1666666666666714
97.1533333333333360
97.1633333333333269
97.1716666666666669
97.1733333333333320
97.1616666666666617
97.1650000000000063
97.1766666666666623
97.2016666666666680
97.1866666666666674
97.1816666666666720
97.1916666666666629
97.1949999999999932
97.2150000000000034
97.2333333333333343
97.2483333333333348
97.2316666666666691
97.2516666666666652
97.2416666666666600
97.2500000000000000
97.2433333333333394
97.2399999999999949
97.2716666666666612
97.2650000000000006
97.2833333333333314
97.2883333333333269
97.2683333333333309
97.2800000000000011
97.2800000000000011
97.2816666666666663
97.2716666666666612
97.2800000000000011
97.3083333333333371
97.3016666666666623
97.2933333333333366
97.3083333333333371
97.3016666666666623
97.3066666666666720
97.3250000000000028
97.3199999999999932
97.3216666666666725
97.3333333333333286
97.3166666666666629
97.3199999999999932
97.3233333333333377
97.3299999999999983
97.3499999999999943
97.3466666666666640
97.3433333333333337
97.3716666666666697
97.3616666666666646
97.3633333333333297
97.3583333333333343
97.3566666666666691
97.3583333333333343
97.3633333333333297
97.3599999999999994
97.3583333333333343
97.3733333333333348
97.3750000000000000
97.3750000000000000
97.3750000000000000
97.3616666666666646
97.3916666666666657
97.4000000000000057
97.4116666666666617
97.3766666666666652
97.3983333333333263
97.3816666666666606
97.3983333333333263
97.4050000000000011
97.4000000000000057
97.4266666666666623
97.4249999999999972
97.4050000000000011
97.4033333333333360
97.4283333333333275
97.4183333333333366
97.4366666666666674
97.4300000000000068
97.4366666666666674
97.4399999999999977
97.4283333333333275
97.4249999999999972
97.4300000000000068
97.4399999999999977
97.4300000000000068
97.4416666666666629
97.4516666666666680
97.4549999999999983
97.4566666666666634
97.4416666666666629
97.4399999999999977
97.4683333333333337
97.4516666666666680
97.4583333333333286
97.4549999999999983
97.4733333333333292
97.4599999999999937
97.4683333333333337
97.4849999999999994
97.4699999999999989
97.4800000000000040
97.4883333333333297
