10.5399999999999991
9.5049999999999990
60.9050000000000011
83.8349999999999937
88.4833333333333343
90.5016666666666652
91.5699999999999932
92.2966666666666669
92.8983333333333263
93.3250000000000028
93.6899999999999977
94.0349999999999966
94.2783333333333360
94.5033333333333303
94.6749999999999972
94.8783333333333303
94.9833333333333343
95.1916666666666771
95.2966666666666669
95.3916666666666657
95.4899999999999949
95.5800000000000125
95.6799999999999926
95.7083333333333286
95.8216666666666725
95.8633333333333297
95.9116666666666617
95.9766666666666595
96.0133333333333354
96.0600000000000023
96.0966666666666640
96.1349999999999909
96.1333333333333400
96.2116666666666731
96.2283333333333388
96.2833333333333314
96.3100000000000023
96.3233333333333377
96.3616666666666646
96.4050000000000011
96.4300000000000068
96.4283333333333417
96.4333333333333371
96.5133333333333354
96.5150000000000006
96.5316666666666663
96.5866666666666589
96.6183333333333252
96.6333333333333258
96.6466666666666754
96.6783333333333275
96.6850000000000023
96.6883333333333326
96.7100000000000080
96.7266666666666737
96.7300000000000040
96.7516666666666652
96.7616666666666703
96.7833333333333314
96.7866666666666617
96.7966666666666669
96.7950000000000159
96.8166666666666629
96.8350000000000080
96.8466666666666640
96.8400000000000034
96.8716666666666697
96.8883333333333354
96.8883333333333354
96.8883333333333354
96.8933333333333309
96.9233333333333462
96.9116666666666617
96.9200000000000017
96.9716666666666640
96.9699999999999989
96.9883333333333439
97.0066666666666606
96.9916666666666742
97.0150000000000006
97.0116666666666703
97.0366666666666617
97.0433333333333223
97.0499999999999972
97.0633333333333184
97.0616666666666674
97.0683333333333280
97.0916666666666686
97.0833333333333286
97.0933333333333479
97.1049999999999898
97.1100000000000136
97.1300000000000097
97.1166666666666742
97.1133333333333439
97.1450000000000102
97.1283333333333303
97.1466666666666754
97.1716666666666811
97.1500000000000057
97.1650000000000063
97.1783333333333275
97.1716666666666811
97.1599999999999966
97.1700000000000017
97.1700000000000017
97.2033333333333331
97.1850000000000023
97.1833333333333371
97.1916666666666629
97.2000000000000028
97.2166666666666686
97.2266666666666595
97.2516666666666652
97.2183333333333337
97.2533333333333303
97.2516666666666652
97.2499999999999858
97.2433333333333252
97.2366666666666646
97.2733333333333405
97.2650000000000006
97.2766666666666708
97.2800000000000011
97.2733333333333405
97.2800000000000011
97.2800000000000011
97.2816666666666663
97.2766666666666708
97.2800000000000011
97.3066666666666720
97.3049999999999926
97.2983333333333320
97.3083333333333371
97.3049999999999926
97.3133333333333468
97.3183333333333280
97.3233333333333377
97.3249999999999886
97.3366666666666731
97.3149999999999977
97.3166666666666771
97.3166666666666771
97.3316666666666634
97.3449999999999989
97.3383333333333383
97.3483333333333434
97.3683333333333394
97.3599999999999994
97.3666666666666742
97.3616666666666646
97.3633333333333297
97.3616666666666646
97.3649999999999949
97.3566666666666691
97.3583333333333201
97.3783333333333303
97.3683333333333252
97.3716666666666697
97.3733333333333348
97.3733333333333348
97.3833333333333258
97.3966666666666612
97.4133333333333269
97.3816666666666606
97.3966666666666612
97.3766666666666652
97.4016666666666708
97.4066666666666663
97.3949999999999960
97.4266666666666623
97.4250000000000114
97.4083333333333456
97.4066666666666663
97.4183333333333366
97.4166666666666572
97.4299999999999926
97.4399999999999977
97.4366666666666674
97.4350000000000023
97.4266666666666623
97.4200000000000017
97.4333333333333229
97.4399999999999977
97.4316666666666720
97.4383333333333326
97.4516666666666680
97.4466666666666583
97.4599999999999937
97.4399999999999977
97.4466666666666583
97.4683333333333337
97.4483333333333377
97.4716666666666640
97.4566666666666634
97.4699999999999847
97.4583333333333428
97.4683333333333337
97.4833333333333343
97.4699999999999989
97.4833333333333343
97.4833333333333485
