0.9999963
0.9859016
0.4073991
0.2121096
0.1385202
0.1123343
0.1001436
0.0931460
0.0871869
0.0852166
0.0800714
0.0782189
0.0754235
0.0748011
0.0728160
0.0718216
0.0710703
0.0701090
0.0678624
0.0674020
0.0661719
0.0653690
0.0652622
0.0635938
0.0623269
0.0602239
0.0592995
0.0587250
0.0593658
0.0581357
0.0570824
0.0565962
0.0576348
0.0565115
0.0560253
0.0538340
0.0551377
0.0538708
0.0536167
0.0531489
0.0520993
0.0514106
0.0521509
0.0512743
0.0515284
0.0513296
0.0504567
0.0500442
0.0486373
0.0488030
0.0483463
0.0484163
0.0494070
0.0487625
0.0488914
0.0479928
0.0473888
0.0465822
0.0458861
0.0456283
0.0461513
0.0455915
0.0446781
0.0441404
0.0439857
0.0443356
0.0438936
0.0441514
0.0438347
0.0437316
0.0433964
0.0428108
0.0433044
0.0430576
0.0433117
0.0426525
0.0417575
0.0414887
0.0422179
0.0423836
0.0420890
0.0418422
0.0415329
0.0412456
0.0411388
0.0409951
0.0409252
0.0405016
0.0404353
0.0403248
0.0401775
0.0397798
0.0399160
0.0395698
0.0403764
0.0393268
0.0388296
0.0393047
0.0392899
0.0389400
0.0385386
0.0379199
