0.9999895
0.9852406
0.4027712
0.2074394
0.1318291
0.1058360
0.0935130
0.0873510
0.0816564
0.0798503
0.0748631
0.0729596
0.0695739
0.0690046
0.0673453
0.0683739
0.0655764
0.0651414
0.0629741
0.0626443
0.0609458
0.0612023
0.0617468
0.0595530
0.0585018
0.0559036
0.0554805
0.0546810
0.0552569
0.0539889
0.0532445
0.0530660
0.0540362
0.0536331
0.0528372
0.0503520
0.0508052
0.0497253
0.0502793
0.0500974
0.0489093
0.0480472
0.0480795
0.0481390
0.0483457
0.0474230
0.0461772
0.0456709
0.0448622
0.0444089
0.0436123
0.0436952
0.0455168
0.0448336
0.0450830
0.0441924
0.0439913
0.0435370
0.0428665
0.0424084
0.0425986
0.0418134
0.0414262
0.0412486
0.0411405
0.0409894
0.0405642
0.0405547
0.0399503
0.0398374
0.0397253
0.0391284
0.0394802
0.0395749
0.0397977
0.0390122
0.0379413
0.0379092
0.0385507
0.0384635
0.0383402
0.0378074
0.0375396
0.0373840
0.0374412
0.0375071
0.0373340
0.0370109
0.0368982
0.0366822
0.0366871
0.0363121
0.0365499
0.0361173
0.0368193
0.0359279
0.0358017
0.0361775
0.0359176
0.0357021
0.0356239
0.0348884
