0.0000110
0.0010665
0.0074667
0.0075349
0.0107954
0.0104843
0.0106979
0.0093497
0.0089231
0.0086580
0.0084032
0.0084854
0.0094378
0.0093522
0.0088265
0.0055625
0.0088638
0.0080148
0.0078868
0.0076762
0.0084319
0.0067226
0.0056718
0.0065195
0.0061715
0.0069705
0.0061615
0.0065245
0.0066294
0.0066905
0.0061920
0.0056957
0.0058061
0.0046441
0.0051438
0.0056178
0.0069901
0.0066884
0.0053846
0.0049233
0.0051467
0.0054265
0.0065687
0.0050585
0.0051350
0.0063029
0.0069046
0.0070560
0.0060907
0.0070895
0.0076379
0.0076171
0.0062766
0.0063390
0.0061446
0.0061316
0.0054816
0.0049131
0.0048720
0.0051951
0.0057319
0.0060956
0.0052466
0.0046657
0.0045905
0.0053988
0.0053718
0.0058031
0.0062672
0.0062829
0.0059230
0.0059412
0.0061699
0.0056191
0.0056695
0.0058732
0.0061572
0.0057751
0.0059166
0.0063248
0.0060483
0.0065098
0.0064427
0.0062303
0.0059657
0.0056277
0.0057940
0.0056319
0.0057068
0.0058771
0.0056314
0.0055947
0.0054309
0.0055704
0.0057391
0.0054838
0.0048852
0.0050454
0.0054409
0.0052241
0.0047027
0.0048910
