1.0000032
0.9865626
0.4120270
0.2167798
0.1452112
0.1188325
0.1067743
0.0989410
0.0927175
0.0905828
0.0852798
0.0834782
0.0812732
0.0805976
0.0782867
0.0752693
0.0765641
0.0750766
0.0727507
0.0721598
0.0713981
0.0695357
0.0687777
0.0676346
0.0661520
0.0645443
0.0631185
0.0627689
0.0634747
0.0622825
0.0609202
0.0601264
0.0612334
0.0593899
0.0592135
0.0573159
0.0594703
0.0580163
0.0569541
0.0562005
0.0552892
0.0547740
0.0562222
0.0544096
0.0547112
0.0552362
0.0547362
0.0544175
0.0524124
0.0531972
0.0530804
0.0531375
0.0532973
0.0526915
0.0526999
0.0517932
0.0507863
0.0496274
0.0489058
0.0488483
0.0497040
0.0493696
0.0479300
0.0470322
0.0468309
0.0476818
0.0472231
0.0477482
0.0477191
0.0476258
0.0470676
0.0464933
0.0471285
0.0465403
0.0468257
0.0462927
0.0455738
0.0450681
0.0458850
0.0463038
0.0458378
0.0458770
0.0455261
0.0451072
0.0448364
0.0444832
0.0445163
0.0439923
0.0439725
0.0439675
0.0436679
0.0432474
0.0432821
0.0430224
0.0439335
0.0427257
0.0418574
0.0424319
0.0426622
0.0421780
0.0414533
0.0409513
