0.6959552
0.6729604
0.5651126
0.5520956
0.5497644
0.5487487
0.5478734
0.5468932
0.5456847
0.5441157
0.5420481
0.5393093
0.5356738
0.5309175
0.5247650
0.5170156
0.5075460
0.4963995
0.4838183
0.4702888
0.4564387
0.4429538
0.4304380
0.4192914
0.4096048
0.4013626
0.3944081
0.3885389
0.3835434
0.3792327
0.3754995
0.3722309
0.3693221
0.3667271
0.3643959
0.3622910
0.3603715
0.3586181
0.3569899
0.3555070
0.3541339
0.3528641
0.3516768
0.3505767
0.3495595
0.3485971
0.3477015
0.3468683
0.3460891
0.3453614
0.3446746
0.3440190
0.3434068
0.3428236
0.3422722
0.3417438
0.3412577
0.3407976
0.3403524
0.3399334
0.3395361
0.3391483
0.3387909
0.3384419
0.3381154
0.3377982
0.3374944
0.3372058
0.3369369
0.3366695
0.3364157
0.3361716
0.3359401
0.3357077
0.3354852
0.3352731
0.3350740
0.3348764
0.3346800
0.3344975
0.3343232
0.3341594
0.3339840
0.3338132
0.3336611
0.3335053
0.3333593
0.3332096
0.3330696
0.3329446
0.3328103
0.3326971
0.3325626
0.3324352
0.3323242
0.3322037
0.3320920
0.3319827
0.3318830
0.3317710
0.3316754
0.3315756
