0.6890064
0.6683872
0.5644466
0.5517862
0.5494064
0.5482666
0.5472091
0.5459840
0.5444371
0.5424079
0.5397369
0.5362100
0.5315765
0.5255990
0.5180602
0.5088359
0.4979711
0.4856899
0.4724187
0.4587326
0.4452650
0.4326240
0.4212157
0.4112887
0.4027598
0.3955355
0.3894439
0.3842713
0.3798316
0.3759673
0.3726010
0.3696242
0.3669681
0.3645770
0.3624122
0.3604471
0.3586498
0.3570102
0.3554743
0.3540770
0.3527804
0.3515773
0.3504521
0.3494033
0.3484285
0.3475144
0.3466604
0.3458633
0.3451166
0.3444173
0.3437527
0.3431232
0.3425301
0.3419675
0.3414362
0.3409202
0.3404451
0.3399960
0.3395629
0.3391570
0.3387649
0.3383846
0.3380371
0.3376938
0.3373781
0.3370669
0.3367636
0.3364820
0.3362204
0.3359655
0.3357140
0.3354726
0.3352470
0.3350204
0.3348046
0.3345964
0.3344041
0.3342163
0.3340246
0.3338423
0.3336713
0.3335176
0.3333397
0.3331805
0.3330281
0.3328854
0.3327401
0.3326003
0.3324616
0.3323457
0.3322101
0.3321031
0.3319717
0.3318479
0.3317373
0.3316252
0.3315148
0.3314120
0.3313127
0.3312068
0.3311208
0.3310121
