0.0112112
0.0073785
0.0010744
0.0004993
0.0005775
0.0007778
0.0010718
0.0014669
0.0020128
0.0027554
0.0037290
0.0050004
0.0066106
0.0085808
0.0108176
0.0131971
0.0154482
0.0172789
0.0183921
0.0186448
0.0180278
0.0166661
0.0148794
0.0129116
0.0110438
0.0094016
0.0080094
0.0068855
0.0059887
0.0052684
0.0046765
0.0042056
0.0037980
0.0034690
0.0032005
0.0029749
0.0027778
0.0025943
0.0024452
0.0023071
0.0021837
0.0020760
0.0019760
0.0018931
0.0018247
0.0017468
0.0016796
0.0016215
0.0015690
0.0015233
0.0014873
0.0014453
0.0014145
0.0013813
0.0013489
0.0013289
0.0013111
0.0012933
0.0012738
0.0012526
0.0012443
0.0012321
0.0012163
0.0012071
0.0011895
0.0011799
0.0011791
0.0011678
0.0011560
0.0011359
0.0011320
0.0011277
0.0011184
0.0011088
0.0010981
0.0010919
0.0010809
0.0010649
0.0010574
0.0010571
0.0010518
0.0010355
0.0010395
0.0010208
0.0010213
0.0010000
0.0009989
0.0009830
0.0009811
0.0009663
0.0009684
0.0009584
0.0009534
0.0009476
0.0009468
0.0009333
0.0009312
0.0009208
0.0009202
0.0009102
0.0008947
0.0009092
