0.7029040
0.6775336
0.5657785
0.5524051
0.5501223
0.5492308
0.5485377
0.5478024
0.5469323
0.5458235
0.5443594
0.5424086
0.5397711
0.5362359
0.5314698
0.5251953
0.5171209
0.5071091
0.4952179
0.4818450
0.4676125
0.4532836
0.4396604
0.4272941
0.4164498
0.4071898
0.3993724
0.3928066
0.3872553
0.3824980
0.3783980
0.3748376
0.3716762
0.3688772
0.3663796
0.3641348
0.3620932
0.3602260
0.3585054
0.3569369
0.3554873
0.3541508
0.3529016
0.3517500
0.3506905
0.3496798
0.3487425
0.3478732
0.3470615
0.3463056
0.3455965
0.3449149
0.3442835
0.3436797
0.3431083
0.3425675
0.3420704
0.3415991
0.3411419
0.3407097
0.3403073
0.3399119
0.3395448
0.3391901
0.3388526
0.3385295
0.3382252
0.3379296
0.3376534
0.3373736
0.3371173
0.3368706
0.3366333
0.3363950
0.3361658
0.3359499
0.3357440
0.3355364
0.3353354
0.3351526
0.3349751
0.3348012
0.3346283
0.3344459
0.3342941
0.3341251
0.3339784
0.3338189
0.3336777
0.3335435
0.3334106
0.3332911
0.3331535
0.3330225
0.3329110
0.3327822
0.3326692
0.3325534
0.3324534
0.3323351
0.3322299
0.3321391
