2.3070877
2.3020381
2.3018551
2.3016008
2.3013489
2.3010975
2.3008439
2.3005862
2.3003227
2.3000517
2.2997713
2.2994801
2.2991756
2.2988566
2.2985207
2.2981651
2.2977863
2.2973809
2.2969439
2.2964703
2.2959546
2.2953911
2.2947731
2.2940930
2.2933417
2.2925091
2.2915821
2.2905469
2.2893868
2.2880819
2.2866119
2.2849514
2.2830692
2.2809277
2.2784823
2.2756841
2.2724713
2.2687674
2.2644868
2.2595225
2.2537536
2.2470318
2.2391822
2.2300129
2.2192917
2.2067697
2.1922037
2.1753456
2.1559870
2.1339949
2.1093477
2.0821709
2.0527530
2.0215275
1.9890263
1.9557777
1.9221934
1.8884936
1.8546681
1.8205491
1.7859145
1.7505696
1.7144044
1.6774025
1.6396458
1.6012974
1.5625668
1.5236947
1.4849283
1.4464969
1.4086236
1.3714974
1.3352796
1.3001077
1.2660895
1.2333069
1.2018065
1.1716180
1.1427411
1.1151633
1.0888554
1.0637797
1.0398921
1.0171424
0.9954725
0.9748273
0.9551495
0.9363935
0.9184990
0.9014210
0.8851118
0.8695233
0.8546107
0.8403307
0.8266463
0.8135215
0.8009183
0.7888031
0.7771460
0.7659186
0.7550932
0.7446449
0.7345488
0.7247850
0.7153339
0.7061804
0.6973051
0.6886923
0.6803286
0.6722010
0.6642978
0.6566074
0.6491192
0.6418244
0.6347137
0.6277783
0.6210122
0.6144084
0.6079590
0.6016577
0.5954992
0.5894797
0.5835924
0.5778316
0.5721926
0.5666719
0.5612653
0.5559687
0.5507778
0.5456892
0.5406981
0.5358018
0.5309976
0.5262825
0.5216528
0.5171068
0.5126417
0.5082535
0.5039408
0.4997025
0.4955369
0.4914424
0.4874175
0.4834607
0.4795697
0.4757445
0.4719828
0.4682836
0.4646467
0.4610692
0.4575504
0.4540905
0.4506880
0.4473410
0.4440487
0.4408109
0.4376265
0.4344937
0.4314117
0.4283788
0.4253946
0.4224586
0.4195692
0.4167253
0.4139261
0.4111718
0.4084607
0.4057923
0.4031651
0.4005773
0.3980287
0.3955191
0.3930489
0.3906161
0.3882195
0.3858581
0.3835316
0.3812397
0.3789812
0.3767561
0.3745624
0.3723997
0.3702670
0.3681639
0.3660904
0.3640456
0.3620284
0.3600382
0.3580747
0.3561371
0.3542246
0.3523376
0.3504749
0.3486367
0.3468218
0.3450304
0.3432617
0.3415157
0.3397917
0.3380888
0.3364067
0.3347443
