2.3098869
2.3027345
2.3024621
2.3021578
2.3018695
2.3015949
2.3013319
2.3010799
2.3008350
2.3005946
2.3003557
2.3001158
2.2998723
2.2996228
2.2993643
2.2990946
2.2988116
2.2985132
2.2981954
2.2978545
2.2974866
2.2970888
2.2966564
2.2961842
2.2956681
2.2951028
2.2944794
2.2937903
2.2930267
2.2921762
2.2912266
2.2901621
2.2889648
2.2876152
2.2860896
2.2843589
2.2823895
2.2801399
2.2775622
2.2746000
2.2711835
2.2672278
2.2626327
2.2572765
2.2510164
2.2436838
2.2350782
2.2249708
2.2131117
2.1992335
2.1830805
2.1644539
2.1432495
2.1194885
2.0933925
2.0653643
2.0359371
2.0057033
1.9752113
1.9448543
1.9147931
1.8849662
1.8551700
1.8251531
1.7946849
1.7635906
1.7317632
1.6991641
1.6658173
1.6317903
1.5971848
1.5621328
1.5267808
1.4912984
1.4558579
1.4206304
1.3857928
1.3515155
1.3179519
1.2852285
1.2534617
1.2227437
1.1931378
1.1646833
1.1373926
1.1112593
1.0862616
1.0623720
1.0395442
1.0177209
0.9968493
0.9768725
0.9577408
0.9394018
0.9218067
0.9049132
0.8886770
0.8730616
0.8580319
0.8435557
0.8295985
0.8161331
0.8031342
0.7905802
0.7784504
0.7667223
0.7553763
0.7443938
0.7337588
0.7234556
0.7134699
0.7037889
0.6943994
0.6852873
0.6764415
0.6678500
0.6595039
0.6513942
0.6435094
0.6358449
0.6283928
0.6211440
0.6140937
0.6072325
0.6005541
0.5940522
0.5877217
0.5815568
0.5755503
0.5696971
0.5639942
0.5584362
0.5530193
0.5477388
0.5425896
0.5375673
0.5326670
0.5278843
0.5232150
0.5186556
0.5142025
0.5098510
0.5055969
0.5014374
0.4973676
0.4933846
0.4894848
0.4856646
0.4819222
0.4782546
0.4746584
0.4711311
0.4676701
0.4642732
0.4609381
0.4576629
0.4544436
0.4512783
0.4481667
0.4451061
0.4420949
0.4391314
0.4362148
0.4333431
0.4305149
0.4277301
0.4249864
0.4222831
0.4196191
0.4169932
0.4144043
0.4118522
0.4093351
0.4068518
0.4044016
0.4019837
0.3995970
0.3972410
0.3949158
0.3926195
0.3903508
0.3881106
0.3858979
0.3837117
0.3815527
0.3794201
0.3773127
0.3752297
0.3731705
0.3711340
0.3691215
0.3671320
0.3651650
0.3632200
0.3612968
0.3593942
0.3575125
0.3556514
0.3538104
0.3519889
0.3501867
0.3484032
