0.6959552
0.6929607
0.5913792
0.5562421
0.5512204
0.5595290
0.5732813
0.5887416
0.6040739
0.6182687
0.6305961
0.6404202
0.6469938
0.6494551
0.6469086
0.6386561
0.6246216
0.6058909
0.5850127
0.5652902
0.5491844
0.5371795
0.5282290
0.5209850
0.5145045
0.5082991
0.5021660
0.4960336
0.4898968
0.4837746
0.4776949
0.4716873
0.4657813
0.4600050
0.4543850
0.4489413
0.4436910
0.4386483
0.4338231
0.4292210
0.4248446
0.4206932
0.4167651
0.4130532
0.4095504
0.4062482
0.4031370
0.4002068
0.3974472
0.3948477
0.3923988
0.3900892
0.3879092
0.3858493
0.3839008
0.3820552
0.3803049
0.3786425
0.3770618
0.3755560
0.3741194
0.3727470
0.3714339
0.3701758
0.3689688
0.3678095
0.3666946
0.3656210
0.3645860
0.3635870
0.3626219
0.3616887
0.3607857
0.3599108
0.3590631
0.3582407
0.3574425
0.3566673
0.3559140
0.3551816
0.3544692
0.3537759
0.3531013
0.3524444
0.3518046
0.3511814
0.3505741
0.3499822
0.3494054
0.3488429
0.3482948
0.3477603
0.3472392
0.3467310
0.3462353
0.3457518
0.3452803
0.3448204
0.3443718
0.3439344
0.3435076
0.3430912
