0.0112112
0.0101809
0.0032701
0.0008944
0.0004618
0.0009951
0.0018088
0.0027278
0.0036604
0.0045259
0.0052395
0.0057216
0.0059264
0.0059182
0.0060008
0.0067051
0.0082149
0.0098963
0.0107581
0.0103103
0.0089970
0.0077327
0.0070281
0.0068360
0.0069335
0.0071555
0.0074134
0.0076645
0.0078887
0.0080761
0.0082228
0.0083256
0.0083835
0.0083973
0.0083687
0.0083004
0.0081956
0.0080585
0.0078936
0.0077055
0.0074987
0.0072776
0.0070465
0.0068094
0.0065695
0.0063300
0.0060932
0.0058612
0.0056355
0.0054175
0.0052081
0.0050077
0.0048169
0.0046359
0.0044644
0.0043025
0.0041498
0.0040061
0.0038708
0.0037435
0.0036237
0.0035112
0.0034055
0.0033059
0.0032121
0.0031238
0.0030407
0.0029622
0.0028882
0.0028182
0.0027519
0.0026891
0.0026293
0.0025725
0.0025183
0.0024669
0.0024177
0.0023708
0.0023258
0.0022826
0.0022412
0.0022012
0.0021628
0.0021256
0.0020897
0.0020551
0.0020215
0.0019888
0.0019572
0.0019263
0.0018962
0.0018670
0.0018384
0.0018104
0.0017831
0.0017564
0.0017302
0.0017045
0.0016794
0.0016547
0.0016305
0.0016068
