0.7029040
0.6992709
0.5934061
0.5567965
0.5515066
0.5601457
0.5744024
0.5904324
0.6063426
0.6210739
0.6338436
0.6439665
0.6506670
0.6531232
0.6506279
0.6428120
0.6297132
0.6120247
0.5916806
0.5716806
0.5547608
0.5419723
0.5325851
0.5252220
0.5188019
0.5127341
0.5067609
0.5007841
0.4947863
0.4887802
0.4827915
0.4768475
0.4709775
0.4652097
0.4595720
0.4540859
0.4487707
0.4436430
0.4387156
0.4339970
0.4294924
0.4252040
0.4211325
0.4172737
0.4136222
0.4101716
0.4069136
0.4038396
0.4009401
0.3982055
0.3956269
0.3931931
0.3908947
0.3887226
0.3866678
0.3847220
0.3828770
0.3811255
0.3794610
0.3778762
0.3763654
0.3749233
0.3735446
0.3722248
0.3709597
0.3697456
0.3685792
0.3674570
0.3663761
0.3653338
0.3643275
0.3633554
0.3624153
0.3615052
0.3606240
0.3597697
0.3589410
0.3581367
0.3573555
0.3565964
0.3558582
0.3551402
0.3544418
0.3537619
0.3530998
0.3524552
0.3518270
0.3512149
0.3506185
0.3500369
0.3494701
0.3489175
0.3483786
0.3478531
0.3473405
0.3468405
0.3463527
0.3458769
0.3454127
0.3449600
0.3445182
0.3440871
