45.5972000
71.9106000
71.9120000
71.9120000
71.9120000
71.9120000
71.9120000
71.9120000
71.9120000
71.9120000
71.9120000
71.9120000
71.9120000
71.9120000
71.9120000
71.9120000
71.9120000
71.9761000
73.0725000
75.1603000
77.0851000
78.9692000
80.3241000
81.1614000
81.7144000
82.0614000
82.3191000
82.5023000
82.6425000
82.7730000
82.8276000
82.8984000
82.9441000
82.9922000
83.0253000
83.0481000
83.0703000
83.0902000
83.1168000
83.1350000
83.1585000
83.1789000
83.2023000
83.2391000
83.2761000
83.3047000
83.3312000
83.3574000
83.3855000
83.4121000
83.4399000
83.4681000
83.4910000
83.5163000
83.5446000
83.5682000
83.5902000
83.6215000
83.6460000
83.6615000
83.6833000
83.7015000
83.7204000
83.7312000
83.7413000
83.7546000
83.7611000
83.7723000
83.7774000
83.7874000
83.8048000
83.8136000
83.8323000
83.8428000
83.8520000
83.8609000
83.8668000
83.8805000
83.8903000
83.8988000
83.9070000
83.9157000
83.9261000
83.9304000
83.9372000
83.9448000
83.9506000
83.9587000
83.9593000
83.9703000
83.9711000
83.9814000
83.9827000
83.9904000
83.9943000
83.9983000
83.9969000
84.0021000
84.0108000
84.0124000
84.0145000
84.0144000
