32.3058383
71.9079968
71.9120000
71.9120000
71.9120000
71.9120000
71.9120000
71.9120000
71.9120000
71.9120000
71.9120000
71.9120000
71.9120000
71.9120000
71.9120000
71.9120000
71.9120000
71.8948290
72.2878560
73.7133836
75.4095275
77.6787381
79.5557545
80.6876021
81.3870635
81.8502376
82.1628524
82.3881206
82.5503153
82.7094930
82.7743975
82.8621223
82.9162219
82.9621962
83.0012853
83.0301012
83.0537196
83.0732921
83.0971847
83.1184105
83.1434826
83.1605105
83.1824584
83.2152226
83.2511865
83.2790516
83.3113298
83.3406281
83.3675657
83.3909530
83.4176345
83.4489311
83.4753274
83.4988108
83.5256250
83.5490405
83.5743645
83.6042715
83.6270599
83.6462567
83.6719962
83.6896416
83.7072513
83.7216792
83.7348704
83.7452239
83.7508387
83.7632880
83.7681726
83.7769578
83.7948182
83.8016129
83.8230982
83.8335037
83.8462655
83.8536060
83.8600740
83.8735912
83.8823334
83.8915411
83.9010744
83.9113965
83.9194797
83.9248480
83.9318553
83.9386156
83.9461374
83.9547600
83.9554989
83.9673922
83.9670789
83.9778266
83.9784867
83.9862868
83.9898044
83.9912437
83.9885731
83.9965118
84.0044926
84.0063007
84.0034812
84.0040353
