21.4443757
0.0042000
0.0000000
0.0000000
0.0000000
0.0000000
0.0000000
0.0000000
0.0000000
0.0000000
0.0000000
0.0000000
0.0000000
0.0000000
0.0000000
0.0000000
0.0000000
0.1311232
1.2659500
2.3344650
2.7033804
2.0820401
1.2396540
0.7644288
0.5281269
0.3406908
0.2520910
0.1842178
0.1487315
0.1024627
0.0858373
0.0585307
0.0449788
0.0484083
0.0387455
0.0290395
0.0267509
0.0272793
0.0316474
0.0267656
0.0242291
0.0296697
0.0320127
0.0385239
0.0401956
0.0413813
0.0320587
0.0270599
0.0289353
0.0341188
0.0359234
0.0309272
0.0252864
0.0282172
0.0306144
0.0309121
0.0255492
0.0277966
0.0305581
0.0245937
0.0182376
0.0191324
0.0212141
0.0153610
0.0103735
0.0151275
0.0165557
0.0145399
0.0148876
0.0168476
0.0161047
0.0193401
0.0148462
0.0149987
0.0092520
0.0117682
0.0108517
0.0111467
0.0128534
0.0117115
0.0095603
0.0069433
0.0106813
0.0089577
0.0086232
0.0099780
0.0072000
0.0063569
0.0061327
0.0046915
0.0064877
0.0057654
0.0067978
0.0066363
0.0072533
0.0113846
0.0134347
0.0090161
0.0101764
0.0098407
0.0177778
0.0167224
