58.8885617
71.9132032
71.9120000
71.9120000
71.9120000
71.9120000
71.9120000
71.9120000
71.9120000
71.9120000
71.9120000
71.9120000
71.9120000
71.9120000
71.9120000
71.9120000
71.9120000
72.0573710
73.8571440
76.6072164
78.7606725
80.2596619
81.0924455
81.6351979
82.0417365
82.2725624
82.4753476
82.6164794
82.7346847
82.8365070
82.8808025
82.9346777
82.9719781
83.0222038
83.0493147
83.0660988
83.0868804
83.1071079
83.1364153
83.1515895
83.1735174
83.1972895
83.2221416
83.2629774
83.3010135
83.3303484
83.3510702
83.3741719
83.4034343
83.4332470
83.4621655
83.4872689
83.5066726
83.5337892
83.5635750
83.5873595
83.6060355
83.6387285
83.6649401
83.6767433
83.6946038
83.7133584
83.7335487
83.7407208
83.7477296
83.7639761
83.7713613
83.7813120
83.7866274
83.7978422
83.8147818
83.8255871
83.8415018
83.8520963
83.8577345
83.8681940
83.8735260
83.8874088
83.8982666
83.9060589
83.9129256
83.9200035
83.9327203
83.9359520
83.9425447
83.9509844
83.9550626
83.9626400
83.9631011
83.9732078
83.9751211
83.9849734
83.9869133
83.9945132
83.9987956
84.0053563
84.0052269
84.0076882
84.0171074
84.0184993
84.0255188
84.0247647
