0.9999411
0.9999411
0.4228933
0.2182086
0.1442840
0.1156747
0.1037714
0.0946671
0.0893930
0.0855922
0.0816146
0.0795227
0.0754567
0.0732469
0.0724219
0.0721567
0.0716264
0.0694755
0.0672952
0.0670890
0.0651149
0.0635239
0.0642310
0.0639364
0.0630230
0.0610784
0.0620507
0.0616971
0.0593105
0.0601061
0.0587213
0.0574543
0.0575722
0.0575133
0.0556276
0.0555981
0.0543606
0.0551267
0.0539187
0.0541249
0.0533294
0.0528285
0.0532705
0.0520035
0.0518857
0.0512375
0.0507366
0.0507071
0.0502946
0.0505009
0.0502062
0.0504125
0.0502062
0.0494697
0.0488509
0.0493223
0.0483206
0.0491161
0.0484384
0.0477018
0.0465822
0.0465233
0.0470536
0.0476134
0.0471126
0.0472599
0.0471420
0.0462876
0.0456394
0.0459045
0.0451385
0.0449322
0.0449322
0.0452269
0.0442546
0.0453742
0.0444903
0.0443724
0.0438715
0.0429876
0.0431055
0.0446376
0.0440483
0.0431644
0.0428698
0.0432528
0.0418975
0.0414555
0.0413377
0.0406895
0.0420153
0.0421332
0.0426341
0.0420742
0.0423100
0.0417207
0.0414850
0.0412198
0.0410136
0.0406305
0.0410430
0.0410430
