0.9998680
0.9998680
0.4179444
0.2143613
0.1388827
0.1105665
0.0984285
0.0894427
0.0846022
0.0815961
0.0773467
0.0757628
0.0711549
0.0698117
0.0670300
0.0685573
0.0683166
0.0663053
0.0637947
0.0636783
0.0618308
0.0601445
0.0609226
0.0609658
0.0598155
0.0583586
0.0594743
0.0575850
0.0566565
0.0556024
0.0550181
0.0550124
0.0545535
0.0547633
0.0528800
0.0533839
0.0525468
0.0520978
0.0513646
0.0518542
0.0514959
0.0509027
0.0501608
0.0497606
0.0492666
0.0488628
0.0485700
0.0485909
0.0482204
0.0477821
0.0479933
0.0475061
0.0480375
0.0474045
0.0467215
0.0471643
0.0459649
0.0464247
0.0461543
0.0452403
0.0443614
0.0442432
0.0443933
0.0446147
0.0441879
0.0443264
0.0442813
0.0434544
0.0429561
0.0431643
0.0423704
0.0421408
0.0424373
0.0420773
0.0415746
0.0415531
0.0412667
0.0412817
0.0408284
0.0403775
0.0403239
0.0404079
0.0404779
0.0402331
0.0397941
0.0397679
0.0389781
0.0387419
0.0387524
0.0380716
0.0373600
0.0371080
0.0378391
0.0364522
0.0374851
0.0371231
0.0372683
0.0370986
0.0371389
0.0369759
0.0366260
0.0364651
