0.0001179
0.0001179
0.0079847
0.0062073
0.0087146
0.0082416
0.0086202
0.0084290
0.0077296
0.0064474
0.0068860
0.0060662
0.0069405
0.0055423
0.0086993
0.0058074
0.0053401
0.0051148
0.0056478
0.0055028
0.0052986
0.0054523
0.0053377
0.0047927
0.0051750
0.0043881
0.0041568
0.0066345
0.0042820
0.0072663
0.0059748
0.0039398
0.0048704
0.0044368
0.0044329
0.0035724
0.0029264
0.0048868
0.0041207
0.0036636
0.0029581
0.0031071
0.0050172
0.0036188
0.0042257
0.0038313
0.0034956
0.0034144
0.0033466
0.0043864
0.0035703
0.0046892
0.0034991
0.0033320
0.0034355
0.0034817
0.0038007
0.0043424
0.0036852
0.0039715
0.0035831
0.0036787
0.0042921
0.0048382
0.0047187
0.0047329
0.0046156
0.0045711
0.0043292
0.0044211
0.0044661
0.0045037
0.0040253
0.0050815
0.0043239
0.0061649
0.0052010
0.0049866
0.0049099
0.0042113
0.0044879
0.0068242
0.0057605
0.0047294
0.0049623
0.0056226
0.0047101
0.0043782
0.0041711
0.0042236
0.0075109
0.0081076
0.0077362
0.0090706
0.0077845
0.0074178
0.0068033
0.0066492
0.0062513
0.0058964
0.0071264
0.0073860
