1.0000141
1.0000141
0.4278423
0.2220559
0.1496854
0.1207829
0.1091142
0.0998914
0.0941839
0.0895884
0.0858826
0.0832825
0.0797585
0.0766821
0.0778138
0.0757562
0.0749362
0.0726457
0.0707958
0.0704996
0.0683990
0.0669032
0.0675394
0.0669069
0.0662305
0.0637982
0.0646271
0.0658092
0.0619646
0.0646097
0.0624245
0.0598962
0.0605909
0.0602632
0.0583751
0.0578123
0.0561745
0.0581556
0.0564727
0.0563956
0.0551629
0.0547543
0.0563801
0.0542465
0.0545048
0.0536121
0.0529032
0.0528234
0.0523689
0.0532196
0.0524192
0.0533189
0.0523750
0.0515349
0.0509803
0.0514803
0.0506763
0.0518075
0.0507225
0.0501634
0.0488030
0.0488034
0.0497139
0.0506122
0.0500372
0.0501934
0.0500028
0.0491207
0.0483226
0.0486448
0.0479066
0.0477237
0.0474272
0.0483764
0.0469345
0.0491952
0.0477139
0.0474632
0.0469147
0.0455978
0.0458871
0.0488673
0.0476187
0.0460957
0.0459454
0.0467377
0.0448168
0.0441692
0.0439229
0.0433073
0.0466706
0.0471583
0.0474290
0.0476963
0.0471348
0.0463183
0.0457017
0.0453410
0.0448882
0.0442851
0.0454600
0.0456209
