48.5178133
75.9213759
76.7023956
82.6802826
83.2496929
83.5770885
83.7533784
83.8473587
83.9318182
84.0193489
84.0850737
84.1489558
84.1855037
84.2143735
84.2604423
84.2828624
84.3046683
84.3169533
84.3292383
84.3464373
84.3700860
84.3802211
84.3925061
84.4020270
84.4170762
84.4468673
84.4527027
84.4686732
84.4735872
84.4720516
84.4935504
84.5033784
84.4978501
84.5101351
84.5193489
84.5291769
84.5236486
84.5304054
84.5291769
84.5239558
84.5436118
84.5460688
84.5426904
84.5448403
84.5552826
84.5620393
84.5629607
84.5641892
84.5528256
84.5623464
84.5555897
84.5598894
84.5712531
84.5543612
84.5617322
84.5663391
84.5758600
84.5810811
84.5810811
84.5743243
84.5758600
84.5823096
84.5850737
84.5856880
84.5749386
84.5813882
84.5755528
84.5887592
84.5826167
84.5878378
84.5832310
84.5872236
84.6016585
84.5927518
84.5918305
84.6010442
84.6071867
84.6044226
84.6084152
84.6050369
84.5998157
84.6108722
84.6047297
84.6090295
84.6062654
84.6053440
84.6191646
84.6038084
84.6031941
84.5995086
84.6068796
84.6127150
84.6121007
84.6111794
84.6142506
84.6213145
84.6240786
84.6207002
84.6142506
84.6219287
84.6167076
84.6228501
