43.1130820
75.9213759
76.0831283
82.6099527
83.2059399
83.5612521
83.7249716
83.8020387
83.8924016
83.9674746
84.0441449
84.1100793
84.1510094
84.1662102
84.2129304
84.2334480
84.2628310
84.2642671
84.2827722
84.2927860
84.3283506
84.3377768
84.3510203
84.3629869
84.3794564
84.4075645
84.4168183
84.4291813
84.4384952
84.4291770
84.4493770
84.4599112
84.4596621
84.4781431
84.4823072
84.4936655
84.4833084
84.4846050
84.4875058
84.4876278
84.5057961
84.5078660
84.5034614
84.5078422
84.5151734
84.5201328
84.5257258
84.5276478
84.5097255
84.5233323
84.5140057
84.5212036
84.5367967
84.5183291
84.5293036
84.5303639
84.5463029
84.5568943
84.5532836
84.5469339
84.5489871
84.5540492
84.5617838
84.5563895
84.5432429
84.5513014
84.5498749
84.5566857
84.5511246
84.5556363
84.5465155
84.5500067
84.5817654
84.5726206
84.5668877
84.5744152
84.5780744
84.5774508
84.5796560
84.5763919
84.5770833
84.5865086
84.5726720
84.5885618
84.5808998
84.5742596
84.5933853
84.5820875
84.5782899
84.5667006
84.5835190
84.5936326
84.5896570
84.5919881
84.5884123
84.5967435
84.5974394
84.6001936
84.5975207
84.6042459
84.5998139
84.6015198
