8.7200311
0.0000000
0.9991302
0.1134706
0.0705914
0.0255505
0.0458317
0.0731197
0.0635950
0.0836943
0.0660348
0.0627235
0.0556533
0.0777070
0.0766559
0.0797255
0.0675005
0.0850044
0.0749688
0.0865614
0.0673361
0.0684800
0.0669336
0.0629876
0.0606959
0.0634115
0.0578962
0.0637165
0.0566178
0.0691741
0.0712696
0.0701302
0.0616129
0.0516162
0.0597633
0.0572943
0.0650852
0.0738948
0.0672324
0.0586119
0.0610121
0.0616366
0.0632924
0.0596930
0.0647124
0.0676122
0.0600750
0.0589561
0.0695379
0.0629457
0.0670919
0.0624160
0.0555922
0.0581344
0.0523205
0.0580426
0.0476876
0.0390230
0.0448487
0.0441919
0.0433569
0.0455954
0.0375761
0.0472704
0.0511380
0.0485423
0.0414289
0.0517477
0.0508095
0.0519541
0.0592370
0.0600459
0.0320957
0.0324799
0.0402428
0.0429635
0.0469701
0.0435165
0.0464003
0.0462160
0.0366767
0.0393084
0.0517221
0.0330228
0.0409250
0.0501518
0.0415925
0.0350446
0.0401806
0.0529326
0.0376902
0.0307877
0.0362108
0.0309633
0.0416877
0.0396430
0.0429800
0.0330855
0.0269921
0.0285296
0.0272564
0.0344145
