53.9225445
75.9213759
77.3216629
82.7506124
83.2934459
83.5929248
83.7817852
83.8926788
83.9712347
84.0712232
84.1260025
84.1878322
84.2199979
84.2625367
84.3079541
84.3322768
84.3465056
84.3696396
84.3757045
84.4000887
84.4118214
84.4226655
84.4339920
84.4410672
84.4546959
84.4861702
84.4885871
84.5081651
84.5086793
84.5149262
84.5377237
84.5468455
84.5360382
84.5421272
84.5563906
84.5646883
84.5639889
84.5762059
84.5708480
84.5602838
84.5814275
84.5842716
84.5819195
84.5818384
84.5953917
84.6039458
84.6001956
84.6007305
84.5959256
84.6013606
84.5971737
84.5985753
84.6057095
84.5903932
84.5941608
84.6023143
84.6054170
84.6052678
84.6088786
84.6017148
84.6027328
84.6105699
84.6083636
84.6149864
84.6066342
84.6114750
84.6012307
84.6208327
84.6141088
84.6200393
84.6199464
84.6244404
84.6215516
84.6128831
84.6167732
84.6276733
84.6362991
84.6313944
84.6371745
84.6336818
84.6225482
84.6352359
84.6367874
84.6294972
84.6316309
84.6364284
84.6449439
84.6255292
84.6280983
84.6323166
84.6302402
84.6317974
84.6345444
84.6303706
84.6400889
84.6458855
84.6507179
84.6412069
84.6309805
84.6396116
84.6336013
84.6441804
