0.9999840
0.9847701
0.7282417
0.7718942
0.7427529
0.7252589
0.7099260
0.7044742
0.6939684
0.6902909
0.6817533
0.6747541
0.6703629
0.6667323
0.6615374
0.6583417
0.6539634
0.6507437
0.6471042
0.6416673
0.6406777
0.6399290
0.6333926
0.6272801
0.6337475
0.6256827
0.6273281
0.6234156
0.6210126
0.6214074
0.6224050
0.6215564
0.6154718
0.6176619
0.6138445
0.6135716
0.6144902
0.6115464
0.6120092
0.6094242
0.6087405
0.6078449
0.6076869
0.6038435
0.6037385
0.6031747
0.6012775
0.5971062
0.6009916
0.6006098
0.6025870
0.5935846
0.5953998
0.5944952
0.5949330
0.5898491
0.5939564
0.5899510
0.5936505
0.5837245
0.5881118
0.5936785
0.5830578
0.5857197
0.5846501
0.5812685
0.5843013
0.5861905
0.5795112
0.5827309
0.5811955
0.5749480
0.5799570
0.5732997
0.5753549
0.5732187
0.5764084
0.5733846
0.5734106
0.5722051
0.5730788
0.5689254
0.5674930
0.5699270
0.5725240
0.5645922
0.5684946
0.5656108
0.5640214
0.5630688
0.5643423
0.5634296
0.5617503
0.5579508
0.5637835
0.5559546
0.5640654
0.5558846
0.5532147
0.5588165
0.5582997
0.5601519
0.5617893
0.5533447
0.5560236
0.5535226
0.5583417
0.5561066
0.5534286
0.5484396
0.5492003
0.5476259
0.5499720
0.5494822
0.5464944
0.5502649
0.5471491
0.5492783
0.5452829
0.5454068
0.5452779
0.5457087
0.5427669
0.5418333
0.5396711
0.5379328
0.5421361
0.5393812
0.5358607
0.5393743
0.5366383
0.5380768
0.5428299
0.5393473
0.5308387
0.5351799
0.5351479
0.5326529
0.5328029
0.5329708
0.5294152
0.5314624
0.5261885
0.5368493
0.5284516
0.5268942
0.5219662
0.5300520
0.5258717
0.5256617
0.5238405
0.5234786
0.5194692
0.5163425
0.5241194
0.5243113
0.5209306
0.5239044
0.5213595
0.5191613
0.5201929
0.5212965
0.5199900
0.5191773
0.5183357
0.5193333
0.5160286
0.5221641
0.5197041
0.5151090
0.5150920
0.5181188
0.5146411
0.5160156
0.5151230
0.5100510
0.5157597
0.5104728
0.5113794
0.5092463
0.5100100
0.5079468
0.5124350
0.5106048
0.5071611
0.5081447
0.5016773
0.5033996
0.5071152
0.5120802
0.5075600
0.5029328
0.5058347
0.5076619
0.5034056
0.5036455
0.4963275
0.4968892
0.5011116
0.5069642
0.5008017
0.4931877
