0.9999755
0.9845162
0.5656007
0.6552418
0.6205482
0.5998469
0.5861851
0.5808393
0.5721393
0.5683241
0.5656348
0.5581496
0.5549829
0.5529303
0.5481585
0.5481894
0.5443218
0.5403877
0.5385283
0.5350790
0.5328219
0.5317929
0.5277860
0.5235039
0.5280897
0.5216829
0.5237244
0.5213891
0.5186585
0.5198165
0.5196885
0.5180649
0.5135515
0.5155099
0.5112719
0.5123724
0.5118871
0.5108714
0.5086692
0.5080084
0.5075584
0.5064971
0.5075953
0.5058871
0.5047101
0.5036925
0.5033384
0.4997084
0.5012454
0.5027413
0.5025411
0.4979304
0.4965664
0.4975817
0.4972389
0.4935150
0.4984181
0.4968246
0.4966493
0.4866359
0.4924544
0.4949360
0.4892011
0.4901276
0.4894468
0.4892918
0.4896136
0.4906330
0.4863276
0.4896890
0.4868598
0.4791171
0.4856202
0.4796953
0.4802768
0.4804983
0.4830981
0.4818332
0.4793377
0.4760886
0.4805890
0.4773615
0.4760649
0.4784681
0.4804204
0.4736986
0.4775769
0.4743014
0.4719253
0.4744274
0.4722852
0.4727860
0.4705237
0.4664387
0.4712017
0.4679835
0.4722211
0.4649763
0.4657776
0.4699593
0.4723214
0.4717812
0.4695228
0.4665689
0.4664324
0.4640741
0.4696275
0.4683471
0.4629795
0.4603080
0.4635103
0.4611461
0.4673462
0.4639836
0.4566369
0.4623062
0.4607770
0.4604084
0.4589767
0.4599462
0.4607707
0.4577614
0.4579655
0.4565368
0.4557914
0.4548658
0.4573105
0.4559840
0.4496429
0.4540602
0.4568603
0.4568105
0.4556174
0.4568756
0.4499003
0.4520425
0.4509196
0.4502707
0.4508150
0.4522360
0.4475215
0.4514131
0.4474502
0.4554674
0.4474910
0.4469056
0.4419234
0.4508790
0.4433103
0.4430682
0.4442312
0.4442761
0.4395727
0.4375605
0.4452251
0.4416326
0.4401568
0.4408409
0.4380689
0.4392577
0.4402487
0.4431325
0.4382787
0.4354270
0.4409112
0.4391807
0.4390459
0.4443908
0.4434433
0.4363899
0.4384889
0.4395771
0.4377819
0.4346635
0.4372975
0.4308481
0.4367053
0.4295797
0.4322044
0.4342179
0.4316683
0.4300759
0.4326207
0.4322800
0.4270274
0.4313079
0.4215274
0.4277262
0.4285430
0.4358254
0.4330112
0.4266162
0.4262406
0.4300228
0.4255730
0.4254289
0.4196420
0.4222656
0.4232907
0.4277878
0.4263168
0.4175482
