0.0000097
0.0002896
0.1855492
0.1330831
0.1394174
0.1430764
0.1411700
0.1410490
0.1389888
0.1391459
0.1324739
0.1330284
0.1316314
0.1298312
0.1293485
0.1256673
0.1250847
0.1258997
0.1238688
0.1216014
0.1230474
0.1233672
0.1204815
0.1183931
0.1205398
0.1186483
0.1181964
0.1163971
0.1167707
0.1159001
0.1171842
0.1180683
0.1162759
0.1165403
0.1170200
0.1154532
0.1170548
0.1148551
0.1178955
0.1157003
0.1154337
0.1156227
0.1141896
0.1117537
0.1129767
0.1134944
0.1117339
0.1111163
0.1137956
0.1116533
0.1141374
0.1091271
0.1127542
0.1105639
0.1114544
0.1099028
0.1089950
0.1062434
0.1106640
0.1107636
0.1091308
0.1126505
0.1070765
0.1090563
0.1086129
0.1049317
0.1080246
0.1090169
0.1063085
0.1061469
0.1076230
0.1093288
0.1076243
0.1067887
0.1084699
0.1057802
0.1064531
0.1044465
0.1073232
0.1096546
0.1055170
0.1044608
0.1043058
0.1043410
0.1050764
0.1036961
0.1037235
0.1041703
0.1050679
0.1011265
0.1050234
0.1034109
0.1040760
0.1044017
0.1056220
0.1003619
0.1047806
0.1037129
0.0997527
0.1013728
0.0980884
0.1008179
0.1052624
0.0989983
0.1022102
0.1020475
0.1012096
0.1001205
0.1031890
0.1005451
0.0977596
0.0986606
0.0942637
0.0975412
0.1025140
0.1003478
0.0985377
0.1013873
0.0984626
0.0974978
0.0964101
0.1003347
0.0967458
0.0973106
0.0956943
0.0947671
0.0967734
0.0951438
0.0983617
0.0973306
0.0910149
0.0927127
0.0994964
0.0940878
0.0923386
0.0948474
0.0960920
0.0939858
0.0935360
0.0921064
0.0934286
0.0913243
0.0898286
0.0928445
0.0923640
0.0912551
0.0913170
0.0903246
0.0941902
0.0942269
0.0908223
0.0903583
0.0911500
0.0898785
0.0900066
0.0943241
0.0921509
0.0947631
0.0950222
0.0911582
0.0912044
0.0891735
0.0932204
0.0955466
0.0883298
0.0914421
0.0878257
0.0887278
0.0870022
0.0898067
0.0873927
0.0896044
0.0876849
0.0928106
0.0887872
0.0903586
0.0901892
0.0922870
0.0903270
0.0855962
0.0893762
0.0888391
0.0910563
0.0893568
0.0914206
0.0876594
0.0914392
0.0863321
0.0896391
0.0869953
0.0850490
0.0870659
0.0908050
0.0885747
0.0887954
0.0892335
0.0874867
0.0851345
0.0887820
0.0903285
0.0849761
0.0862934
