0.9999925
0.9850239
0.8908827
0.8885467
0.8649576
0.8506709
0.8336670
0.8281091
0.8157975
0.8122576
0.7978718
0.7913586
0.7857429
0.7805343
0.7749163
0.7684939
0.7636050
0.7610997
0.7556800
0.7482557
0.7485335
0.7480651
0.7389993
0.7310562
0.7394053
0.7296825
0.7309318
0.7254422
0.7233667
0.7229984
0.7251216
0.7250478
0.7173921
0.7198140
0.7164170
0.7147708
0.7170933
0.7122213
0.7153492
0.7108400
0.7099226
0.7091926
0.7077785
0.7017999
0.7027669
0.7026570
0.6992166
0.6945039
0.7007378
0.6984782
0.7026328
0.6892387
0.6942332
0.6914087
0.6926271
0.6861831
0.6894948
0.6830775
0.6906518
0.6808131
0.6837691
0.6924210
0.6769145
0.6813118
0.6798535
0.6732452
0.6789890
0.6817480
0.6726947
0.6757728
0.6755312
0.6707789
0.6742939
0.6669041
0.6704329
0.6659391
0.6697187
0.6649361
0.6674836
0.6683216
0.6655685
0.6604893
0.6589211
0.6613860
0.6646275
0.6554858
0.6594123
0.6569201
0.6561175
0.6517101
0.6563993
0.6540732
0.6529769
0.6494630
0.6563653
0.6439257
0.6559096
0.6467930
0.6406518
0.6476736
0.6442779
0.6485227
0.6540558
0.6401205
0.6456148
0.6429711
0.6470558
0.6438660
0.6438778
0.6365713
0.6348904
0.6341058
0.6325978
0.6349808
0.6363519
0.6382236
0.6335213
0.6381482
0.6315891
0.6308675
0.6297850
0.6336560
0.6275683
0.6271297
0.6235508
0.6209999
0.6269618
0.6227785
0.6220784
0.6246883
0.6164164
0.6193431
0.6300423
0.6218189
0.6117770
0.6183174
0.6193763
0.6150352
0.6147908
0.6137057
0.6113090
0.6115117
0.6049268
0.6182311
0.6094123
0.6068829
0.6020091
0.6092250
0.6084330
0.6082553
0.6034497
0.6026811
0.5993657
0.5951245
0.6030136
0.6069900
0.6017045
0.6069679
0.6046501
0.5990650
0.6001371
0.5994605
0.6017013
0.6029277
0.5957602
0.5994858
0.5930112
0.5999375
0.5959649
0.5938280
0.5916951
0.5966605
0.5915003
0.5973677
0.5929484
0.5892538
0.5948141
0.5913659
0.5905545
0.5842747
0.5883517
0.5858177
0.5922494
0.5889295
0.5872948
0.5849816
0.5818273
0.5790730
0.5856873
0.5883349
0.5821087
0.5792495
0.5854287
0.5853011
0.5812383
0.5818622
0.5730130
0.5715129
0.5789324
0.5861406
0.5752866
0.5688272
