11.4403333
11.4306667
10.6710000
10.6043333
10.5996667
12.2976667
11.2923333
10.8843333
11.4636667
12.9693333
14.4486667
12.9373333
11.5676667
11.2710000
11.2396667
11.2370000
11.2366667
11.2366667
11.2366667
11.2366667
11.2380000
11.2400000
11.2423333
11.2490000
11.2680000
11.3046667
11.3670000
11.4500000
11.6256667
12.0000000
12.7570000
14.0160000
15.5076667
17.1086667
18.7700000
20.4166667
22.1363333
23.9953333
25.9776667
27.9743333
29.8620000
31.7023333
33.2620000
34.5473333
35.5480000
36.3380000
36.9533333
37.3950000
37.8356667
38.2916667
38.7460000
39.1816667
39.5403333
39.9516667
40.3630000
40.8510000
41.4723333
42.2330000
43.1606667
44.2476667
45.4533333
46.7920000
48.1946667
49.6533333
51.1050000
52.5086667
53.8760000
55.2110000
56.5400000
57.7340000
58.9210000
60.0490000
61.1200000
62.1353333
63.1136667
64.0280000
64.9173333
65.7196667
66.5473333
67.2863333
68.0273333
68.7333333
69.4320000
70.1040000
70.7516667
71.3850000
72.0173333
72.6006667
73.1760000
73.7330000
74.2613333
74.7853333
75.3066667
75.7790000
76.2293333
76.6783333
77.1116667
77.5053333
77.8943333
78.2536667
78.6253333
78.9880000
79.3193333
79.6456667
79.9613333
80.2440000
80.5330000
80.8233333
81.0890000
81.3433333
81.5930000
81.8503333
82.1006667
82.3370000
82.5660000
82.7780000
82.9903333
83.1940000
83.4010000
83.5873333
83.7686667
83.9600000
84.1293333
84.3096667
84.4736667
84.6200000
84.7893333
84.9413333
85.1013333
85.2536667
85.4036667
85.5546667
85.6920000
85.8240000
85.9606667
86.0870000
86.2236667
86.3480000
86.4676667
86.5856667
86.7010000
86.8096667
86.9206667
87.0266667
87.1446667
87.2520000
87.3393333
87.4386667
87.5496667
87.6363333
87.7260000
87.8140000
87.9090000
87.9933333
88.0893333
88.1730000
88.2486667
88.3383333
88.4186667
88.4880000
88.5680000
88.6456667
88.7300000
88.8030000
88.8740000
88.9460000
89.0106667
89.0876667
89.1523333
89.2103333
89.2803333
89.3466667
89.4126667
89.4770000
89.5406667
89.6043333
89.6630000
89.7210000
89.7716667
89.8393333
89.9000000
89.9556667
90.0170000
90.0746667
90.1300000
90.1856667
90.2373333
90.2936667
90.3473333
90.3993333
90.4450000
90.4893333
90.5350000
90.5780000
90.6216667
90.6666667
90.7253333
90.7746667
90.8160000
90.8613333
90.9070000
90.9560000
