10.2968569
10.2958304
10.1084526
10.1178385
10.1161140
9.6185225
10.3298473
10.4824610
10.6699969
10.6013670
10.9795198
11.0351021
11.0691005
11.2108110
11.2344074
11.2364156
11.2366667
11.2366667
11.2366667
11.2366667
11.2356626
11.2341564
11.2323992
11.2273787
11.2130702
11.1854574
11.1414260
11.1035682
11.1287470
11.2659324
11.5562066
12.0170772
12.6639840
13.5287178
14.5238110
15.6127789
16.9927380
18.7609470
20.8185309
22.9047088
24.8125947
26.6111492
28.0219319
29.0807652
29.8890201
30.5359984
31.1291970
31.6736254
32.3178324
33.1352637
34.0750908
35.0151217
35.7698080
36.5595965
37.2289062
37.9253960
38.6384097
39.4067526
40.2599281
41.1969365
42.2559782
43.4715684
44.7364742
46.1190339
47.5459283
48.9570204
50.3645508
51.7616406
53.1715553
54.4364849
55.7034251
56.9132255
58.0491667
59.1640697
60.2178809
61.1910823
62.1489293
62.9855037
63.8661618
64.6784734
65.4738282
66.2329842
66.9697644
67.6991457
68.4090289
69.1287518
69.8347019
70.4637591
71.1013498
71.7528687
72.3577121
72.9547112
73.5715535
74.1332092
74.6541038
75.1886305
75.7290383
76.2281168
76.7041943
77.1478964
77.6029114
78.0321001
78.4444414
78.8628225
79.2216946
79.5518720
79.8764345
80.2240767
80.5214946
80.8137745
81.0854475
81.3593766
81.6321027
81.8714236
82.1069436
82.3309487
82.5475927
82.7495041
82.9453267
83.1232177
83.2992701
83.5036964
83.6699795
83.8418997
84.0027213
84.1567199
84.3227046
84.4636726
84.6317767
84.7752844
84.9332962
85.0931142
85.2424949
85.3732373
85.5141511
85.6371911
85.7819327
85.9097196
86.0346771
86.1590929
86.2792627
86.3747072
86.4868409
86.5948702
86.7131348
86.8289654
86.9180183
87.0216942
87.1440046
87.2427377
87.3346947
87.4210227
87.5172237
87.6107365
87.7059134
87.7884764
87.8667494
87.9583067
88.0404082
88.1102870
88.1951723
88.2745105
88.3575702
88.4220463
88.4993185
88.5780502
88.6474749
88.7216092
88.7901254
88.8562551
88.9272825
88.9949281
89.0681095
89.1297641
89.1977848
89.2811326
89.3391042
89.4016027
89.4592913
89.5372903
89.5994709
89.6588554
89.7264519
89.7911902
89.8461269
89.9028411
89.9522948
90.0126188
90.0743923
90.1326635
90.1802202
90.2320932
90.2801950
90.3290339
90.3734825
90.4194130
90.4809475
90.5292508
90.5690822
90.6140548
90.6672820
90.7185269
