0.9999752
0.9999628
0.2614803
0.1388297
0.1077734
0.0930449
0.0832135
0.0764443
0.0706174
0.0652492
0.0609968
0.0574882
0.0539425
0.0517109
0.0492189
0.0464543
0.0450285
0.0422514
0.0407017
0.0391396
0.0376643
0.0370072
0.0356682
0.0344285
0.0333995
0.0326060
0.0311431
0.0305604
0.0299901
0.0296677
0.0287131
0.0280684
0.0275229
0.0272626
0.0266427
0.0258368
0.0257625
0.0255393
0.0249690
0.0246963
0.0245475
0.0238780
0.0234441
0.0230846
0.0227994
0.0228490
0.0224771
0.0222663
0.0221051
0.0217704
0.0218448
0.0212125
0.0208530
0.0209273
0.0208406
0.0203571
0.0199851
0.0197868
0.0196256
0.0195016
0.0195016
0.0192661
0.0191173
0.0191421
0.0186462
0.0184974
0.0181503
0.0178651
0.0181627
0.0180511
0.0177163
0.0179147
0.0178031
0.0174808
0.0171956
0.0173692
0.0172204
0.0170097
0.0170965
0.0166749
0.0166005
0.0167121
0.0164022
0.0167245
0.0163402
0.0162534
0.0160922
0.0160179
0.0159063
0.0158939
0.0159435
0.0157079
0.0156583
0.0156335
0.0157079
0.0154724
0.0156459
0.0154971
0.0155591
0.0154352
0.0152616
0.0150756
