0.9999445
0.9999276
0.2529363
0.1309303
0.1006287
0.0859388
0.0763952
0.0690985
0.0637219
0.0587334
0.0545738
0.0513186
0.0475041
0.0457763
0.0431584
0.0409505
0.0390943
0.0367340
0.0350502
0.0336380
0.0326826
0.0316137
0.0303116
0.0296733
0.0281920
0.0277286
0.0268991
0.0260620
0.0252511
0.0253244
0.0243701
0.0241331
0.0231393
0.0229378
0.0224878
0.0217425
0.0219306
0.0214351
0.0210682
0.0206903
0.0204949
0.0198381
0.0195556
0.0193415
0.0190072
0.0189414
0.0186997
0.0186447
0.0181865
0.0178902
0.0181038
0.0173817
0.0172940
0.0172166
0.0174849
0.0167364
0.0166188
0.0163659
0.0161258
0.0159156
0.0159411
0.0159074
0.0158940
0.0157993
0.0156471
0.0155349
0.0151459
0.0147072
0.0150040
0.0149483
0.0147332
0.0147595
0.0146412
0.0144376
0.0143725
0.0143619
0.0141846
0.0141380
0.0139803
0.0137508
0.0135766
0.0136190
0.0135981
0.0138751
0.0134186
0.0133273
0.0132181
0.0131860
0.0131519
0.0130852
0.0132061
0.0129339
0.0128547
0.0128586
0.0130571
0.0128252
0.0130586
0.0131034
0.0129934
0.0129611
0.0128853
0.0127124
