0.0000496
0.0000568
0.0137850
0.0127448
0.0115272
0.0114651
0.0110006
0.0118519
0.0111253
0.0105127
0.0103629
0.0099541
0.0103877
0.0095749
0.0097782
0.0088798
0.0095743
0.0089018
0.0091182
0.0088763
0.0080375
0.0087020
0.0086424
0.0076720
0.0084018
0.0078692
0.0068473
0.0072577
0.0076460
0.0070075
0.0070071
0.0063493
0.0070726
0.0069777
0.0067036
0.0066058
0.0061824
0.0066218
0.0062936
0.0064632
0.0065384
0.0065180
0.0062736
0.0060391
0.0061184
0.0063046
0.0060943
0.0058430
0.0063224
0.0062603
0.0060357
0.0061806
0.0057421
0.0059869
0.0054141
0.0058416
0.0054312
0.0055192
0.0056466
0.0057856
0.0057446
0.0054189
0.0052005
0.0053933
0.0048387
0.0047797
0.0048472
0.0050950
0.0050961
0.0050060
0.0048130
0.0050907
0.0051015
0.0049099
0.0045549
0.0048521
0.0048981
0.0046331
0.0050276
0.0047177
0.0048789
0.0049905
0.0045241
0.0045973
0.0047137
0.0047211
0.0046371
0.0045690
0.0044439
0.0045315
0.0044165
0.0044756
0.0045234
0.0044771
0.0042768
0.0042709
0.0041745
0.0038620
0.0041395
0.0039917
0.0038339
0.0038129
