1.0000059
0.9999980
0.2700243
0.1467290
0.1149180
0.1001510
0.0900317
0.0837902
0.0775129
0.0717650
0.0674198
0.0636578
0.0603808
0.0576455
0.0552795
0.0519580
0.0509628
0.0477688
0.0463532
0.0446412
0.0426459
0.0424007
0.0410248
0.0391836
0.0386070
0.0374834
0.0353871
0.0350588
0.0347291
0.0340110
0.0330562
0.0320038
0.0319066
0.0315874
0.0307976
0.0299312
0.0295944
0.0296435
0.0288698
0.0287022
0.0286000
0.0279179
0.0273325
0.0268276
0.0265916
0.0267566
0.0262544
0.0258879
0.0260238
0.0256506
0.0255858
0.0250433
0.0244120
0.0246381
0.0241963
0.0239777
0.0233514
0.0232076
0.0231254
0.0230876
0.0230621
0.0226247
0.0223406
0.0224849
0.0216452
0.0214599
0.0211546
0.0210230
0.0213213
0.0211539
0.0206994
0.0210699
0.0209651
0.0205240
0.0200188
0.0203765
0.0202563
0.0198813
0.0202126
0.0195990
0.0196245
0.0198053
0.0192062
0.0195740
0.0192618
0.0191796
0.0189663
0.0188497
0.0186606
0.0187025
0.0186808
0.0184819
0.0184620
0.0184085
0.0183587
0.0181195
0.0182333
0.0178909
0.0181248
0.0179092
0.0176378
0.0174389
