11.4403333
10.6106667
11.2440000
11.7443333
12.0006667
11.2366667
11.2366667
11.2366667
11.3523333
12.3320000
14.0886667
16.9193333
20.0036667
24.1373333
27.2016667
31.1400000
36.3986667
42.1526667
48.5150000
54.5020000
59.4203333
63.8696667
68.1856667
71.7273333
74.6130000
76.9720000
78.9683333
80.7896667
82.2656667
83.4370000
84.4813333
85.4066667
86.1820000
86.8700000
87.4686667
88.0220000
88.4736667
88.9150000
89.2660000
89.6250000
89.9463333
90.2486667
90.5230000
90.7520000
90.9870000
91.1916667
91.3880000
91.5860000
91.7736667
91.9560000
92.1250000
92.2896667
92.4446667
92.5830000
92.7183333
92.8453333
92.9786667
93.0923333
93.2246667
93.3420000
93.4580000
93.5646667
93.6623333
93.7600000
93.8480000
93.9420000
94.0186667
94.0856667
94.1720000
94.2483333
94.3103333
94.3713333
94.4396667
94.4920000
94.5693333
94.6230000
94.6763333
94.7246667
94.7916667
94.8396667
94.8766667
94.9270000
94.9780000
95.0253333
95.0650000
95.1143333
95.1483333
95.1990000
95.2313333
95.2760000
95.3110000
95.3463333
95.3813333
95.4160000
95.4526667
95.4886667
95.5213333
95.5416667
95.5780000
95.6040000
95.6313333
95.6623333
95.6873333
95.7066667
95.7483333
95.7763333
95.7983333
95.8290000
95.8460000
95.8666667
95.8986667
95.9166667
95.9426667
95.9596667
95.9803333
96.0010000
96.0276667
96.0493333
96.0606667
96.0776667
96.1000000
96.1106667
96.1276667
96.1510000
96.1673333
96.1833333
96.2003333
96.2186667
96.2403333
96.2650000
96.2686667
96.2846667
96.2940000
96.3106667
96.3383333
96.3433333
96.3533333
96.3706667
96.3913333
96.4016667
96.4196667
96.4340000
96.4526667
96.4633333
96.4710000
96.4863333
96.5063333
96.5226667
96.5363333
96.5463333
96.5573333
96.5763333
96.5840000
96.5930000
96.6076667
96.6136667
96.6323333
96.6413333
96.6503333
96.6606667
96.6693333
96.6940000
96.6960000
96.7036667
96.7156667
96.7226667
96.7316667
96.7446667
96.7483333
96.7550000
96.7616667
96.7760000
96.7816667
96.7843333
96.7960000
96.8143333
96.8236667
96.8253333
96.8406667
96.8483333
96.8530000
96.8596667
96.8716667
96.8816667
96.8873333
96.8893333
96.8970000
96.9003333
96.9123333
96.9246667
96.9243333
96.9236667
96.9333333
96.9426667
96.9516667
96.9530000
96.9540000
96.9696667
96.9753333
96.9846667
96.9866667
96.9930000
