10.2968569
10.1175652
10.3594983
11.1961858
10.6613156
11.2366667
11.2366667
11.2366667
11.1495607
10.4241894
10.9671790
12.5840391
14.5914437
19.4092675
22.7872994
24.1193175
25.9777891
29.5501629
35.2704366
41.9913666
47.9581661
53.8221621
59.8554911
64.7711005
68.8200031
72.1089571
74.9200840
77.4812722
79.5349071
81.0638736
82.4377956
83.6496375
84.6652303
85.5553044
86.3377660
87.0158771
87.5849737
88.1298243
88.5447344
88.9708127
89.3413746
89.6790114
89.9890764
90.2384714
90.5043609
90.7051171
90.9170002
91.1361710
91.3422040
91.5300832
91.7180798
91.8885270
92.0549717
92.1828330
92.3469123
92.4780898
92.6119861
92.7373856
92.8724595
93.0022611
93.1285912
93.2358882
93.3563729
93.4628820
93.5535279
93.6561274
93.7429950
93.8272147
93.9221764
93.9986625
94.0538896
94.1261089
94.1983055
94.2658308
94.3443805
94.4209723
94.4704527
94.5244045
94.6021662
94.6608647
94.6932254
94.7527194
94.8108478
94.8557045
94.9044527
94.9586929
94.9964140
95.0485726
95.0794466
95.1234705
95.1647712
95.1990175
95.2355612
95.2825676
95.3140288
95.3619018
95.3946830
95.4179674
95.4510232
95.4857716
95.5112287
95.5438056
95.5748021
95.5993488
95.6478346
95.6699005
95.6973727
95.7173943
95.7426386
95.7588370
95.7872110
95.8107299
95.8293906
95.8478439
95.8633250
95.8816219
95.9059200
95.9242696
95.9315226
95.9574903
95.9796483
95.9871137
96.0032668
96.0297768
96.0417111
96.0580125
96.0740239
96.0951006
96.1081874
96.1240525
96.1299986
96.1514078
96.1562579
96.1817741
96.2071190
96.2096696
96.2222753
96.2384329
96.2619225
96.2717535
96.2882041
96.2948980
96.3197600
96.3268007
96.3353437
96.3584121
96.3658032
96.3842506
96.4056033
96.4120184
96.4281364
96.4410021
96.4553129
96.4626034
96.4712698
96.4746236
96.4980496
96.5071424
96.5156693
96.5267745
96.5310284
96.5562269
96.5668692
96.5645837
96.5799695
96.5915025
96.5973975
96.6170829
96.6183742
96.6301979
96.6300755
96.6444523
96.6478465
96.6488345
96.6635791
96.6782122
96.6863162
96.6958830
96.7124048
96.7126506
96.7172280
96.7239449
96.7319450
96.7533469
96.7545777
96.7516935
96.7706297
96.7698124
96.7780400
96.7923980
96.8005699
96.7975094
96.8034202
96.8147714
96.8217732
96.8211192
96.8271402
96.8408046
96.8481684
96.8628891
96.8676452
96.8676233
