1.3045363
0.5625553
1.0090846
0.6253547
1.5280000
0.0000000
0.0000000
0.0000000
0.2313333
2.1765277
3.5611523
4.9459248
6.1745401
5.3940187
5.0361353
8.0095527
11.8886687
14.3775791
15.1100736
14.2727688
13.0766251
11.4627058
9.5034892
7.9360253
6.6089464
5.5480074
4.6184494
3.7743852
3.1153899
2.7073836
2.3313721
2.0045085
1.7304082
1.4998718
1.2901892
1.1478363
1.0138663
0.8957684
0.8228565
0.7463303
0.6901678
0.6498918
0.6091272
0.5858597
0.5506192
0.5550806
0.5373406
0.5131879
0.4922346
0.4859076
0.4642353
0.4576406
0.4445840
0.4565309
0.4237360
0.4189702
0.4183279
0.4049425
0.4018159
0.3875914
0.3758064
0.3750872
0.3490552
0.3389674
0.3359487
0.3261380
0.3145003
0.2948551
0.2850115
0.2848372
0.2925641
0.2797646
0.2753571
0.2580254
0.2566377
0.2304835
0.2348792
0.2284693
0.2161918
0.2039864
0.2092792
0.1988282
0.1906958
0.1935212
0.1831605
0.1775625
0.1733173
0.1716152
0.1732801
0.1740134
0.1668253
0.1680655
0.1663043
0.1522264
0.1581652
0.1446198
0.1444891
0.1411225
0.1448616
0.1348810
0.1370215
0.1352225
0.1283814
0.1224337
0.1146541
0.1214240
0.1151810
0.1273255
0.1179199
0.1230176
0.1271543
0.1208580
0.1292311
0.1275731
0.1334891
0.1361927
0.1388948
0.1426791
0.1473341
0.1371034
0.1373034
0.1409555
0.1419217
0.1382976
0.1433163
0.1429724
0.1441003
0.1409704
0.1507588
0.1608001
0.1581996
0.1520285
0.1571432
0.1470472
0.1496960
0.1524904
0.1495177
0.1508590
0.1476384
0.1482116
0.1499793
0.1586947
0.1516267
0.1557634
0.1547636
0.1459391
0.1603240
0.1579121
0.1491435
0.1532333
0.1473944
0.1543927
0.1468128
0.1487630
0.1556085
0.1586274
0.1531978
0.1530918
0.1536316
0.1527511
0.1577854
0.1571786
0.1473190
0.1586730
0.1548103
0.1496388
0.1531811
0.1455541
0.1482640
0.1423806
0.1501259
0.1500763
0.1526689
0.1545840
0.1510725
0.1552940
0.1566965
0.1476836
0.1463276
0.1547938
0.1548957
0.1548383
0.1594017
0.1463937
0.1514544
0.1570265
0.1441697
0.1489049
0.1532086
0.1508988
0.1411957
0.1439267
0.1482116
0.1459094
0.1481891
0.1504563
0.1447281
0.1470125
0.1450762
0.1389300
0.1357858
0.1430361
