12.5838098
11.1037681
12.1285017
12.2924809
13.3400177
11.2366667
11.2366667
11.2366667
11.5551059
14.2398106
17.2101543
21.2546275
25.4158897
28.8653992
31.6160339
38.1606825
46.8195442
54.7551704
61.7595634
67.0126334
70.8825006
73.9171713
76.5158423
78.6835662
80.4059969
81.8350429
83.0165827
84.0980612
84.9964263
85.8101264
86.5248711
87.1636959
87.6987697
88.1846956
88.5995674
89.0281229
89.3623597
89.7001757
89.9872656
90.2791873
90.5512921
90.8183219
91.0569236
91.2655286
91.4696391
91.6782162
91.8589998
92.0358290
92.2051293
92.3819168
92.5319202
92.6908063
92.8343617
92.9831670
93.0897543
93.2125769
93.3453472
93.4472811
93.5768738
93.6817389
93.7874088
93.8934451
93.9682937
94.0571180
94.1424721
94.2278726
94.2943383
94.3441186
94.4218236
94.4980041
94.5667771
94.6165578
94.6810278
94.7181692
94.7942862
94.8250277
94.8822140
94.9249288
94.9811671
95.0184686
95.0601080
95.1012806
95.1451522
95.1949621
95.2255473
95.2699737
95.3002527
95.3494274
95.3832201
95.4285295
95.4572288
95.4936492
95.5271055
95.5494324
95.5913046
95.6154315
95.6479836
95.6653660
95.7049768
95.7222284
95.7514380
95.7808610
95.7998646
95.8139845
95.8488321
95.8827661
95.8992939
95.9406057
95.9493614
95.9744964
96.0101223
96.0226034
96.0559427
96.0714894
96.0973417
96.1203781
96.1494134
96.1743971
96.1898107
96.1978431
96.2203517
96.2342196
96.2520665
96.2722232
96.2929556
96.3086542
96.3266428
96.3422327
96.3724793
96.4059475
96.4073347
96.4179255
96.4317421
96.4395592
96.4695477
96.4769971
96.4843914
96.5029004
96.5207441
96.5315798
96.5511293
96.5731020
96.5855734
96.5998659
96.6066563
96.6142546
96.6468635
96.6610827
96.6670634
96.6806482
96.6865302
96.7116645
96.7126871
96.7233966
96.7440635
96.7527098
96.7666171
96.7755242
96.7849974
96.7945589
96.8076383
96.8317731
96.8251308
96.8427497
96.8513639
96.8538309
96.8659358
96.8722505
96.8782925
96.8798021
96.8932578
96.9075477
96.9154868
96.9198322
96.9284209
96.9504545
96.9610172
96.9547837
96.9689285
96.9840161
96.9887720
96.9953884
97.0113884
97.0099864
97.0200890
97.0269732
97.0233703
97.0308542
97.0466266
97.0569353
97.0480968
97.0498240
97.0632465
97.0705619
97.0815601
97.0848808
97.0808598
97.0985288
97.1024983
97.1064442
97.1056881
97.1183767
