0.6999676
0.9027334
0.4933494
0.4325698
0.4159641
0.4069387
0.4006896
0.3960616
0.3927029
0.3900183
0.3879543
0.3863511
0.3850447
0.3838834
0.3828744
0.3820349
0.3812893
0.3806201
0.3799838
0.3794004
0.3788775
0.3783764
0.3778791
0.3774105
0.3769750
0.3765284
0.3761240
0.3757481
0.3753806
0.3749967
0.3746358
0.3743059
0.3739843
0.3736665
0.3733601
0.3730712
0.3727785
0.3724765
0.3721934
0.3719120
0.3716435
0.3713876
0.3711256
0.3708742
0.3706303
0.3703826
0.3701427
0.3699117
0.3696867
0.3694564
0.3692321
0.3690155
0.3687972
0.3685822
0.3683687
0.3681598
0.3679576
0.3677601
0.3675601
0.3673658
0.3671723
0.3669842
0.3668078
0.3666312
0.3664600
0.3662834
0.3661024
0.3659255
0.3657526
0.3655762
0.3654040
0.3652345
0.3650737
0.3649105
0.3647472
0.3645943
0.3644404
0.3642897
0.3641397
0.3639865
0.3638397
0.3636974
0.3635514
0.3634070
0.3632614
0.3631160
0.3629724
0.3628287
0.3626826
0.3625417
0.3623968
0.3622592
0.3621241
0.3619887
0.3618526
0.3617260
0.3615969
0.3614685
0.3613396
0.3612114
0.3610815
0.3609508
