0.6962834
0.8757356
0.4899283
0.4312497
0.4153003
0.4064388
0.4002475
0.3956447
0.3922893
0.3896080
0.3875601
0.3859485
0.3846329
0.3834588
0.3824431
0.3815769
0.3808093
0.3801274
0.3794831
0.3788898
0.3783535
0.3778358
0.3773176
0.3768285
0.3763833
0.3759210
0.3754873
0.3751063
0.3747217
0.3743147
0.3739337
0.3735955
0.3732554
0.3729273
0.3726112
0.3723089
0.3720050
0.3717044
0.3714139
0.3711281
0.3708425
0.3705786
0.3703095
0.3700487
0.3697966
0.3695433
0.3692956
0.3690616
0.3688263
0.3685853
0.3683543
0.3681269
0.3679002
0.3676695
0.3674416
0.3672292
0.3670174
0.3668068
0.3665976
0.3663942
0.3661941
0.3659955
0.3658055
0.3656183
0.3654355
0.3652502
0.3650612
0.3648724
0.3646873
0.3645046
0.3643261
0.3641482
0.3639757
0.3638012
0.3636313
0.3634674
0.3633011
0.3631404
0.3629805
0.3628168
0.3626578
0.3625046
0.3623456
0.3621862
0.3620299
0.3618733
0.3617192
0.3615636
0.3614107
0.3612584
0.3611004
0.3609513
0.3608045
0.3606576
0.3605095
0.3603680
0.3602306
0.3600893
0.3599478
0.3598043
0.3596613
0.3595166
