0.0059442
0.0435584
0.0055196
0.0021299
0.0010710
0.0008067
0.0007133
0.0006727
0.0006673
0.0006619
0.0006360
0.0006495
0.0006645
0.0006849
0.0006958
0.0007389
0.0007744
0.0007950
0.0008079
0.0008238
0.0008455
0.0008723
0.0009059
0.0009390
0.0009546
0.0009800
0.0010272
0.0010355
0.0010631
0.0011002
0.0011328
0.0011463
0.0011761
0.0011927
0.0012082
0.0012299
0.0012481
0.0012458
0.0012577
0.0012648
0.0012924
0.0013052
0.0013166
0.0013318
0.0013451
0.0013542
0.0013667
0.0013716
0.0013882
0.0014053
0.0014164
0.0014336
0.0014473
0.0014726
0.0014958
0.0015015
0.0015170
0.0015381
0.0015528
0.0015676
0.0015782
0.0015951
0.0016171
0.0016342
0.0016530
0.0016669
0.0016799
0.0016991
0.0017187
0.0017289
0.0017391
0.0017526
0.0017715
0.0017897
0.0018003
0.0018181
0.0018380
0.0018542
0.0018703
0.0018872
0.0019069
0.0019244
0.0019454
0.0019697
0.0019869
0.0020051
0.0020220
0.0020410
0.0020522
0.0020705
0.0020916
0.0021102
0.0021291
0.0021477
0.0021670
0.0021909
0.0022045
0.0022253
0.0022456
0.0022702
0.0022913
0.0023139
