0.7036519
0.9297312
0.4967705
0.4338899
0.4166279
0.4074387
0.4011317
0.3964786
0.3931165
0.3904285
0.3883485
0.3867537
0.3854566
0.3843079
0.3833056
0.3824928
0.3817693
0.3811129
0.3804845
0.3799110
0.3794016
0.3789171
0.3784406
0.3779926
0.3775667
0.3771359
0.3767606
0.3763900
0.3760395
0.3756786
0.3753380
0.3750164
0.3747132
0.3744058
0.3741090
0.3738335
0.3735521
0.3732487
0.3729730
0.3726960
0.3724445
0.3721965
0.3719416
0.3716997
0.3714640
0.3712219
0.3709898
0.3707618
0.3705471
0.3703274
0.3701100
0.3699041
0.3696943
0.3694949
0.3692958
0.3690905
0.3688979
0.3687135
0.3685225
0.3683375
0.3681505
0.3679728
0.3678101
0.3676441
0.3674846
0.3673165
0.3671436
0.3669786
0.3668179
0.3666477
0.3664819
0.3663207
0.3661717
0.3660197
0.3658630
0.3657212
0.3655796
0.3654389
0.3652989
0.3651562
0.3650217
0.3648902
0.3647571
0.3646279
0.3644929
0.3643588
0.3642256
0.3640937
0.3639546
0.3638250
0.3636931
0.3635671
0.3634437
0.3633199
0.3631957
0.3630839
0.3629632
0.3628478
0.3627314
0.3626185
0.3625016
0.3623850
