155.3703046
46.8493435
0.0001168
0.0000399
0.0000874
0.0000588
0.0001016
0.0000747
0.0000698
0.0000474
0.0000205
0.0000323
0.0000326
0.0000366
0.0000212
0.0000279
0.0000168
0.0000268
0.0000148
0.0000166
0.0000167
0.0000104
0.0000077
0.0000088
0.0000130
0.0000064
0.0000080
0.0000050
0.0000056
0.0000125
0.0000083
0.0000070
0.0000092
0.0000050
0.0000049
0.0000078
0.0000044
0.0000048
0.0000065
0.0000060
0.0000034
0.0000022
0.0000039
0.0000033
0.0000037
0.0000030
0.0000040
0.0000046
0.0000021
0.0000026
0.0000019
0.0000032
0.0000024
0.0000038
0.0000019
0.0000024
0.0000022
0.0000048
0.0000014
0.0000014
0.0000020
0.0000032
0.0000033
0.0000018
0.0000015
0.0000022
0.0000014
0.0000025
0.0000012
0.0000011
0.0000017
0.0000011
0.0000015
0.0000014
0.0000012
0.0000014
0.0000014
0.0000017
0.0000011
0.0000014
0.0000009
0.0000024
0.0000018
0.0000017
0.0000015
0.0000020
0.0000009
0.0000013
0.0000006
0.0000010
0.0000029
0.0000009
0.0000009
0.0000008
0.0000011
0.0000012
0.0000007
0.0000016
0.0000013
0.0000011
0.0000012
0.0000010
