155.0991462
46.6415576
0.0000708
0.0000285
0.0000382
0.0000454
0.0000295
0.0000373
0.0000282
0.0000302
0.0000151
0.0000169
0.0000211
0.0000205
0.0000110
0.0000106
0.0000051
0.0000191
0.0000099
0.0000071
0.0000059
0.0000068
0.0000039
0.0000025
0.0000061
0.0000042
0.0000057
0.0000034
0.0000033
0.0000053
0.0000060
0.0000047
0.0000055
0.0000035
0.0000030
0.0000047
0.0000026
0.0000032
0.0000022
0.0000040
0.0000020
0.0000016
0.0000024
0.0000020
0.0000018
0.0000015
0.0000008
0.0000017
0.0000015
0.0000018
0.0000007
0.0000019
0.0000017
0.0000017
0.0000013
0.0000010
0.0000014
0.0000024
0.0000007
0.0000009
0.0000012
0.0000019
0.0000013
0.0000012
0.0000011
0.0000013
0.0000009
0.0000005
0.0000008
0.0000008
0.0000008
0.0000007
0.0000008
0.0000007
0.0000008
0.0000011
0.0000007
0.0000009
0.0000006
0.0000010
0.0000004
0.0000011
0.0000006
0.0000008
0.0000008
-0.0000005
0.0000007
0.0000009
0.0000004
0.0000005
0.0000011
0.0000006
0.0000007
0.0000002
0.0000006
0.0000007
0.0000004
0.0000003
0.0000003
0.0000007
0.0000007
0.0000004
