0.4374889
0.3352433
0.0000743
0.0000183
0.0000794
0.0000217
0.0001163
0.0000603
0.0000672
0.0000278
0.0000086
0.0000248
0.0000185
0.0000260
0.0000165
0.0000279
0.0000190
0.0000124
0.0000078
0.0000153
0.0000174
0.0000058
0.0000060
0.0000101
0.0000112
0.0000035
0.0000036
0.0000026
0.0000038
0.0000117
0.0000038
0.0000037
0.0000060
0.0000024
0.0000032
0.0000050
0.0000029
0.0000025
0.0000070
0.0000032
0.0000023
0.0000010
0.0000023
0.0000021
0.0000030
0.0000024
0.0000053
0.0000047
0.0000010
0.0000012
0.0000020
0.0000020
0.0000011
0.0000034
0.0000010
0.0000023
0.0000012
0.0000039
0.0000011
0.0000008
0.0000012
0.0000021
0.0000032
0.0000010
0.0000008
0.0000015
0.0000008
0.0000033
0.0000006
0.0000004
0.0000015
0.0000007
0.0000012
0.0000012
0.0000006
0.0000005
0.0000011
0.0000013
0.0000008
0.0000006
0.0000009
0.0000020
0.0000019
0.0000014
0.0000011
0.0000041
0.0000004
0.0000007
0.0000002
0.0000008
0.0000029
0.0000006
0.0000004
0.0000010
0.0000007
0.0000008
0.0000003
0.0000021
0.0000017
0.0000006
0.0000007
0.0000009
