155.6414630
47.0571295
0.0001629
0.0000512
0.0001366
0.0000722
0.0001736
0.0001120
0.0001115
0.0000647
0.0000258
0.0000477
0.0000440
0.0000527
0.0000315
0.0000452
0.0000286
0.0000345
0.0000196
0.0000261
0.0000275
0.0000139
0.0000114
0.0000150
0.0000200
0.0000085
0.0000102
0.0000066
0.0000080
0.0000197
0.0000107
0.0000092
0.0000130
0.0000065
0.0000069
0.0000109
0.0000062
0.0000064
0.0000108
0.0000080
0.0000048
0.0000028
0.0000053
0.0000046
0.0000055
0.0000045
0.0000073
0.0000075
0.0000028
0.0000033
0.0000031
0.0000044
0.0000030
0.0000060
0.0000025
0.0000038
0.0000030
0.0000072
0.0000021
0.0000019
0.0000027
0.0000045
0.0000053
0.0000024
0.0000020
0.0000031
0.0000019
0.0000046
0.0000015
0.0000014
0.0000026
0.0000016
0.0000023
0.0000021
0.0000016
0.0000017
0.0000021
0.0000025
0.0000016
0.0000017
0.0000015
0.0000037
0.0000030
0.0000026
0.0000022
0.0000045
0.0000012
0.0000017
0.0000007
0.0000016
0.0000047
0.0000013
0.0000012
0.0000014
0.0000015
0.0000017
0.0000009
0.0000029
0.0000024
0.0000015
0.0000016
0.0000015
