155.5162904
46.7663052
0.0017456
0.0041806
0.0065369
0.0056176
0.0035734
0.0023035
0.0016578
0.0012830
0.0010464
0.0008854
0.0007644
0.0006732
0.0006033
0.0005459
0.0004995
0.0004607
0.0004278
0.0003998
0.0003754
0.0003545
0.0003356
0.0003191
0.0003046
0.0002915
0.0002797
0.0002688
0.0002590
0.0002498
0.0002414
0.0002335
0.0002263
0.0002194
0.0002130
0.0002070
0.0002014
0.0001961
0.0001910
0.0001862
0.0001817
0.0001774
0.0001733
0.0001694
0.0001657
0.0001622
0.0001588
0.0001556
0.0001526
0.0001497
0.0001468
0.0001442
0.0001417
0.0001393
0.0001370
0.0001348
0.0001327
0.0001307
0.0001288
0.0001269
0.0001250
0.0001232
0.0001215
0.0001197
0.0001181
0.0001165
0.0001150
0.0001136
0.0001122
0.0001109
0.0001097
0.0001084
0.0001072
0.0001061
0.0001048
0.0001037
0.0001025
0.0001014
0.0001005
0.0000994
0.0000985
0.0000975
0.0000965
0.0000956
0.0000946
0.0000936
0.0000927
0.0000918
0.0000909
0.0000901
0.0000893
0.0000886
0.0000879
0.0000872
0.0000865
0.0000858
0.0000851
0.0000845
0.0000839
0.0000833
0.0000828
0.0000822
