0.9999840
0.9964854
0.8784376
0.7609186
0.6744912
0.6060456
0.5475010
0.4989174
0.4588804
0.4251659
0.3963525
0.3695392
0.3490794
0.3314324
0.3175350
0.3021212
0.2914544
0.2853719
0.2759836
0.2643483
0.2554028
0.2480318
0.2413375
0.2344842
0.2306947
0.2269052
0.2187075
0.2134826
0.2093912
0.2078519
0.2049230
0.1982307
0.1953599
0.1917733
0.1895652
0.1868133
0.1856018
0.1815674
0.1771951
0.1782767
0.1756697
0.1715154
0.1679638
0.1635276
0.1630328
0.1609356
0.1582737
0.1564394
0.1566723
0.1577759
0.1548051
0.1550630
0.1530678
0.1570502
0.1529468
0.1535776
0.1518163
0.1478059
0.1454168
0.1428868
0.1402759
0.1410406
0.1398691
0.1376349
0.1376909
0.1384876
0.1372841
0.1353788
0.1342363
0.1333647
0.1331327
0.1321631
0.1347011
0.1341323
0.1335356
0.1331917
0.1334856
0.1312025
0.1318233
0.1286196
0.1256767
0.1238655
0.1251449
0.1223900
0.1216553
0.1245202
0.1249490
0.1262645
0.1264434
0.1261405
0.1244052
0.1227299
0.1220362
0.1195412
0.1213105
0.1221401
0.1200630
0.1223301
0.1211455
0.1238305
0.1209236
0.1190654
0.1184986
0.1221451
0.1222261
0.1236046
0.1222121
0.1205918
0.1197651
0.1163944
0.1150390
0.1134496
0.1116263
0.1142263
0.1140114
0.1149560
0.1153888
0.1170392
0.1197611
0.1210336
0.1180028
0.1164084
0.1162735
0.1155378
0.1149150
0.1126120
0.1125270
0.1126050
0.1142693
0.1134116
0.1142953
0.1140584
0.1152169
0.1152589
0.1145782
0.1133277
0.1120362
0.1108816
0.1096491
0.1084066
0.1107267
0.1105808
0.1096261
0.1079988
0.1081317
0.1087375
0.1110566
0.1114234
0.1149070
0.1152779
0.1126409
0.1111066
0.1088365
0.1082197
0.1087955
0.1095162
0.1081997
0.1085806
0.1089394
0.1113515
0.1152359
0.1141273
0.1141973
0.1118253
0.1095052
0.1061835
0.1063774
0.1074470
0.1085966
0.1088235
0.1103709
0.1096411
0.1088015
0.1091273
0.1102709
0.1100230
0.1085506
0.1110586
0.1118882
0.1125000
0.1116803
0.1118233
0.1155848
0.1136585
0.1116843
0.1122041
0.1110486
0.1121172
0.1113974
0.1105028
0.1106098
0.1092593
0.1082667
0.1083057
0.1072581
0.1058687
0.1067813
0.1081927
0.1104758
0.1093633
0.1109906
0.1115364
