0.9999755
0.9963240
0.8722333
0.7509241
0.6618909
0.5933516
0.5351122
0.4856368
0.4470209
0.4130548
0.3861360
0.3594117
0.3402461
0.3238554
0.3112028
0.2935624
0.2838957
0.2813603
0.2716995
0.2594104
0.2512089
0.2437738
0.2377663
0.2325519
0.2277110
0.2202279
0.2147037
0.2093092
0.2054956
0.2040154
0.2012364
0.1937396
0.1922868
0.1870486
0.1854968
0.1813952
0.1820082
0.1781751
0.1728471
0.1723624
0.1679157
0.1655021
0.1619663
0.1583735
0.1596163
0.1577372
0.1543918
0.1502345
0.1526490
0.1534271
0.1513281
0.1495239
0.1464238
0.1502817
0.1465727
0.1444401
0.1440132
0.1408576
0.1391273
0.1381523
0.1366405
0.1350935
0.1361998
0.1341295
0.1343845
0.1342852
0.1320625
0.1322561
0.1299824
0.1274334
0.1279815
0.1284942
0.1294902
0.1306397
0.1280675
0.1268776
0.1311077
0.1293781
0.1278716
0.1251152
0.1216021
0.1186346
0.1215892
0.1186865
0.1178597
0.1181044
0.1196288
0.1232009
0.1241146
0.1223787
0.1204469
0.1198087
0.1172362
0.1158956
0.1169596
0.1163813
0.1124798
0.1150935
0.1144387
0.1169094
0.1150335
0.1117948
0.1106765
0.1173506
0.1177835
0.1170252
0.1145322
0.1138080
0.1132981
0.1090961
0.1086045
0.1067614
0.1065615
0.1075882
0.1074075
0.1083126
0.1097368
0.1065422
0.1083001
0.1110453
0.1086751
0.1084677
0.1091869
0.1085689
0.1071720
0.1066294
0.1072869
0.1059107
0.1060341
0.1061794
0.1098661
0.1104249
0.1108492
0.1107415
0.1090592
0.1069332
0.1059478
0.1055496
0.1036703
0.1029732
0.1067349
0.1069424
0.1038302
0.1021838
0.1029846
0.1021207
0.1049359
0.1071458
0.1123079
0.1102032
0.1082799
0.1072395
0.1045563
0.1040765
0.1052943
0.1073290
0.1055797
0.1037707
0.1007341
0.0996792
0.1009925
0.1024095
0.1045429
0.1038278
0.1024971
0.1001179
0.0993418
0.1022422
0.1020631
0.1034373
0.1041315
0.1026145
0.1034793
0.1039714
0.1043845
0.1011638
0.0995018
0.0988960
0.1002970
0.1007275
0.1000705
0.1009125
0.1037466
0.1020775
0.0987321
0.0997297
0.0987286
0.1017160
0.1020244
0.1016408
0.1020593
0.1011275
0.0997348
0.0973968
0.0972742
0.0973230
0.1005323
0.1028810
0.1049204
0.1031811
0.1064988
0.1076367
