0.0000097
0.0001841
0.0070782
0.0114023
0.0143751
0.0144819
0.0141338
0.0151512
0.0135299
0.0138170
0.0116555
0.0115539
0.0100775
0.0086442
0.0072240
0.0097643
0.0086234
0.0045766
0.0048876
0.0056334
0.0047847
0.0048577
0.0040742
0.0022045
0.0034040
0.0076179
0.0045677
0.0047612
0.0044443
0.0043768
0.0042059
0.0051237
0.0035059
0.0053902
0.0046414
0.0061812
0.0040998
0.0038701
0.0049604
0.0067473
0.0088461
0.0068603
0.0068423
0.0058801
0.0038978
0.0036489
0.0044287
0.0070789
0.0045900
0.0049613
0.0039667
0.0063193
0.0075797
0.0077218
0.0072719
0.0104245
0.0089021
0.0079269
0.0071755
0.0054014
0.0041474
0.0067847
0.0041861
0.0039992
0.0037721
0.0047943
0.0059570
0.0035626
0.0048530
0.0067667
0.0058768
0.0041857
0.0059448
0.0039845
0.0062383
0.0072035
0.0027128
0.0020813
0.0045083
0.0039979
0.0046486
0.0059676
0.0040566
0.0042252
0.0043302
0.0073195
0.0060696
0.0034951
0.0026568
0.0042917
0.0045158
0.0033326
0.0054761
0.0041591
0.0049637
0.0065699
0.0086513
0.0082558
0.0076515
0.0078959
0.0067198
0.0082946
0.0089239
0.0054698
0.0050683
0.0075061
0.0087617
0.0077393
0.0073779
0.0083263
0.0073408
0.0076302
0.0057782
0.0075731
0.0075340
0.0075792
0.0064481
0.0119755
0.0130753
0.0113952
0.0106415
0.0090592
0.0080847
0.0079504
0.0088337
0.0068252
0.0059782
0.0076371
0.0093951
0.0082509
0.0050530
0.0041453
0.0049829
0.0051537
0.0062963
0.0072951
0.0069460
0.0060831
0.0068210
0.0061988
0.0045540
0.0041508
0.0066123
0.0066340
0.0058722
0.0075488
0.0069828
0.0048802
0.0029652
0.0057894
0.0049753
0.0044118
0.0048831
0.0047268
0.0039943
0.0024953
0.0029891
0.0054873
0.0093611
0.0133163
0.0162496
0.0133683
0.0110142
0.0091239
0.0079952
0.0069200
0.0080267
0.0059379
0.0074537
0.0061449
0.0071181
0.0080163
0.0060719
0.0058821
0.0067155
0.0101071
0.0103233
0.0138757
0.0132238
0.0134307
0.0132451
0.0124475
0.0135056
0.0132122
0.0147766
0.0142315
0.0140552
0.0118661
0.0106932
0.0101103
0.0097548
0.0092771
0.0097336
0.0124454
0.0113902
0.0097493
0.0071292
0.0060599
0.0063379
0.0070529
0.0051245
0.0044489
