0.9999925
0.9966468
0.8846419
0.7709132
0.6870915
0.6187396
0.5598898
0.5121980
0.4707399
0.4372770
0.4065689
0.3796666
0.3579126
0.3390094
0.3238671
0.3106799
0.2990131
0.2893834
0.2802678
0.2692862
0.2595968
0.2522898
0.2449087
0.2364165
0.2336784
0.2335826
0.2227113
0.2176560
0.2132869
0.2116883
0.2086097
0.2027218
0.1984329
0.1964980
0.1936335
0.1922313
0.1891954
0.1849597
0.1815431
0.1841909
0.1834237
0.1775287
0.1739613
0.1686817
0.1664493
0.1641340
0.1621556
0.1626444
0.1606956
0.1621247
0.1582821
0.1606020
0.1597117
0.1638186
0.1593209
0.1627150
0.1596193
0.1547541
0.1517064
0.1476214
0.1439113
0.1469876
0.1435383
0.1411404
0.1409973
0.1426900
0.1425057
0.1385016
0.1384902
0.1392959
0.1382840
0.1358321
0.1399120
0.1376249
0.1390037
0.1395059
0.1358635
0.1330269
0.1357750
0.1321239
0.1297514
0.1290963
0.1287007
0.1260936
0.1254510
0.1309360
0.1302693
0.1293281
0.1287722
0.1299024
0.1283636
0.1256511
0.1268362
0.1231868
0.1256614
0.1278989
0.1276462
0.1295666
0.1278524
0.1307515
0.1268138
0.1263359
0.1263207
0.1269396
0.1266687
0.1301839
0.1298920
0.1273755
0.1262321
0.1236928
0.1214735
0.1201378
0.1166912
0.1208645
0.1206153
0.1215994
0.1210409
0.1275361
0.1312221
0.1310219
0.1273305
0.1243492
0.1233601
0.1225066
0.1226581
0.1185945
0.1177671
0.1192992
0.1225045
0.1206439
0.1187244
0.1176919
0.1195846
0.1197763
0.1200971
0.1197221
0.1181246
0.1162137
0.1156280
0.1138401
0.1147185
0.1142191
0.1154221
0.1138138
0.1132789
0.1153543
0.1171773
0.1157011
0.1175061
0.1203526
0.1170020
0.1149737
0.1131167
0.1123630
0.1122966
0.1117034
0.1108198
0.1133904
0.1171448
0.1230238
0.1294793
0.1258452
0.1238517
0.1198227
0.1165133
0.1122492
0.1134131
0.1126518
0.1151300
0.1142097
0.1166102
0.1166678
0.1141237
0.1142833
0.1161573
0.1188822
0.1175994
0.1232212
0.1234795
0.1242725
0.1232902
0.1227340
0.1274229
0.1252395
0.1246366
0.1246786
0.1233685
0.1225183
0.1207704
0.1193648
0.1191602
0.1173911
0.1167985
0.1192146
0.1172420
0.1144143
0.1130303
0.1135044
0.1160312
0.1155454
0.1154824
0.1154360
