0.6959552
0.5872500
0.5421308
0.5208641
0.4779676
0.4311567
0.4001852
0.3825900
0.3720605
0.3648964
0.3597339
0.3557119
0.3525457
0.3500613
0.3479770
0.3462398
0.3447607
0.3434589
0.3423149
0.3413538
0.3404875
0.3397286
0.3390396
0.3384176
0.3378403
0.3373505
0.3369100
0.3364819
0.3360310
0.3356625
0.3352798
0.3349688
0.3346843
0.3343949
0.3341407
0.3338827
0.3336567
0.3334252
0.3332186
0.3330231
0.3328467
0.3326699
0.3325192
0.3323312
0.3321993
0.3320608
0.3319381
0.3317862
0.3316510
0.3315063
0.3313904
0.3312728
0.3311500
0.3310493
0.3309317
0.3308517
0.3307662
0.3306717
0.3305903
0.3305252
0.3304401
0.3303545
0.3302662
0.3302040
0.3301218
0.3300558
0.3299874
0.3299251
0.3298718
0.3298295
0.3297801
0.3297373
0.3296852
0.3296436
0.3295752
0.3295259
0.3294708
0.3294140
0.3293732
0.3293315
0.3292792
0.3292408
0.3291882
0.3291505
0.3291140
0.3290713
0.3290303
0.3290019
0.3289725
0.3289328
0.3289144
0.3288774
0.3288421
0.3288130
0.3287836
0.3287463
0.3287104
0.3286827
0.3286615
0.3286352
0.3286202
0.3285969
