0.6890064
0.5784222
0.5404224
0.5145200
0.4664582
0.4211274
0.3939407
0.3787828
0.3693259
0.3628265
0.3580880
0.3542576
0.3513182
0.3489722
0.3469587
0.3453328
0.3439074
0.3426591
0.3415462
0.3405894
0.3397540
0.3389925
0.3383099
0.3377213
0.3371532
0.3366621
0.3362397
0.3358289
0.3353969
0.3350257
0.3346381
0.3343238
0.3340451
0.3337632
0.3335084
0.3332397
0.3330114
0.3327945
0.3325860
0.3324039
0.3322202
0.3320345
0.3318875
0.3317178
0.3315878
0.3314569
0.3313335
0.3311764
0.3310282
0.3308853
0.3307793
0.3306782
0.3305589
0.3304534
0.3303350
0.3302547
0.3301757
0.3300778
0.3300058
0.3299281
0.3298546
0.3297779
0.3296942
0.3296361
0.3295433
0.3294772
0.3294070
0.3293452
0.3292873
0.3292465
0.3292093
0.3291661
0.3291160
0.3290671
0.3290075
0.3289602
0.3289077
0.3288626
0.3288256
0.3287833
0.3287395
0.3287026
0.3286495
0.3286072
0.3285675
0.3285272
0.3284876
0.3284625
0.3284298
0.3283877
0.3283689
0.3283301
0.3283018
0.3282839
0.3282599
0.3282177
0.3281838
0.3281561
0.3281394
0.3281175
0.3281041
0.3280850
