0.0112112
0.0142429
0.0027564
0.0102356
0.0185694
0.0161813
0.0100749
0.0061427
0.0044120
0.0033396
0.0026556
0.0023465
0.0019805
0.0017572
0.0016430
0.0014634
0.0013766
0.0012905
0.0012403
0.0012332
0.0011835
0.0011877
0.0011773
0.0011235
0.0011085
0.0011107
0.0010816
0.0010534
0.0010230
0.0010273
0.0010353
0.0010406
0.0010313
0.0010193
0.0010202
0.0010374
0.0010412
0.0010176
0.0010206
0.0009990
0.0010108
0.0010251
0.0010192
0.0009896
0.0009866
0.0009744
0.0009754
0.0009838
0.0010047
0.0010019
0.0009859
0.0009593
0.0009537
0.0009615
0.0009628
0.0009631
0.0009527
0.0009583
0.0009430
0.0009633
0.0009446
0.0009303
0.0009228
0.0009162
0.0009334
0.0009336
0.0009364
0.0009356
0.0009430
0.0009405
0.0009210
0.0009216
0.0009184
0.0009301
0.0009159
0.0009127
0.0009085
0.0008897
0.0008836
0.0008846
0.0008709
0.0008682
0.0008691
0.0008765
0.0008817
0.0008779
0.0008756
0.0008704
0.0008756
0.0008796
0.0008800
0.0008831
0.0008717
0.0008537
0.0008450
0.0008529
0.0008496
0.0008496
0.0008423
0.0008352
0.0008326
0.0008259
