0.7029040
0.5960779
0.5438392
0.5272082
0.4894771
0.4411859
0.4064297
0.3863973
0.3747951
0.3669663
0.3613799
0.3571663
0.3537732
0.3511505
0.3489954
0.3471469
0.3456139
0.3442587
0.3430837
0.3421182
0.3412210
0.3404647
0.3397692
0.3391140
0.3385273
0.3380389
0.3375804
0.3371348
0.3366651
0.3362992
0.3359215
0.3356138
0.3353235
0.3350267
0.3347730
0.3345257
0.3343020
0.3340559
0.3338512
0.3336423
0.3334732
0.3333052
0.3331509
0.3329446
0.3328108
0.3326647
0.3325427
0.3323959
0.3322737
0.3321273
0.3320014
0.3318674
0.3317411
0.3316453
0.3315284
0.3314486
0.3313567
0.3312657
0.3311747
0.3311222
0.3310256
0.3309311
0.3308381
0.3307718
0.3307004
0.3306344
0.3305678
0.3305049
0.3304563
0.3304124
0.3303509
0.3303086
0.3302544
0.3302201
0.3301429
0.3300916
0.3300339
0.3299655
0.3299209
0.3298798
0.3298190
0.3297789
0.3297269
0.3296938
0.3296605
0.3296154
0.3295730
0.3295414
0.3295151
0.3294780
0.3294598
0.3294248
0.3293824
0.3293421
0.3293073
0.3292749
0.3292370
0.3292093
0.3291836
0.3291529
0.3291363
0.3291089
