156.8528555
45.4453043
0.0054727
0.0019744
0.0012239
0.0008318
0.0005752
0.0004940
0.0004306
0.0004117
0.0003515
0.0003282
0.0003090
0.0002946
0.0002850
0.0002854
0.0002782
0.0002709
0.0002698
0.0002704
0.0002712
0.0002647
0.0002310
0.0002390
0.0002388
0.0002352
0.0002274
0.0002396
0.0002414
0.0002387
0.0002210
0.0002370
0.0002403
0.0002396
0.0002438
0.0002678
0.0002732
0.0002737
0.0002272
0.0002193
0.0002178
0.0002164
0.0002185
0.0002424
0.0002497
0.0002527
0.0001986
0.0002126
0.0002225
0.0002234
0.0001901
0.0002157
0.0002280
0.0002330
0.0001795
0.0001979
0.0002107
0.0002163
0.0001660
0.0001736
0.0001800
0.0001840
0.0001633
0.0001860
0.0001979
0.0002021
0.0001613
0.0001830
0.0001984
0.0002049
0.0001729
0.0001898
0.0002019
0.0002072
0.0001989
0.0002739
0.0003213
0.0003462
0.0001614
0.0001644
0.0001839
0.0001956
0.0001594
0.0001635
0.0001708
0.0001751
0.0001447
0.0001619
0.0001771
0.0001856
0.0001444
0.0001560
0.0001689
0.0001770
0.0001508
0.0001533
0.0001587
0.0001616
0.0001780
0.0002144
0.0002407
0.0002551
