156.2861508
44.6722121
0.0053138
0.0018494
0.0011114
0.0007354
0.0005490
0.0004659
0.0004083
0.0003775
0.0003331
0.0003074
0.0002903
0.0002711
0.0002507
0.0002444
0.0002390
0.0002297
0.0002259
0.0002199
0.0002135
0.0002153
0.0002081
0.0002119
0.0002098
0.0002069
0.0002093
0.0002200
0.0002197
0.0002170
0.0001822
0.0001879
0.0001880
0.0001876
0.0002006
0.0002089
0.0002096
0.0002098
0.0001797
0.0001759
0.0001739
0.0001735
0.0001802
0.0001921
0.0001947
0.0001945
0.0001526
0.0001627
0.0001705
0.0001705
0.0001673
0.0001816
0.0001888
0.0001900
0.0001498
0.0001667
0.0001724
0.0001749
0.0001402
0.0001327
0.0001342
0.0001355
0.0001384
0.0001538
0.0001613
0.0001643
0.0001371
0.0001565
0.0001678
0.0001728
0.0001380
0.0001447
0.0001470
0.0001478
0.0001411
0.0001274
0.0001237
0.0001214
0.0001293
0.0001497
0.0001607
0.0001640
0.0001371
0.0001420
0.0001428
0.0001419
0.0001317
0.0001439
0.0001518
0.0001560
0.0001185
0.0001284
0.0001373
0.0001414
0.0001094
0.0001122
0.0001185
0.0001226
0.0001057
0.0000920
0.0000882
0.0000871
