0.9143254
1.2473123
0.0002564
0.0002016
0.0001815
0.0001555
0.0000424
0.0000453
0.0000359
0.0000550
0.0000297
0.0000335
0.0000303
0.0000380
0.0000554
0.0000661
0.0000631
0.0000664
0.0000708
0.0000815
0.0000931
0.0000797
0.0000369
0.0000437
0.0000468
0.0000456
0.0000292
0.0000316
0.0000350
0.0000349
0.0000625
0.0000793
0.0000844
0.0000839
0.0000698
0.0000949
0.0001026
0.0001030
0.0000767
0.0000701
0.0000709
0.0000692
0.0000617
0.0000811
0.0000886
0.0000940
0.0000741
0.0000805
0.0000839
0.0000853
0.0000369
0.0000551
0.0000633
0.0000695
0.0000479
0.0000503
0.0000617
0.0000669
0.0000415
0.0000660
0.0000739
0.0000782
0.0000401
0.0000520
0.0000590
0.0000610
0.0000391
0.0000428
0.0000495
0.0000517
0.0000564
0.0000729
0.0000886
0.0000959
0.0000932
0.0002363
0.0003188
0.0003627
0.0000517
0.0000237
0.0000374
0.0000510
0.0000361
0.0000347
0.0000451
0.0000535
0.0000210
0.0000291
0.0000408
0.0000477
0.0000418
0.0000446
0.0000510
0.0000574
0.0000668
0.0000664
0.0000648
0.0000629
0.0001167
0.0001974
0.0002460
0.0002712
