157.4195603
46.2183964
0.0056316
0.0020993
0.0013363
0.0009282
0.0006015
0.0005221
0.0004528
0.0004458
0.0003699
0.0003489
0.0003278
0.0003182
0.0003194
0.0003264
0.0003173
0.0003120
0.0003136
0.0003210
0.0003289
0.0003141
0.0002539
0.0002661
0.0002678
0.0002635
0.0002455
0.0002591
0.0002631
0.0002603
0.0002597
0.0002861
0.0002926
0.0002916
0.0002871
0.0003266
0.0003368
0.0003375
0.0002747
0.0002627
0.0002617
0.0002593
0.0002567
0.0002926
0.0003046
0.0003110
0.0002445
0.0002626
0.0002745
0.0002763
0.0002130
0.0002498
0.0002673
0.0002761
0.0002092
0.0002291
0.0002489
0.0002578
0.0001917
0.0002145
0.0002259
0.0002325
0.0001881
0.0002182
0.0002344
0.0002399
0.0001856
0.0002096
0.0002291
0.0002370
0.0002079
0.0002350
0.0002568
0.0002667
0.0002567
0.0004203
0.0005189
0.0005709
0.0001934
0.0001792
0.0002070
0.0002272
0.0001818
0.0001850
0.0001988
0.0002082
0.0001578
0.0001800
0.0002024
0.0002151
0.0001703
0.0001837
0.0002005
0.0002126
0.0001922
0.0001945
0.0001988
0.0002006
0.0002503
0.0003367
0.0003931
0.0004232
