2.3084873
3.5766120
0.2032343
0.1604049
0.1467216
0.1400402
0.1355442
0.1318088
0.1286482
0.1260300
0.1234494
0.1212402
0.1192528
0.1172302
0.1155381
0.1140553
0.1128024
0.1114728
0.1101544
0.1090479
0.1080009
0.1069344
0.1060582
0.1051403
0.1042904
0.1034892
0.1027478
0.1019744
0.1012502
0.1006316
0.1000469
0.0994672
0.0989361
0.0984179
0.0979411
0.0974796
0.0971214
0.0967380
0.0962312
0.0957338
0.0952956
0.0948747
0.0945057
0.0941436
0.0937983
0.0934536
0.0931397
0.0928369
0.0925742
0.0923220
0.0920770
0.0917451
0.0914251
0.0911376
0.0908567
0.0906277
0.0903712
0.0901263
0.0899732
0.0897191
0.0894841
0.0893243
0.0890844
0.0888906
0.0886441
0.0884611
0.0882333
0.0879857
0.0877899
0.0876077
0.0875096
0.0872713
0.0871032
0.0869016
0.0867837
0.0865987
0.0864133
0.0862689
0.0860938
0.0859669
0.0858260
0.0856233
0.0854470
0.0853459
0.0852348
0.0851343
0.0850004
0.0848821
0.0847503
0.0847561
0.0846243
0.0844389
0.0842693
0.0842095
0.0840254
0.0839252
0.0838161
0.0837342
0.0836642
0.0836421
0.0834862
0.0833161
0.0831837
0.0830667
0.0829564
0.0829236
0.0827524
0.0825504
0.0824102
0.0823068
0.0821963
0.0821331
0.0820153
0.0818046
0.0816528
0.0815341
0.0814457
0.0814138
0.0814095
0.0813281
0.0812328
0.0811721
0.0810449
0.0809599
0.0808432
0.0807189
0.0806101
0.0805091
0.0804266
0.0804037
0.0803853
0.0802749
0.0801652
0.0800795
0.0800399
0.0800019
0.0798919
0.0798524
0.0797870
0.0796755
0.0795225
0.0794409
0.0793524
0.0793453
0.0793798
0.0792954
0.0791640
0.0790833
0.0789593
0.0788847
0.0788004
0.0786893
0.0786902
0.0786750
0.0786417
0.0785344
0.0783759
0.0782006
0.0780635
0.0779397
0.0779666
0.0779466
0.0780017
0.0779548
0.0778096
0.0776427
0.0775375
0.0775855
0.0774134
0.0772296
0.0770718
0.0769966
0.0769417
0.0770238
0.0770660
0.0771688
0.0771518
0.0771985
0.0771639
0.0770148
0.0768596
0.0767140
0.0765946
0.0764883
0.0763357
0.0762586
0.0762399
0.0762149
0.0762100
0.0761676
0.0760922
0.0761768
0.0761247
0.0760676
0.0760088
0.0759432
0.0759113
0.0758364
0.0758514
0.0758833
0.0758183
0.0757143
