2.3070877
3.2343774
0.1793636
0.1481361
0.1382612
0.1333047
0.1295643
0.1263764
0.1236117
0.1211406
0.1187606
0.1167800
0.1148306
0.1128908
0.1112375
0.1096818
0.1083493
0.1070638
0.1057589
0.1046811
0.1036802
0.1027345
0.1019437
0.1010248
0.1001445
0.0992978
0.0985897
0.0978005
0.0971794
0.0966635
0.0961246
0.0955491
0.0950050
0.0945720
0.0942020
0.0937397
0.0933958
0.0930323
0.0925439
0.0920811
0.0917105
0.0913342
0.0910311
0.0906503
0.0903623
0.0900523
0.0898012
0.0894636
0.0892183
0.0889139
0.0886741
0.0884368
0.0881906
0.0878924
0.0875823
0.0873772
0.0871066
0.0868469
0.0866704
0.0865081
0.0863292
0.0862107
0.0858532
0.0856225
0.0853326
0.0851149
0.0848839
0.0846655
0.0845031
0.0843549
0.0843966
0.0841326
0.0839635
0.0837606
0.0836786
0.0835164
0.0833487
0.0832570
0.0830381
0.0829767
0.0829137
0.0826342
0.0824510
0.0823504
0.0822827
0.0822614
0.0821263
0.0820391
0.0819252
0.0820731
0.0819477
0.0816929
0.0814987
0.0815217
0.0812650
0.0811562
0.0810339
0.0808910
0.0808235
0.0808629
0.0807715
0.0805684
0.0804407
0.0803580
0.0801854
0.0799832
0.0798613
0.0797493
0.0796617
0.0795537
0.0794214
0.0793389
0.0792469
0.0791319
0.0790607
0.0789763
0.0788647
0.0788262
0.0788649
0.0787425
0.0786285
0.0785881
0.0784525
0.0783547
0.0782365
0.0780932
0.0780087
0.0779482
0.0778728
0.0777874
0.0777787
0.0776922
0.0775877
0.0774705
0.0774164
0.0773721
0.0772719
0.0772650
0.0772098
0.0770989
0.0769871
0.0768899
0.0767740
0.0768077
0.0767664
0.0767312
0.0766366
0.0765666
0.0764396
0.0763627
0.0762910
0.0762350
0.0761668
0.0761012
0.0761030
0.0760546
0.0758891
0.0756894
0.0755163
0.0753426
0.0752901
0.0752862
0.0753470
0.0752500
0.0750915
0.0750174
0.0750198
0.0749477
0.0748568
0.0747404
0.0746325
0.0745565
0.0744664
0.0745392
0.0745853
0.0746054
0.0745257
0.0745083
0.0744164
0.0742814
0.0741619
0.0739951
0.0738736
0.0737796
0.0736692
0.0736169
0.0735978
0.0736107
0.0735994
0.0735664
0.0735451
0.0736411
0.0736577
0.0736014
0.0734950
0.0734078
0.0733220
0.0732393
0.0732265
0.0732526
0.0731860
0.0730235
