0.0015968
0.3904386
0.0272329
0.0139969
0.0096521
0.0076842
0.0068222
0.0061976
0.0057459
0.0055781
0.0053492
0.0050884
0.0050451
0.0049505
0.0049063
0.0049894
0.0050803
0.0050299
0.0050146
0.0049818
0.0049294
0.0047915
0.0046941
0.0046952
0.0047299
0.0047817
0.0047437
0.0047619
0.0046443
0.0045270
0.0044747
0.0044700
0.0044848
0.0043876
0.0042658
0.0042666
0.0042503
0.0042277
0.0042067
0.0041671
0.0040900
0.0040391
0.0039640
0.0039853
0.0039199
0.0038803
0.0038088
0.0038484
0.0038286
0.0038881
0.0038822
0.0037743
0.0036900
0.0037023
0.0037356
0.0037083
0.0037244
0.0037413
0.0037680
0.0036633
0.0035993
0.0035521
0.0036864
0.0037284
0.0037779
0.0038175
0.0038212
0.0037878
0.0037497
0.0037110
0.0035515
0.0035808
0.0035819
0.0035835
0.0035425
0.0035165
0.0034963
0.0034362
0.0034861
0.0034113
0.0033225
0.0034101
0.0034180
0.0034175
0.0033679
0.0032775
0.0032789
0.0032435
0.0032231
0.0030610
0.0030536
0.0031329
0.0031609
0.0030664
0.0031492
0.0031591
0.0031740
0.0032437
0.0032408
0.0031706
0.0030971
0.0031348
0.0031294
0.0030902
0.0031613
0.0033545
0.0032984
0.0031957
0.0031357
0.0031409
0.0031657
0.0031877
0.0031583
0.0030492
0.0029571
0.0029181
0.0029445
0.0029521
0.0029031
0.0029499
0.0029711
0.0029479
0.0029576
0.0029721
0.0029739
0.0029956
0.0029677
0.0029216
0.0029135
0.0029849
0.0029738
0.0029465
0.0029406
0.0029765
0.0029930
0.0030002
0.0029890
0.0029518
0.0029402
0.0029395
0.0028925
0.0029103
0.0029415
0.0028951
0.0029815
0.0029253
0.0028834
0.0028712
0.0028746
0.0028772
0.0028629
0.0028001
0.0028788
0.0029363
0.0028962
0.0028291
0.0028371
0.0028649
0.0029059
0.0029628
0.0030535
0.0030351
0.0030287
0.0030857
0.0031009
0.0029951
0.0028723
0.0030093
0.0029167
0.0028399
0.0027829
0.0027839
0.0028241
0.0028346
0.0028300
0.0029245
0.0029960
0.0030691
0.0031345
0.0031184
0.0030777
0.0031019
0.0031042
0.0030902
0.0030421
0.0030138
0.0030143
0.0029710
0.0029783
0.0029675
0.0029059
0.0028928
0.0028145
0.0028136
0.0028678
0.0028926
0.0029540
0.0029629
0.0029946
0.0030013
0.0030030
0.0030699
