2.3098869
3.9188465
0.2271050
0.1726737
0.1551820
0.1467757
0.1415242
0.1372412
0.1336848
0.1309194
0.1281382
0.1257004
0.1236750
0.1215695
0.1198387
0.1184287
0.1172555
0.1158817
0.1145500
0.1134146
0.1123217
0.1111344
0.1101728
0.1092558
0.1084363
0.1076805
0.1069058
0.1061484
0.1053211
0.1045996
0.1039691
0.1033854
0.1028672
0.1022638
0.1016802
0.1012194
0.1008470
0.1004437
0.0999186
0.0993864
0.0988806
0.0984151
0.0979802
0.0976369
0.0972343
0.0968548
0.0964783
0.0962102
0.0959301
0.0957301
0.0954799
0.0950534
0.0946595
0.0943828
0.0941311
0.0938782
0.0936357
0.0934057
0.0932760
0.0929301
0.0926390
0.0924378
0.0923156
0.0921587
0.0919555
0.0918073
0.0915828
0.0913058
0.0910766
0.0908605
0.0906227
0.0904100
0.0902428
0.0900427
0.0898888
0.0896810
0.0894779
0.0892809
0.0891494
0.0889570
0.0887383
0.0886123
0.0884430
0.0883415
0.0881869
0.0880071
0.0878745
0.0877251
0.0875755
0.0874392
0.0873008
0.0871850
0.0870399
0.0868973
0.0867859
0.0866943
0.0865982
0.0865775
0.0865049
0.0864213
0.0862009
0.0860639
0.0859267
0.0857753
0.0857274
0.0858640
0.0856436
0.0853516
0.0851588
0.0850599
0.0849712
0.0849273
0.0847837
0.0844774
0.0842448
0.0840920
0.0840267
0.0840015
0.0839542
0.0839138
0.0838371
0.0837560
0.0836374
0.0835650
0.0834499
0.0833447
0.0832114
0.0830700
0.0829805
0.0830201
0.0829920
0.0828577
0.0827428
0.0826885
0.0826634
0.0826317
0.0825119
0.0824397
0.0823642
0.0822521
0.0820578
0.0819920
0.0819307
0.0818830
0.0819933
0.0818595
0.0816915
0.0816000
0.0814790
0.0814067
0.0813099
0.0811437
0.0812135
0.0812487
0.0811803
0.0810142
0.0808627
0.0807117
0.0806106
0.0805367
0.0806432
0.0806070
0.0806565
0.0806595
0.0805276
0.0802680
0.0800551
0.0802233
0.0799700
0.0797189
0.0795111
0.0794368
0.0794171
0.0795084
0.0795466
0.0797322
0.0797780
0.0798886
0.0799114
0.0797482
0.0795574
0.0794330
0.0793155
0.0791969
0.0790023
0.0789003
0.0788820
0.0788191
0.0788207
0.0787687
0.0786393
0.0787125
0.0785917
0.0785339
0.0785225
0.0784787
0.0785006
0.0784335
0.0784764
0.0785141
0.0784505
0.0784052
