156.7365359
36.0605051
0.0415184
0.0047911
0.0005358
0.0000624
0.0000097
0.0000053
0.0000045
0.0000041
0.0000057
0.0000034
0.0000063
0.0000055
0.0000112
0.0000085
0.0000079
0.0000089
0.0000086
0.0000130
0.0000120
0.0000115
0.0000206
0.0000164
0.0000175
0.0000170
0.0000211
0.0000154
0.0000155
0.0000157
0.0000170
0.0000186
0.0000159
0.0000212
0.0000180
0.0000187
0.0000236
0.0000190
0.0000187
0.0000215
0.0000229
0.0000194
0.0000270
0.0000194
0.0000253
0.0000266
0.0000216
0.0000195
0.0000299
0.0000246
0.0000216
0.0000239
0.0000278
0.0000224
0.0000279
0.0000256
0.0000261
0.0000280
0.0000198
0.0000193
0.0000301
0.0000285
0.0000186
0.0000255
0.0000228
0.0000315
0.0000327
0.0000155
0.0000372
0.0000278
0.0000287
0.0000240
0.0000207
0.0000218
0.0000278
0.0000283
0.0000420
0.0000212
0.0000233
0.0000308
0.0000367
0.0000247
0.0000262
0.0000367
0.0000308
0.0000327
0.0000316
0.0000397
0.0000332
0.0000225
0.0000250
0.0000393
0.0000317
0.0000401
0.0000257
0.0000274
0.0000295
0.0000277
0.0000280
0.0000355
0.0000358
0.0000290
