156.1672577
35.7920894
0.0410540
0.0047375
0.0005308
0.0000611
0.0000087
0.0000038
0.0000033
0.0000030
0.0000034
0.0000023
0.0000034
0.0000037
0.0000034
0.0000048
0.0000057
0.0000068
0.0000056
0.0000084
0.0000094
0.0000088
0.0000148
0.0000110
0.0000122
0.0000124
0.0000119
0.0000119
0.0000080
0.0000107
0.0000112
0.0000137
0.0000115
0.0000127
0.0000117
0.0000127
0.0000168
0.0000158
0.0000135
0.0000158
0.0000191
0.0000124
0.0000199
0.0000167
0.0000158
0.0000201
0.0000147
0.0000119
0.0000165
0.0000190
0.0000147
0.0000103
0.0000230
0.0000161
0.0000195
0.0000185
0.0000173
0.0000229
0.0000148
0.0000153
0.0000209
0.0000213
0.0000147
0.0000214
0.0000170
0.0000236
0.0000250
0.0000122
0.0000248
0.0000151
0.0000207
0.0000147
0.0000160
0.0000167
0.0000164
0.0000198
0.0000287
0.0000177
0.0000175
0.0000189
0.0000240
0.0000151
0.0000185
0.0000224
0.0000222
0.0000246
0.0000194
0.0000269
0.0000280
0.0000166
0.0000181
0.0000284
0.0000247
0.0000246
0.0000183
0.0000171
0.0000228
0.0000215
0.0000201
0.0000253
0.0000245
0.0000196
