0.9184774
0.4330638
0.0007494
0.0000865
0.0000080
0.0000020
0.0000017
0.0000024
0.0000019
0.0000019
0.0000037
0.0000017
0.0000047
0.0000029
0.0000126
0.0000059
0.0000035
0.0000034
0.0000049
0.0000073
0.0000042
0.0000043
0.0000093
0.0000086
0.0000084
0.0000075
0.0000148
0.0000056
0.0000122
0.0000079
0.0000094
0.0000079
0.0000071
0.0000137
0.0000102
0.0000097
0.0000110
0.0000052
0.0000084
0.0000093
0.0000061
0.0000113
0.0000115
0.0000044
0.0000154
0.0000105
0.0000110
0.0000122
0.0000216
0.0000090
0.0000110
0.0000219
0.0000079
0.0000102
0.0000136
0.0000115
0.0000143
0.0000083
0.0000081
0.0000065
0.0000150
0.0000117
0.0000063
0.0000066
0.0000094
0.0000127
0.0000125
0.0000054
0.0000199
0.0000206
0.0000128
0.0000150
0.0000076
0.0000082
0.0000184
0.0000138
0.0000214
0.0000057
0.0000093
0.0000192
0.0000206
0.0000155
0.0000125
0.0000230
0.0000137
0.0000130
0.0000198
0.0000206
0.0000085
0.0000094
0.0000111
0.0000176
0.0000114
0.0000250
0.0000120
0.0000166
0.0000108
0.0000099
0.0000127
0.0000164
0.0000183
0.0000151
