157.3058141
36.3289208
0.0419829
0.0048448
0.0005407
0.0000636
0.0000108
0.0000068
0.0000057
0.0000053
0.0000080
0.0000044
0.0000092
0.0000073
0.0000190
0.0000122
0.0000101
0.0000110
0.0000116
0.0000175
0.0000146
0.0000141
0.0000264
0.0000217
0.0000227
0.0000217
0.0000303
0.0000189
0.0000231
0.0000206
0.0000228
0.0000235
0.0000203
0.0000296
0.0000244
0.0000247
0.0000304
0.0000222
0.0000239
0.0000273
0.0000267
0.0000265
0.0000341
0.0000221
0.0000349
0.0000331
0.0000284
0.0000270
0.0000433
0.0000302
0.0000284
0.0000374
0.0000327
0.0000288
0.0000364
0.0000327
0.0000350
0.0000331
0.0000248
0.0000233
0.0000394
0.0000357
0.0000225
0.0000296
0.0000287
0.0000394
0.0000405
0.0000188
0.0000495
0.0000406
0.0000366
0.0000334
0.0000254
0.0000269
0.0000393
0.0000369
0.0000553
0.0000247
0.0000291
0.0000427
0.0000495
0.0000343
0.0000340
0.0000510
0.0000393
0.0000408
0.0000439
0.0000525
0.0000385
0.0000283
0.0000319
0.0000502
0.0000388
0.0000557
0.0000332
0.0000376
0.0000362
0.0000338
0.0000359
0.0000457
0.0000472
0.0000383
