155.5162904
45.8484622
0.0040032
0.0072490
0.0066911
0.0048533
0.0031857
0.0023052
0.0018035
0.0014739
0.0012910
0.0010800
0.0010647
0.0010003
0.0009490
0.0008679
0.0007123
0.0007376
0.0007653
0.0006382
0.0007069
0.0006143
0.0006486
0.0004695
0.0004582
0.0004754
0.0004577
0.0005400
0.0004884
0.0004372
0.0004083
0.0004804
0.0003397
0.0003247
0.0003888
0.0003273
0.0003828
0.0002786
0.0002950
0.0004325
0.0004067
0.0002641
0.0002972
0.0003012
0.0002686
0.0003216
0.0004069
0.0002510
0.0002331
0.0002953
0.0002806
0.0003612
0.0002172
0.0001956
0.0002611
0.0003217
0.0003306
0.0003379
0.0005199
0.0002318
0.0002210
0.0002030
0.0002980
0.0002399
0.0003309
0.0003054
0.0002162
0.0001835
0.0003103
0.0002240
0.0001795
0.0002007
0.0002508
0.0001970
0.0001965
0.0003613
0.0002467
0.0003318
0.0001992
0.0002329
0.0001826
0.0003751
0.0002254
0.0002110
0.0002260
0.0001382
0.0002890
0.0001521
0.0001207
0.0001420
0.0001509
0.0002208
0.0002146
0.0002183
0.0002050
0.0002602
0.0002742
0.0002558
0.0002227
0.0001531
0.0001724
0.0002438
