155.2446139
45.7199543
0.0037291
0.0070876
0.0064243
0.0046145
0.0030200
0.0021346
0.0017331
0.0013337
0.0012165
0.0010149
0.0009751
0.0008274
0.0007951
0.0006246
0.0006171
0.0006624
0.0006510
0.0005731
0.0005429
0.0004929
0.0005309
0.0003911
0.0003931
0.0004072
0.0003587
0.0003351
0.0002809
0.0003337
0.0003264
0.0003482
0.0002745
0.0002843
0.0002652
0.0002716
0.0002758
0.0002337
0.0002150
0.0002229
0.0002936
0.0001960
0.0001954
0.0002341
0.0002189
0.0002447
0.0002037
0.0001972
0.0001790
0.0001922
0.0001792
0.0002217
0.0001713
0.0001391
0.0001925
0.0001912
0.0001550
0.0001809
0.0003318
0.0001630
0.0001525
0.0001465
0.0001792
0.0001743
0.0001329
0.0002096
0.0001520
0.0001220
0.0001642
0.0001451
0.0001367
0.0001417
0.0000907
0.0001282
0.0001527
0.0001576
0.0001236
0.0002016
0.0001093
0.0001380
0.0001037
0.0001972
0.0001322
0.0001360
0.0001495
0.0001062
-0.0000100
0.0001098
0.0001005
0.0000857
0.0000883
0.0001311
0.0001464
0.0001272
0.0001003
0.0001085
0.0001361
0.0001241
0.0001339
0.0000845
0.0001073
0.0001459
