0.4383248
0.2073357
0.0004423
0.0002603
0.0004306
0.0003854
0.0002673
0.0002753
0.0001136
0.0002261
0.0001203
0.0001051
0.0001445
0.0002790
0.0002482
0.0003925
0.0001536
0.0001213
0.0001845
0.0001050
0.0002647
0.0001960
0.0001899
0.0001264
0.0001050
0.0001100
0.0001597
0.0003306
0.0003349
0.0001670
0.0001321
0.0002132
0.0001052
0.0000652
0.0001994
0.0000899
0.0001727
0.0000726
0.0001291
0.0003381
0.0001824
0.0001098
0.0001642
0.0001083
0.0000801
0.0001241
0.0003279
0.0000867
0.0000873
0.0001662
0.0001635
0.0002250
0.0000740
0.0000911
0.0001107
0.0002105
0.0002833
0.0002533
0.0003035
0.0001111
0.0001107
0.0000912
0.0001916
0.0001058
0.0003195
0.0001546
0.0001035
0.0000993
0.0002358
0.0001272
0.0000690
0.0000951
0.0002584
0.0001109
0.0000707
0.0003287
0.0001987
0.0002101
0.0001451
0.0001531
0.0001272
0.0002870
0.0001504
0.0001209
0.0001234
0.0000516
0.0004824
0.0000684
0.0000326
0.0000908
0.0001010
0.0001448
0.0001099
0.0001470
0.0001690
0.0002447
0.0002228
0.0002125
0.0001434
0.0001106
0.0001051
0.0001579
