155.7879670
45.9769702
0.0042774
0.0074103
0.0069580
0.0050922
0.0033514
0.0024758
0.0018739
0.0016140
0.0013656
0.0011452
0.0011542
0.0011732
0.0011028
0.0011112
0.0008075
0.0008128
0.0008796
0.0007033
0.0008710
0.0007358
0.0007663
0.0005478
0.0005232
0.0005436
0.0005566
0.0007449
0.0006960
0.0005407
0.0004902
0.0006126
0.0004049
0.0003651
0.0005124
0.0003831
0.0004898
0.0003236
0.0003750
0.0006421
0.0005197
0.0003321
0.0003989
0.0003683
0.0003182
0.0003986
0.0006101
0.0003047
0.0002873
0.0003983
0.0003819
0.0005007
0.0002630
0.0002521
0.0003297
0.0004522
0.0005062
0.0004949
0.0007080
0.0003006
0.0002896
0.0002595
0.0004167
0.0003054
0.0005289
0.0004012
0.0002804
0.0002451
0.0004565
0.0003028
0.0002222
0.0002596
0.0004110
0.0002657
0.0002404
0.0005651
0.0003699
0.0004620
0.0002892
0.0003278
0.0002614
0.0005530
0.0003186
0.0002859
0.0003025
0.0001702
0.0005880
0.0001945
0.0001409
0.0001983
0.0002135
0.0003106
0.0002827
0.0003094
0.0003098
0.0004119
0.0004123
0.0003876
0.0003116
0.0002216
0.0002375
0.0003416
