155.5162904
51.3984281
0.0070807
0.0025606
0.0016121
0.0008973
0.0008066
0.0006087
0.0006472
0.0005445
0.0004694
0.0004707
0.0004359
0.0003921
0.0003766
0.0002779
0.0002901
0.0003075
0.0002756
0.0002837
0.0002402
0.0002384
0.0001982
0.0002806
0.0002156
0.0001749
0.0002372
0.0001736
0.0002036
0.0002195
0.0002768
0.0002503
0.0001582
0.0002778
0.0002104
0.0001408
0.0001597
0.0002506
0.0001537
0.0001905
0.0001806
0.0001735
0.0001625
0.0001590
0.0001539
0.0001201
0.0001248
0.0001592
0.0001436
0.0001090
0.0001333
0.0001873
0.0001252
0.0001374
0.0001913
0.0001334
0.0001303
0.0001286
0.0001584
0.0001463
0.0001113
0.0001499
0.0001635
0.0001296
0.0001905
0.0001127
0.0001318
0.0001016
0.0001180
0.0001128
0.0001593
0.0000927
0.0000872
0.0001220
0.0000948
0.0001743
0.0001428
0.0001873
0.0001059
0.0001116
0.0001162
0.0001047
0.0000940
0.0001361
0.0001301
0.0001096
0.0001602
0.0000924
0.0000985
0.0001102
0.0001514
0.0001376
0.0001749
0.0001529
0.0001263
0.0001165
0.0001227
0.0000865
0.0001266
0.0001090
0.0001065
0.0001069
