155.2446139
50.4390529
0.0067888
0.0023421
0.0014427
0.0008290
0.0006909
0.0005273
0.0005235
0.0004618
0.0004063
0.0003390
0.0003261
0.0003239
0.0002992
0.0002384
0.0002350
0.0002393
0.0002304
0.0001853
0.0002035
0.0001767
0.0001711
0.0002076
0.0001398
0.0001506
0.0001730
0.0001518
0.0001363
0.0001723
0.0001770
0.0001588
0.0001303
0.0001814
0.0001021
0.0001098
0.0000896
0.0001315
0.0001133
0.0001064
0.0000905
0.0001110
0.0001275
0.0001160
0.0001107
0.0000953
0.0001059
0.0000697
0.0001043
0.0000870
0.0000989
0.0001140
0.0001020
0.0000953
0.0001255
0.0001004
0.0000927
0.0001010
0.0001072
0.0000955
0.0000823
0.0001080
0.0000685
0.0000907
0.0000952
0.0000777
0.0000760
0.0000815
0.0000596
0.0000888
0.0000803
0.0000702
0.0000672
0.0000959
0.0000712
0.0000881
0.0000468
0.0001279
0.0000585
0.0000939
0.0000705
0.0000701
0.0000728
0.0000947
0.0000934
0.0000862
0.0001064
0.0000661
0.0000760
0.0000716
0.0000781
0.0000941
0.0000629
0.0000875
0.0000725
0.0000900
0.0000731
0.0000649
0.0000792
0.0000777
0.0000660
0.0000816
