0.4383248
1.5478626
0.0004708
0.0003526
0.0002733
0.0001101
0.0001866
0.0001313
0.0001995
0.0001333
0.0001018
0.0002124
0.0001771
0.0001101
0.0001249
0.0000637
0.0000888
0.0001100
0.0000728
0.0001588
0.0000592
0.0000996
0.0000437
0.0001178
0.0001222
0.0000393
0.0001035
0.0000352
0.0001086
0.0000761
0.0001612
0.0001477
0.0000451
0.0001556
0.0001748
0.0000500
0.0001131
0.0001922
0.0000652
0.0001357
0.0001454
0.0001008
0.0000566
0.0000694
0.0000697
0.0000400
0.0000305
0.0001444
0.0000633
0.0000354
0.0000555
0.0001183
0.0000374
0.0000679
0.0001062
0.0000532
0.0000607
0.0000446
0.0000826
0.0000820
0.0000469
0.0000676
0.0001533
0.0000628
0.0001537
0.0000565
0.0000900
0.0000325
0.0000942
0.0000388
0.0001273
0.0000363
0.0000323
0.0000421
0.0000381
0.0001391
0.0001549
0.0000958
0.0000765
0.0000286
0.0000738
0.0000559
0.0000342
0.0000668
0.0000592
0.0000378
0.0000869
0.0000424
0.0000363
0.0000622
0.0001182
0.0000702
0.0001806
0.0001056
0.0000868
0.0000427
0.0000800
0.0000348
0.0000764
0.0000506
0.0000654
0.0000408
