155.7879670
52.3578033
0.0073725
0.0027791
0.0017815
0.0009656
0.0009222
0.0006900
0.0007708
0.0006271
0.0005325
0.0006023
0.0005456
0.0004604
0.0004540
0.0003173
0.0003452
0.0003756
0.0003207
0.0003822
0.0002768
0.0003002
0.0002253
0.0003536
0.0002914
0.0001992
0.0003013
0.0001954
0.0002709
0.0002666
0.0003767
0.0003419
0.0001862
0.0003743
0.0003187
0.0001718
0.0002298
0.0003698
0.0001941
0.0002746
0.0002708
0.0002359
0.0001976
0.0002020
0.0001971
0.0001448
0.0001437
0.0002487
0.0001828
0.0001309
0.0001677
0.0002606
0.0001484
0.0001795
0.0002572
0.0001664
0.0001679
0.0001563
0.0002096
0.0001971
0.0001404
0.0001918
0.0002585
0.0001686
0.0002857
0.0001477
0.0001876
0.0001218
0.0001764
0.0001369
0.0002382
0.0001152
0.0001072
0.0001481
0.0001184
0.0002606
0.0002388
0.0002467
0.0001534
0.0001293
0.0001619
0.0001393
0.0001153
0.0001775
0.0001667
0.0001330
0.0002140
0.0001187
0.0001210
0.0001487
0.0002246
0.0001811
0.0002868
0.0002184
0.0001801
0.0001430
0.0001723
0.0001080
0.0001739
0.0001403
0.0001471
0.0001322
