156.8528555
45.0821828
0.0054708
0.0018631
0.0011795
0.0009600
0.0007718
0.0007986
0.0005120
0.0004221
0.0005223
0.0004966
0.0003852
0.0004914
0.0003703
0.0005636
0.0003575
0.0003065
0.0003223
0.0002525
0.0004003
0.0003334
0.0002703
0.0003440
0.0003033
0.0002501
0.0003303
0.0002470
0.0002684
0.0002449
0.0002314
0.0002288
0.0002522
0.0002491
0.0002856
0.0003462
0.0003346
0.0002129
0.0002497
0.0002436
0.0002461
0.0002372
0.0002209
0.0002261
0.0002677
0.0002288
0.0002149
0.0002179
0.0001960
0.0002383
0.0002022
0.0002098
0.0002837
0.0002090
0.0002061
0.0001907
0.0001838
0.0003043
0.0002356
0.0002334
0.0002753
0.0001827
0.0001954
0.0001911
0.0002472
0.0002260
0.0001801
0.0001690
0.0001697
0.0002294
0.0001597
0.0002118
0.0002627
0.0001742
0.0001913
0.0001535
0.0001796
0.0002360
0.0002073
0.0001790
0.0001585
0.0001604
0.0001993
0.0001503
0.0001785
0.0001771
0.0002072
0.0001716
0.0001622
0.0002114
0.0001758
0.0001583
0.0001705
0.0001471
0.0001500
0.0001429
0.0001448
0.0001817
0.0001812
0.0001866
0.0001541
0.0001451
