156.2861508
44.1879773
0.0052460
0.0016796
0.0010626
0.0007904
0.0006211
0.0006110
0.0004353
0.0003935
0.0003769
0.0003401
0.0003220
0.0003624
0.0002565
0.0003443
0.0002997
0.0002411
0.0002259
0.0002221
0.0002535
0.0002355
0.0002195
0.0001769
0.0002207
0.0002065
0.0002005
0.0002011
0.0002236
0.0001925
0.0001955
0.0001722
0.0002010
0.0001965
0.0001861
0.0002308
0.0001790
0.0001879
0.0001989
0.0001936
0.0001982
0.0001799
0.0001813
0.0001672
0.0001977
0.0001558
0.0001668
0.0001610
0.0001666
0.0001746
0.0001659
0.0001435
0.0002246
0.0001684
0.0001645
0.0001619
0.0001440
0.0001578
0.0001415
0.0001583
0.0002051
0.0001487
0.0001447
0.0001429
0.0001921
0.0001309
0.0001393
0.0001289
0.0001396
0.0001533
0.0001366
0.0001473
0.0001703
0.0001482
0.0001489
0.0001388
0.0001561
0.0001724
0.0001544
0.0001085
0.0001361
0.0001285
0.0001389
0.0001287
0.0001407
0.0001355
0.0001392
0.0001297
0.0001255
0.0001413
0.0001331
0.0001299
0.0001241
0.0001167
0.0001258
0.0001174
0.0001024
0.0001352
0.0001391
0.0001332
0.0001265
0.0001193
