0.9143254
1.4427173
0.0003627
0.0002961
0.0001886
0.0002737
0.0002431
0.0003027
0.0001238
0.0000463
0.0002345
0.0002526
0.0001019
0.0002080
0.0001836
0.0003537
0.0000932
0.0001054
0.0001555
0.0000491
0.0002369
0.0001579
0.0000820
0.0002696
0.0001333
0.0000702
0.0002095
0.0000741
0.0000721
0.0000845
0.0000579
0.0000914
0.0000826
0.0000849
0.0001604
0.0001862
0.0002510
0.0000404
0.0000820
0.0000807
0.0000772
0.0000924
0.0000640
0.0000951
0.0001130
0.0001178
0.0000776
0.0000918
0.0000474
0.0001028
0.0000586
0.0001069
0.0000953
0.0000655
0.0000671
0.0000464
0.0000642
0.0002365
0.0001518
0.0001212
0.0001133
0.0000549
0.0000819
0.0000778
0.0000890
0.0001534
0.0000658
0.0000648
0.0000485
0.0001227
0.0000372
0.0001041
0.0001490
0.0000420
0.0000684
0.0000237
0.0000378
0.0001026
0.0000853
0.0001139
0.0000361
0.0000515
0.0000973
0.0000350
0.0000610
0.0000672
0.0001096
0.0000677
0.0000591
0.0001132
0.0000688
0.0000459
0.0000748
0.0000490
0.0000391
0.0000412
0.0000685
0.0000751
0.0000681
0.0000863
0.0000446
0.0000417
