157.4195603
45.9763882
0.0056956
0.0020466
0.0012964
0.0011296
0.0009225
0.0009863
0.0005887
0.0004508
0.0006677
0.0006532
0.0004484
0.0006203
0.0004841
0.0007828
0.0004152
0.0003718
0.0004187
0.0002829
0.0005471
0.0004313
0.0003212
0.0005111
0.0003860
0.0002936
0.0004602
0.0002929
0.0003131
0.0002973
0.0002673
0.0002855
0.0003034
0.0003017
0.0003850
0.0004616
0.0004902
0.0002380
0.0003005
0.0002936
0.0002939
0.0002944
0.0002606
0.0002850
0.0003377
0.0003018
0.0002630
0.0002748
0.0002254
0.0003020
0.0002385
0.0002760
0.0003427
0.0002496
0.0002477
0.0002194
0.0002236
0.0004509
0.0003296
0.0003086
0.0003455
0.0002167
0.0002462
0.0002394
0.0003024
0.0003211
0.0002209
0.0002092
0.0001997
0.0003055
0.0001827
0.0002763
0.0003550
0.0002002
0.0002337
0.0001682
0.0002030
0.0002996
0.0002602
0.0002496
0.0001809
0.0001923
0.0002596
0.0001720
0.0002163
0.0002187
0.0002751
0.0002136
0.0001988
0.0002816
0.0002184
0.0001868
0.0002169
0.0001774
0.0001742
0.0001684
0.0001873
0.0002283
0.0002234
0.0002401
0.0001818
0.0001710
