0.6999676
0.6031252
0.5782260
0.5568555
0.5293700
0.5012312
0.4774554
0.4594834
0.4469029
0.4379329
0.4314968
0.4266110
0.4227892
0.4196439
0.4169829
0.4146624
0.4126421
0.4107263
0.4090225
0.4074708
0.4060066
0.4046111
0.4033288
0.4020998
0.4009582
0.3998682
0.3988291
0.3978393
0.3968886
0.3959929
0.3951122
0.3942710
0.3934781
0.3927430
0.3919905
0.3912755
0.3906153
0.3899781
0.3893420
0.3887310
0.3881525
0.3875807
0.3870359
0.3865121
0.3860244
0.3855312
0.3850445
0.3845859
0.3841450
0.3837206
0.3833084
0.3828893
0.3825056
0.3821214
0.3817585
0.3814134
0.3810585
0.3807216
0.3804022
0.3800675
0.3797734
0.3794587
0.3791859
0.3788912
0.3786073
0.3783357
0.3780754
0.3778267
0.3775708
0.3773311
0.3770799
0.3768622
0.3766315
0.3764062
0.3761949
0.3759813
0.3757765
0.3755773
0.3754008
0.3751824
0.3750087
0.3748188
0.3746172
0.3744502
0.3742853
0.3741342
0.3739441
0.3737836
0.3736388
0.3734635
0.3733087
0.3731611
0.3730181
0.3728678
0.3727181
0.3725764
0.3724431
0.3723091
0.3721928
0.3720394
0.3719126
0.3718128
