0.6962834
0.6011811
0.5767481
0.5537822
0.5250152
0.4965672
0.4733174
0.4561964
0.4443654
0.4359615
0.4299719
0.4253597
0.4217206
0.4186923
0.4161034
0.4138343
0.4118471
0.4099635
0.4083009
0.4067685
0.4053340
0.4039468
0.4026793
0.4014745
0.4003432
0.3992675
0.3982386
0.3972648
0.3963148
0.3954357
0.3945699
0.3937419
0.3929621
0.3922387
0.3914916
0.3907875
0.3901366
0.3894950
0.3888733
0.3882724
0.3877063
0.3871413
0.3866004
0.3860810
0.3856075
0.3851307
0.3846428
0.3841826
0.3837382
0.3833246
0.3829285
0.3825146
0.3821333
0.3817548
0.3814085
0.3810625
0.3807093
0.3803729
0.3800558
0.3797344
0.3794408
0.3791185
0.3788626
0.3785671
0.3782927
0.3780220
0.3777622
0.3775164
0.3772785
0.3770431
0.3767916
0.3765775
0.3763503
0.3761271
0.3759209
0.3757065
0.3755110
0.3753110
0.3751276
0.3749256
0.3747494
0.3745596
0.3743641
0.3741958
0.3740362
0.3738965
0.3737060
0.3735410
0.3734025
0.3732216
0.3730742
0.3729269
0.3727914
0.3726253
0.3724944
0.3723507
0.3722180
0.3720850
0.3719720
0.3718220
0.3716949
0.3715981
