0.0059442
0.0031366
0.0023845
0.0049585
0.0070261
0.0075249
0.0066763
0.0053033
0.0040941
0.0031807
0.0024602
0.0020188
0.0017241
0.0015353
0.0014191
0.0013361
0.0012827
0.0012306
0.0011642
0.0011330
0.0010851
0.0010719
0.0010479
0.0010088
0.0009922
0.0009692
0.0009529
0.0009270
0.0009258
0.0008989
0.0008750
0.0008537
0.0008327
0.0008135
0.0008049
0.0007874
0.0007723
0.0007794
0.0007562
0.0007399
0.0007199
0.0007089
0.0007027
0.0006955
0.0006727
0.0006461
0.0006481
0.0006507
0.0006563
0.0006389
0.0006129
0.0006044
0.0006006
0.0005914
0.0005646
0.0005662
0.0005633
0.0005625
0.0005589
0.0005374
0.0005367
0.0005489
0.0005216
0.0005229
0.0005077
0.0005060
0.0005054
0.0005007
0.0004715
0.0004647
0.0004651
0.0004593
0.0004537
0.0004503
0.0004421
0.0004433
0.0004284
0.0004297
0.0004408
0.0004144
0.0004183
0.0004181
0.0004084
0.0004105
0.0004019
0.0003835
0.0003842
0.0003914
0.0003813
0.0003902
0.0003784
0.0003779
0.0003657
0.0003911
0.0003608
0.0003640
0.0003632
0.0003616
0.0003562
0.0003508
0.0003513
0.0003463
