0.7036519
0.6050693
0.5797040
0.5599288
0.5337248
0.5058952
0.4815934
0.4627704
0.4494405
0.4399043
0.4330216
0.4278622
0.4238578
0.4205955
0.4178625
0.4154906
0.4134372
0.4114890
0.4097440
0.4081730
0.4066791
0.4052755
0.4039783
0.4027250
0.4015732
0.4004690
0.3994197
0.3984138
0.3974624
0.3965500
0.3956546
0.3948001
0.3939942
0.3932472
0.3924893
0.3917636
0.3910940
0.3904611
0.3898107
0.3891896
0.3885986
0.3880202
0.3874715
0.3869431
0.3864414
0.3859316
0.3854462
0.3849891
0.3845518
0.3841166
0.3836883
0.3832639
0.3828778
0.3824880
0.3821084
0.3817643
0.3814077
0.3810702
0.3807487
0.3804006
0.3801060
0.3797989
0.3795092
0.3792153
0.3789220
0.3786493
0.3783887
0.3781371
0.3778631
0.3776192
0.3773682
0.3771469
0.3769127
0.3766853
0.3764689
0.3762560
0.3760420
0.3758436
0.3756740
0.3754392
0.3752680
0.3750779
0.3748703
0.3747046
0.3745344
0.3743719
0.3741822
0.3740262
0.3738751
0.3737053
0.3735433
0.3733953
0.3732448
0.3731102
0.3729417
0.3728020
0.3726682
0.3725333
0.3724136
0.3722568
0.3721304
0.3720274
