0.9999840
0.9964864
0.8800570
0.7614054
0.6738105
0.6011216
0.5379388
0.4874420
0.4463894
0.4113205
0.3807577
0.3539004
0.3327229
0.3152069
0.2977239
0.2837065
0.2727789
0.2625490
0.2528749
0.2462325
0.2419322
0.2333097
0.2267483
0.2179528
0.2114014
0.2058057
0.2012705
0.1986176
0.1932757
0.1885296
0.1842673
0.1792183
0.1774680
0.1731068
0.1719592
0.1675060
0.1658357
0.1630928
0.1593113
0.1579838
0.1541283
0.1509876
0.1499630
0.1473830
0.1449490
0.1427199
0.1433297
0.1419792
0.1402979
0.1375090
0.1391403
0.1377039
0.1352049
0.1328249
0.1318623
0.1328239
0.1344642
0.1318553
0.1312235
0.1291214
0.1286206
0.1262835
0.1275600
0.1272481
0.1257637
0.1232887
0.1225920
0.1231158
0.1233597
0.1233727
0.1207027
0.1253898
0.1244312
0.1201000
0.1184396
0.1175890
0.1177229
0.1176679
0.1169032
0.1184636
0.1183926
0.1172231
0.1144752
0.1125570
0.1147511
0.1176619
0.1183836
0.1170922
0.1152169
0.1122031
0.1134436
0.1127979
0.1105618
0.1099770
0.1086905
0.1110796
0.1082687
0.1064784
0.1072021
0.1087735
0.1086435
0.1084156
0.1058727
0.1054718
0.1102409
0.1116313
0.1119882
0.1115644
0.1110826
0.1124800
0.1111675
0.1081188
0.1066733
0.1061885
0.1071731
0.1083297
0.1070312
0.1056937
0.1076040
0.1102839
0.1119872
0.1101909
0.1099670
0.1092473
0.1100660
0.1101070
0.1130718
0.1122611
0.1105638
0.1085086
0.1062055
0.1052769
0.1050620
0.1054288
0.1044662
0.1092133
0.1111066
0.1120772
0.1106657
0.1082397
0.1075330
0.1055978
0.1052089
0.1040474
0.1035526
0.1034236
0.1029578
0.1033806
0.1053679
0.1068822
0.1063345
0.1052959
0.1048970
0.1026969
0.1035706
0.1033786
0.1018523
0.1023151
0.1002759
0.0982917
0.0987475
0.1013974
0.1060076
0.1086795
0.1073721
0.1062125
0.1052809
0.1044582
0.1045682
0.1028519
0.1021601
0.1027899
0.1018353
0.1011805
0.1007387
0.1006767
0.1006437
0.1024230
0.1035586
0.1053129
0.1034096
0.1046541
0.1037575
0.1042313
0.1048990
0.1039684
0.1054388
0.1038045
0.1031228
0.1012975
0.1022141
0.0998770
0.1001240
0.0989284
0.0960496
0.0962055
0.1004188
0.0975540
0.0975620
0.0992473
0.0981987
0.0968703
