0.9999755
0.9963252
0.8742280
0.7507320
0.6647738
0.5908152
0.5268756
0.4776096
0.4347313
0.4020301
0.3717658
0.3444523
0.3245589
0.3083539
0.2905231
0.2761793
0.2654016
0.2557000
0.2461088
0.2389565
0.2348571
0.2271659
0.2194504
0.2119765
0.2061917
0.2004901
0.1959130
0.1925633
0.1883969
0.1848612
0.1798771
0.1758014
0.1736479
0.1685753
0.1686401
0.1630072
0.1612244
0.1598660
0.1553883
0.1542275
0.1501268
0.1468563
0.1457762
0.1428957
0.1417446
0.1396694
0.1394801
0.1395565
0.1385850
0.1349774
0.1360745
0.1361268
0.1318736
0.1313299
0.1280837
0.1285701
0.1309248
0.1292077
0.1273526
0.1252592
0.1244823
0.1234934
0.1241010
0.1228046
0.1206442
0.1173691
0.1173400
0.1184258
0.1205795
0.1199367
0.1171478
0.1217556
0.1227980
0.1164666
0.1164050
0.1150365
0.1131788
0.1131406
0.1123128
0.1142072
0.1118270
0.1094651
0.1075853
0.1079863
0.1088098
0.1115125
0.1140558
0.1122384
0.1120493
0.1090612
0.1072249
0.1076253
0.1065513
0.1045694
0.1050590
0.1050025
0.1022642
0.1009058
0.0993474
0.1016389
0.1023617
0.1026041
0.1017561
0.1019746
0.1021293
0.1015947
0.1024666
0.1008249
0.1007352
0.1046013
0.1029661
0.1008159
0.1001029
0.0993123
0.1017207
0.1017944
0.0992482
0.0963473
0.0984230
0.1039065
0.1030879
0.1036577
0.1052232
0.1022755
0.1027185
0.1032385
0.1012507
0.1035751
0.1033275
0.1014754
0.0996180
0.0998393
0.0999225
0.1022882
0.1002862
0.1043630
0.1037435
0.1054598
0.1026479
0.1003066
0.1012572
0.0989680
0.0990683
0.0958657
0.0960637
0.0967266
0.0953484
0.0972814
0.0973834
0.0995443
0.0979482
0.0988834
0.0983694
0.0973033
0.0968835
0.0969507
0.0962779
0.0994350
0.0968543
0.0942368
0.0940056
0.0955006
0.0939758
0.0910840
0.0931496
0.0960857
0.0974390
0.0976389
0.0968083
0.0955497
0.0958927
0.0954070
0.0952709
0.0945928
0.0954072
0.0967744
0.0959678
0.0971931
0.0980732
0.0997761
0.0986931
0.0992283
0.0968671
0.0973282
0.0971055
0.0953951
0.0987565
0.0973987
0.0962817
0.0955306
0.0963027
0.0954826
0.0951763
0.0925317
0.0904433
0.0914432
0.0941885
0.0905497
0.0907465
0.0914909
0.0911334
0.0916980
