0.0000097
0.0001839
0.0066499
0.0121768
0.0103095
0.0117580
0.0126215
0.0112173
0.0133002
0.0105989
0.0102584
0.0107790
0.0093139
0.0078182
0.0082151
0.0085874
0.0084164
0.0078136
0.0077191
0.0083008
0.0080716
0.0070091
0.0083258
0.0068181
0.0059435
0.0060643
0.0061121
0.0069070
0.0055660
0.0041851
0.0050086
0.0038982
0.0043581
0.0051698
0.0037866
0.0051324
0.0052608
0.0036813
0.0044756
0.0042854
0.0045652
0.0047132
0.0047766
0.0051194
0.0036557
0.0034801
0.0043918
0.0027639
0.0019542
0.0028881
0.0034977
0.0017993
0.0038006
0.0017055
0.0043108
0.0048529
0.0040379
0.0030205
0.0044161
0.0044061
0.0047211
0.0031831
0.0039462
0.0050694
0.0058405
0.0067533
0.0059917
0.0053505
0.0031718
0.0039199
0.0040556
0.0041461
0.0018633
0.0041451
0.0023212
0.0029120
0.0051842
0.0051651
0.0052370
0.0048559
0.0074904
0.0088507
0.0078604
0.0052144
0.0067781
0.0070155
0.0049375
0.0055375
0.0036138
0.0035845
0.0070947
0.0059012
0.0045753
0.0061693
0.0041430
0.0069330
0.0068503
0.0063576
0.0089611
0.0081395
0.0071667
0.0066301
0.0046964
0.0039898
0.0092542
0.0114503
0.0108628
0.0122521
0.0118048
0.0089885
0.0093567
0.0083314
0.0074958
0.0078447
0.0062204
0.0074557
0.0088792
0.0106628
0.0104741
0.0072756
0.0101527
0.0074534
0.0054120
0.0079538
0.0083824
0.0078359
0.0134860
0.0099094
0.0082555
0.0080238
0.0075154
0.0062035
0.0058634
0.0035830
0.0047688
0.0055334
0.0084002
0.0075495
0.0091472
0.0090505
0.0071598
0.0075636
0.0070055
0.0093341
0.0085436
0.0076403
0.0086812
0.0069583
0.0091091
0.0083716
0.0095675
0.0073157
0.0074471
0.0061533
0.0076290
0.0073333
0.0063595
0.0032858
0.0039035
0.0046260
0.0054098
0.0067274
0.0137264
0.0200739
0.0162257
0.0115532
0.0089464
0.0077798
0.0088529
0.0083306
0.0071502
0.0084227
0.0074890
0.0075157
0.0060825
0.0044520
0.0053346
0.0059666
0.0062580
0.0063166
0.0053809
0.0061901
0.0078609
0.0078754
0.0088912
0.0097809
0.0076236
0.0073080
0.0078046
0.0065791
0.0067440
0.0050134
0.0056445
0.0072977
0.0063959
0.0054331
0.0071079
0.0079908
0.0077754
0.0088489
0.0080605
0.0059008
