0.9999925
0.9966476
0.8858859
0.7720788
0.6828472
0.6114279
0.5490020
0.4972744
0.4580476
0.4206108
0.3897496
0.3633486
0.3408869
0.3220599
0.3049247
0.2912337
0.2801562
0.2693979
0.2596409
0.2535085
0.2490073
0.2394535
0.2340462
0.2239291
0.2166112
0.2111213
0.2066280
0.2046718
0.1981545
0.1921980
0.1886575
0.1826352
0.1812881
0.1776383
0.1752783
0.1720048
0.1704470
0.1663196
0.1632343
0.1617401
0.1581299
0.1551189
0.1541498
0.1518704
0.1481534
0.1457704
0.1471792
0.1444019
0.1420108
0.1400406
0.1422062
0.1392811
0.1385363
0.1343198
0.1356408
0.1370776
0.1380036
0.1345028
0.1350944
0.1329835
0.1327588
0.1290736
0.1310190
0.1316916
0.1308831
0.1292083
0.1278439
0.1278057
0.1261398
0.1268086
0.1242576
0.1290241
0.1260644
0.1237333
0.1204742
0.1201414
0.1222670
0.1221953
0.1214937
0.1227200
0.1249583
0.1249811
0.1213652
0.1171276
0.1206924
0.1238113
0.1227115
0.1219460
0.1183845
0.1153451
0.1196624
0.1179705
0.1145722
0.1153847
0.1123220
0.1171566
0.1142732
0.1120511
0.1150569
0.1159081
0.1149254
0.1142271
0.1099892
0.1089691
0.1183525
0.1216680
0.1215098
0.1223038
0.1214300
0.1203588
0.1193690
0.1154216
0.1132437
0.1130647
0.1126256
0.1148649
0.1148141
0.1150401
0.1167849
0.1166612
0.1208865
0.1167241
0.1147108
0.1162191
0.1174135
0.1169754
0.1248928
0.1209471
0.1178001
0.1155418
0.1127931
0.1107145
0.1102015
0.1085694
0.1086462
0.1140636
0.1184696
0.1186946
0.1186836
0.1161728
0.1138088
0.1122275
0.1113495
0.1122291
0.1110414
0.1101206
0.1105672
0.1094799
0.1133523
0.1142202
0.1147207
0.1117084
0.1114247
0.1080905
0.1102577
0.1098065
0.1074266
0.1051952
0.1036974
0.1023465
0.1034894
0.1072943
0.1180393
0.1262751
0.1215945
0.1163393
0.1131228
0.1112775
0.1123281
0.1101540
0.1084276
0.1101727
0.1083997
0.1077683
0.1060702
0.1045791
0.1053197
0.1076530
0.1090440
0.1108496
0.1081262
0.1100800
0.1106479
0.1111344
0.1126925
0.1125418
0.1121212
0.1102102
0.1099638
0.1070644
0.1081255
0.1042715
0.1050716
0.1053251
0.1016558
0.1009678
0.1066492
0.1045582
0.1043775
0.1070037
0.1052641
0.1020425
