45.5972000
71.9120000
74.8444000
82.6792000
82.9114000
83.0719000
83.2491000
83.3830000
83.5148000
83.6060000
83.6839000
83.7418000
83.7802000
83.8139000
83.8566000
83.8913000
83.9131000
83.9376000
83.9606000
83.9716000
83.9808000
83.9908000
83.9964000
83.9955000
84.0065000
84.0178000
84.0285000
84.0262000
84.0290000
84.0276000
84.0428000
84.0551000
84.0517000
84.0531000
84.0573000
84.0466000
84.0542000
84.0670000
84.0659000
84.0726000
84.0865000
84.0791000
84.0768000
84.0841000
84.0890000
84.0918000
84.0970000
84.0928000
84.1000000
84.1393000
84.1393000
84.1422000
84.1465000
84.1478000
84.1517000
84.1551000
84.1601000
84.1519000
84.1605000
84.1659000
84.1655000
84.1620000
84.1953000
84.1966000
84.2339000
84.2354000
84.2347000
84.2366000
84.2419000
84.2528000
84.2531000
84.2835000
84.2889000
84.2886000
84.2861000
84.2945000
84.2976000
84.3412000
84.3428000
84.3435000
84.3458000
84.3462000
84.3527000
84.3833000
84.3886000
84.3981000
84.3991000
84.4013000
84.4010000
84.4368000
84.4432000
84.4483000
84.4568000
84.4548000
84.4578000
84.4577000
84.4595000
84.4649000
84.4650000
84.4694000
84.4669000
84.5051000
