32.3058383
71.9120000
73.2538295
82.5470365
82.8833971
83.0547896
83.2278641
83.3656964
83.4996691
83.5949091
83.6687929
83.7293704
83.7669477
83.8040552
83.8433843
83.8793680
83.9023202
83.9270735
83.9493570
83.9556499
83.9595346
83.9731256
83.9772959
83.9811257
83.9874481
84.0072640
84.0178933
84.0071128
84.0101005
84.0083576
84.0238867
84.0392969
84.0359271
84.0370030
84.0380859
84.0285420
84.0367026
84.0501874
84.0486354
84.0562667
84.0737789
84.0641462
84.0635390
84.0715118
84.0755858
84.0758557
84.0820243
84.0753575
84.0877128
84.0608897
84.0595306
84.0644876
84.0684983
84.0714265
84.0713161
84.0775150
84.0834505
84.0737874
84.0819261
84.0911597
84.0860432
84.0851585
84.0949074
84.0908256
84.1195238
84.1201193
84.1198945
84.1206776
84.1243100
84.1356045
84.1361340
84.1555442
84.1605928
84.1592866
84.1551490
84.1634441
84.1644477
84.2079544
84.2097272
84.2126145
84.2135048
84.2145747
84.2201370
84.2533489
84.2578757
84.2665659
84.2658225
84.2695337
84.2684475
84.3147300
84.3200288
84.3248548
84.3319959
84.3312255
84.3328028
84.3324469
84.3365943
84.3397174
84.3419632
84.3460239
84.3402105
84.3923843
