21.4443757
0.0000000
2.5662375
0.2132336
0.0451801
0.0276060
0.0342621
0.0279177
0.0244123
0.0178941
0.0243740
0.0200539
0.0213813
0.0158836
0.0213223
0.0192512
0.0173922
0.0169835
0.0181395
0.0257340
0.0343098
0.0285160
0.0308227
0.0231916
0.0307384
0.0169988
0.0171129
0.0307955
0.0304926
0.0310458
0.0305149
0.0254969
0.0254482
0.0259709
0.0310002
0.0291349
0.0282305
0.0271256
0.0278548
0.0263522
0.0205244
0.0241265
0.0213953
0.0203098
0.0216426
0.0257247
0.0241620
0.0281418
0.0198242
0.1265077
0.1287005
0.1253817
0.1258485
0.1232216
0.1296920
0.1251762
0.1236669
0.1260273
0.1267716
0.1205864
0.1281961
0.1239766
0.1619741
0.1706571
0.1845353
0.1859947
0.1852280
0.1870301
0.1897206
0.1890840
0.1887138
0.2064448
0.2070118
0.2086352
0.2112773
0.2114466
0.2148289
0.2149794
0.2147006
0.2111716
0.2134459
0.2123652
0.2138780
0.2096640
0.2109115
0.2122180
0.2150309
0.2125926
0.2138612
0.1969486
0.1987253
0.1991673
0.2013598
0.1993759
0.2016714
0.2020842
0.1982969
0.2019705
0.1985084
0.1990559
0.2044018
0.1818562
