58.8885617
71.9120000
76.4349705
82.8113635
82.9394029
83.0890104
83.2703359
83.4003036
83.5299309
83.6170909
83.6990071
83.7542296
83.7934523
83.8237448
83.8698157
83.9032320
83.9238798
83.9481265
83.9718430
83.9875501
84.0020654
84.0084744
84.0155041
84.0098743
84.0255519
84.0283360
84.0391067
84.0452872
84.0478995
84.0468424
84.0617133
84.0709031
84.0674729
84.0691970
84.0765141
84.0646580
84.0716974
84.0838126
84.0831646
84.0889333
84.0992211
84.0940538
84.0900610
84.0966882
84.1024142
84.1077443
84.1119757
84.1102425
84.1122872
84.2177103
84.2190694
84.2199124
84.2245017
84.2241735
84.2320839
84.2326850
84.2367495
84.2300126
84.2390739
84.2406403
84.2449568
84.2388415
84.2956926
84.3023744
84.3482762
84.3506807
84.3495055
84.3525224
84.3594900
84.3699955
84.3700660
84.4114558
84.4172072
84.4179134
84.4170510
84.4255559
84.4307523
84.4744456
84.4758728
84.4743855
84.4780952
84.4778253
84.4852630
84.5132511
84.5193243
84.5296341
84.5323775
84.5330663
84.5335525
84.5588700
84.5663712
84.5717452
84.5816041
84.5783745
84.5827972
84.5829531
84.5824057
84.5900826
84.5880368
84.5927761
84.5935895
84.6178157
