0.9999900039984007
0.9847660935625749
0.8851659336265494
0.8809226309476210
0.8406437425029987
0.8310375849660135
0.8103108756497401
0.8072620951619351
0.8014244302279088
0.8008896441423431
0.7982756897241103
0.7743402638944422
0.7877598960415834
0.7682776889244303
0.7776289484206318
0.7699870051979207
0.7719112355057977
0.7665033986405438
0.7618302678928428
0.7587864854058377
0.7609206317473011
0.7615803678528589
0.7539334266293483
0.7391643342662935
0.7520591763294682
0.7407636945221912
0.7495951619352259
0.7375699720111956
0.7314124350259896
0.7336965213914435
0.7357956817273090
0.7397191123550579
0.7310025989604159
0.7321721311475410
0.7334516193522591
0.7331367453018793
0.7247001199520192
0.7246601359456217
0.7255797680927629
0.7240503798480609
0.7190373850459817
0.7256697321071571
0.7178328668532588
0.7104308276689324
0.7150689724110355
0.7115253898440624
0.7103658536585367
0.6962115153938425
0.7162584966013594
0.7090213914434227
0.7137395041983207
0.7036285485805678
0.7073270691723310
0.7042183126749300
0.7038134746101559
0.6923580567772890
0.6938124750099961
0.6821321471411436
0.6968462614954019
0.6847710915633747
0.6897391043582567
0.7065373850459816
0.6786785285885646
0.6936575369852060
0.6869452219112355
0.6684176329468212
0.6856407437025190
0.6879248300679728
0.6739704118352658
0.6718962415033987
0.6858806477409036
0.6893642542982807
0.6804278288684527
0.6809126349460216
0.6774390243902439
0.6736555377848861
0.6830267892842863
0.6686675329868053
0.6796831267493003
0.6778388644542183
0.6699370251899240
0.6631847261095563
0.6566023590563774
0.6726159536185525
0.6646841263494603
0.6698720511795282
0.6679678128748501
0.6676529388244702
0.6489704118352659
0.6426529388244702
0.6653888444622151
0.6582017193122751
0.6544632147141143
0.6507646941223511
0.6620001999200320
0.6424330267892844
0.6574720111955217
0.6465313874450220
0.6327369052379048
0.6503048780487805
0.6393892443022791
0.6494652139144342
0.6661785285885646
0.6369152339064375
0.6482506997201120
0.6352958816473411
0.6578118752499000
0.6436175529788085
0.6500649740103959
0.6212265093962415
0.6318322670931626
0.6200919632147142
0.6255197920831668
0.6291883246701320
0.6303328668532587
0.6384846061575370
0.6361055577768893
0.6377299080367853
0.6220261895241903
0.6181377449020391
0.6337115153938424
0.6345811675329869
0.6226959216313475
0.6190573770491804
0.6069922031187525
0.6104308276689324
0.6101309476209515
0.5981757297081167
0.6074220311875249
0.6095111955217913
0.6065073970411835
0.6040833666533387
0.6285785685725710
0.6097061175529788
0.5977109156337465
0.6149640143942423
0.6068522590963614
0.6037235105957617
0.5957516993202719
0.5999450219912035
0.6016943222710915
0.5921931227508996
0.5901489404238305
0.5994152339064375
0.5831217512994802
0.5883646541383446
0.5675329868052779
0.5940823670531787
0.5880847660935625
0.5849910035985606
0.5791983206717313
0.5825719712115154
0.5707467013194722
0.5630147940823671
0.5758996401439425
0.5956317473010796
0.5750399840063973
0.5878098760495801
0.5844062375049980
0.5896041583366654
0.5760845661735305
0.5621701319472211
0.5664034386245502
0.5736255497800880
0.5768742502998800
0.5788334666133547
0.5619102359056377
0.5761095561775289
0.5725659736105557
0.5554928028788484
0.5729508196721311
0.5660385845661735
0.5563874450219912
0.5632047181127549
0.5704868052778889
0.5610055977608956
0.5720711715313874
0.5648740503798481
0.5602658936425430
0.5570771691323471
0.5539534186325470
0.5377948820471811
0.5692972810875649
0.5570871651339464
0.5458966413434626
0.5602009196321471
0.5454318272690923
0.5266693322670932
0.5525389844062375
0.5607007197121152
0.5472161135545782
0.5389294282287085
0.5488654538184725
0.5524590163934426
0.5428228708516594
0.5520841663334666
0.5243352658936425
0.5317223110755698
0.5306527389044382
0.5469012395041983
0.5349160335865655
0.5129998000799680
