273.0932171384787353
10.5481111640479224
0.0020386928627208
0.0014355800106454
0.0007652736357999
0.0006627834325714
0.0003885895577367
0.0003493223335175
0.0002806414314667
0.0003993332367591
0.0003834439304017
0.0001517495921435
0.0002978804432477
0.0001452090924641
0.0002287385625779
0.0001629103849323
0.0001189205182540
0.0001780373673005
0.0001376763692459
0.0001329760869593
0.0001628014745216
0.0001295387210705
0.0001041990747165
0.0000751749864089
0.0000897612733689
0.0001044724687546
0.0001211495725740
0.0000760204618028
0.0000799525034117
0.0000821612447036
0.0000625430813694
0.0000775814696992
0.0000678950631699
0.0000684600040805
0.0000725483526220
0.0000753517297171
0.0000498104871519
0.0000633262209118
0.0000708170211564
0.0000550634371808
0.0000786666541437
0.0000792808789649
0.0000399647744767
0.0000422554455207
0.0000556651088484
0.0000406966700871
0.0000439158681769
0.0000304260580081
0.0000493370334186
0.0000486910207867
0.0000585610796673
0.0000419353477486
0.0000623492872315
0.0000418800896971
0.0000411658233455
0.0000376159652730
0.0000420648830257
0.0000271551802646
0.0000422080636943
0.0000290468819713
0.0000341029094396
0.0000628287981008
0.0000273425004710
0.0000406953934221
0.0000323900785148
0.0000227278608001
0.0000302986206602
0.0000299037787248
0.0000333652745945
0.0000236592350147
0.0000393821444292
0.0000454411405177
0.0000361834945213
0.0000269061301055
0.0000287558306916
0.0000311412442684
0.0000308898812000
0.0000260408578400
0.0000266778639563
0.0000348539862109
0.0000233428522158
0.0000204268424224
0.0000275784906642
0.0000284250424278
0.0000342629893102
0.0000317029195322
0.0000356439727546
0.0000270024348806
0.0000222310626347
0.0000174877909810
0.0000287711494872
0.0000250315186902
0.0000230677953188
0.0000349814560301
0.0000263964296439
0.0000220246566694
0.0000282337180967
0.0000269966438488
0.0000202816693195
0.0000217699947192
0.0000143693445072
0.0000238732482928
0.0000371488985365
0.0000187504897002
0.0000208110071661
0.0000176037867175
0.0000339700011212
0.0000190789033869
0.0000274546586722
0.0000143742371975
0.0000195298030700
0.0000192717589240
0.0000154503870581
0.0000211733944844
0.0000173559370374
0.0000196070912780
0.0000170979718004
0.0000248162230198
0.0000167857624570
0.0000152539935646
0.0000222113802624
0.0000302219465335
0.0000185450730563
0.0000198354377857
0.0000159363905256
0.0000108292890607
0.0000143137568236
0.0000148710857823
0.0000204479493833
0.0000185320970859
0.0000131647117594
0.0000170372865876
0.0000263652924606
0.0000189436179994
0.0000148420893329
0.0000195630225507
0.0000245112917561
0.0000121733154467
0.0000113089235313
0.0000148232698278
0.0000175049482961
0.0000165441860229
0.0000135397076156
0.0000176593011900
0.0000099801084727
0.0000182057995994
0.0000123612196347
0.0000149551449034
0.0000098669228038
0.0000117235116270
0.0000132740488471
0.0000193012385151
0.0000099168411525
0.0000094167990863
0.0000104513211332
0.0000134535033489
0.0000124645481383
0.0000154412092252
0.0000099529557951
0.0000131786887346
0.0000146811412068
0.0000115899703564
0.0000087252666350
0.0000207343572487
0.0000123731236658
0.0000155826967067
0.0000143871168656
0.0000183267467159
0.0000156254039675
0.0000088749304677
0.0000151935608681
0.0000137409751277
0.0000099118767317
0.0000099184248472
0.0000184087356171
0.0000143578248651
0.0000181543560868
0.0000112842887289
0.0000113370190693
0.0000101968791979
0.0000136843003918
0.0000070605896572
0.0000158703416465
0.0000118971779198
0.0000102892886546
0.0000167898375614
0.0000082861546267
0.0000071756300980
0.0000100630601746
0.0000208136387061
0.0000114614794746
0.0000063841470140
0.0000107650103369
0.0000141090496945
0.0000140609919088
0.0000135613650312
0.0000065093630638
0.0000073289793605
0.0000085398814384
0.0000118920434018
0.0000112391924884
0.0000044228144279
