4.8633569110810484
4.6569348500912406
7.8111751593084371
21.9139742839891092
29.0043580248528983
33.4666421634889630
36.9391267081309707
39.7613388321818775
42.1332858547295643
44.1327589980398187
45.8291362333131076
47.3783207463972929
48.7462766480844678
49.9870114585615255
51.1342419114445335
52.2153201743075641
53.1827639151054541
54.1171176397404992
54.9971489318547171
55.8421781148965835
56.6108764222883423
57.3604964314566814
58.0717970332096698
58.7280823280172015
59.3846081436117856
59.9983997455539253
60.5920895746150947
61.1467590773564211
61.6629574499470365
62.1870618072184342
62.6857475280847751
63.1759425818115332
63.6297602624868404
64.1194654191516804
64.5726385268155099
65.0151785524009256
65.4373548975751191
65.8428480966972529
66.2584922139222101
66.6440842511397307
67.0447563013841261
67.4115953741253406
67.7680175766234214
68.1214731789471131
68.4719812039694204
68.8167539551092489
69.1497394907450058
69.4789553333058905
69.7899797004822631
70.1199611420795463
70.4078369269679456
70.7154412975950777
71.0184451503590282
71.3211583525349084
71.5931243669377864
71.8856162631725653
72.1623214113197378
72.4402710670788963
72.7098887339194988
72.9789836690314928
73.2492512878779536
73.4955709084709525
73.7616260275958950
74.0208612413381957
74.2621415921103392
74.5225787787512814
74.7606827332097765
74.9918876613512992
75.2375169743306316
75.4742600906674426
75.6832201782719522
75.9222151957479383
76.1290584425592840
76.3611996640345012
76.5669859165400908
76.7734820272869598
76.9876656393295207
77.2049661924156254
77.3958688446550696
77.6065875993660086
77.8069593080227406
77.9983577452938732
78.2085564178526766
78.3962589707727489
78.6003760245192495
78.7972651640136803
78.9839466998603115
79.1628281752735319
79.3519712476568060
79.5453846261266051
79.7222581248511233
79.8993421648706885
80.0736670216064255
80.2527557764740607
80.4177669764550842
80.5929324479662625
80.7571743966819184
80.9330795518602457
81.1030667088338504
81.2808383238180596
81.4364468215837150
81.5866502123079300
81.7558597898672588
81.9055689999976977
82.0716039908232347
82.2310376624898538
82.3946314501357193
82.5518191081072672
82.6875137555006461
82.8381048808641651
82.9846625028736895
83.1291444406766118
83.2699911456108595
83.4104717469782457
83.5514901106393495
83.6802859215961377
83.8181272514652278
83.9463821485448989
84.0772609287754733
84.2154172626306661
84.3491492546278039
84.4717469353564354
84.6001664880952831
84.7336452232108286
84.8660910163689550
84.9957234382162028
85.1212526051208300
85.2526712087913978
85.3681664596172851
85.4871406892617358
85.6166886373351161
85.7327471638947287
85.8550461069073805
85.9794849708088975
86.1031210461304539
86.2327916970976673
86.3577718881515040
86.4736621094259448
86.5914024200200743
86.7102817311283616
86.8299164055666779
86.9381275426019897
87.0636105780972258
87.1756384079065327
87.2973004160936625
87.4180108272707770
87.5328037662039407
87.6535621389322870
87.7757674288456542
87.8822709580197170
87.9931620294303940
88.0930566039198482
88.1994108875099982
88.3010390445752620
88.4034170271636981
88.5082648455628060
88.6155020265474604
88.7130297883227001
88.8179602659800906
88.9216855081582196
89.0298870726976617
89.1243951428570540
89.2222302615279546
89.3226386942255033
89.4281436877406861
89.5218651997011960
89.6207715875073063
89.7181712102559601
89.8118147557332804
89.9074796812264054
89.9994488942339927
90.1005953242891309
90.1972858098876316
90.2907203224324206
90.3833281873508128
90.4688931869534088
90.5661961669672451
90.6581977261162564
90.7538891551015752
90.8448369567783516
90.9369975584945394
91.0310041302889488
91.1271210247775514
91.2049602379002948
91.2813541928089194
91.3709343953558317
91.4539550857413559
91.5405293292662634
91.6263545382389140
91.7199029751307791
91.8024391283246359
91.8860515312420461
91.9725328116402636
92.0572407364904848
92.1412493266893762
92.2310318592776497
92.3155576043514401
92.3979503918965435
92.4712108032641424
92.5455698900776724
92.6343150512703630
92.7202282605329913
