0.9999200319872051
1.0000000000000000
0.9660935625749700
0.9602558976409437
0.9031187524990004
0.8912035185925630
0.8788884446221511
0.8752099160335866
0.8751299480207917
0.8719312275089964
0.8664534186325470
0.8489404238304679
0.8574170331867254
0.8531787285085966
0.8489004398240704
0.8393042782886845
0.8423030787684926
0.8403438624550180
0.8308276689324270
0.8329868052778888
0.8309476209516193
0.8343862455017993
0.8283086765293882
0.8226709316273491
0.8249100359856057
0.8181927229108357
0.8229108356657338
0.8197920831667334
0.8122351059576169
0.8181927229108357
0.8119952019192324
0.8117952818872451
0.8069172331067573
0.8125549780087965
0.8027588964414234
0.8078768492602959
0.8005597760895642
0.8030387844862055
0.7987205117952819
0.7985205917632947
0.7980807676929228
0.7953618552578968
0.7939624150339865
0.7908836465413834
0.7862854858056777
0.7878448620551779
0.7906437425029988
0.7836065573770492
0.7848860455817673
0.7872850859656138
0.7858856457417033
0.7809276289484206
0.7876049580167933
0.7792083166733307
0.7769692123150740
0.7720511795281887
0.7755697720911635
0.7662135145941623
0.7720111955217913
0.7664534186325470
0.7691323470611755
0.7742103158736505
0.7662934826069572
0.7665333866453419
0.7638944422231108
0.7589364254298281
0.7652538984406237
0.7644142343062775
0.7610955617752899
0.7616553378648541
0.7606957217113155
0.7595761695321871
0.7611755297880848
0.7584166333466613
0.7536585365853659
0.7546181527389044
0.7582167133146741
0.7439024390243902
0.7516593362654937
0.7570971611355458
0.7473410635745702
0.7442223110755698
0.7423030787684926
0.7525389844062375
0.7495801679328269
0.7461415433826469
0.7487804878048780
0.7465413834466214
0.7339464214314274
0.7323870451819272
0.7422630947620952
0.7378248700519792
0.7274290283886445
0.7344662135145942
0.7407836865253898
0.7172331067572971
0.7342662934826070
0.7277888844462215
0.7186325469812075
0.7240703718512594
0.7224310275889644
0.7214314274290284
0.7413834466213515
0.7256297481007596
0.7226709316273491
0.7184726109556178
0.7301879248300680
0.7101159536185526
0.7201119552179128
0.6998000799680127
0.7118352658936425
0.7025189924030388
0.6965613754498201
0.7114354258296681
0.6965213914434226
0.6988004798080768
0.7038784486205518
0.7065173930427829
0.6892842862854858
0.6858856457417033
0.7054378248700520
0.7048780487804878
0.6868852459016394
0.6988004798080768
0.6782886845261895
0.6748500599760096
0.6820071971211515
0.6712514994002399
0.6739704118352658
0.6780087964814074
0.6661335465813675
0.6656937225109956
0.6864054378248701
0.6674930027988805
0.6652938824470211
0.6817672930827668
0.6810075969612155
0.6701319472211116
0.6660535785685726
0.6668932427029188
0.6699720111955217
0.6657736905237904
0.6565373850459816
0.6609356257497001
0.6530987604958017
0.6585365853658537
0.6352259096361456
0.6562974810075970
0.6489804078368653
0.6478608556577369
0.6490603758496601
0.6440223910435826
0.6402239104358257
0.6253898440623751
0.6374650139944023
0.6568972411035586
0.6461815273890443
0.6411835265893643
0.6416633346661336
0.6446221511395441
0.6311475409836066
0.6242702918832467
0.6344262295081967
0.6393042782886845
0.6348660535785686
0.6452618952419032
0.6201119552179128
0.6352259096361456
0.6267093162734906
0.6230307876849260
0.6243102758896442
0.6225509796081568
0.6185925629748100
0.6254698120751699
0.6283086765293883
0.6245501799280287
0.6269892043182727
0.6217512994802079
0.6218312674930028
0.6164734106357457
0.6224710115953619
0.6018392642942823
0.6202718912435026
0.6115553778488605
0.6011595361855258
0.6088364654138345
0.5953618552578969
0.5774890043982407
0.6021991203518593
0.6009596161535385
0.6053978408636546
0.5888444622151140
0.6000399840063975
0.6022790883646542
0.6005197920831667
0.5994002399040383
0.5786085565773691
0.5775289884046382
0.5910035985605757
0.5893242702918833
0.5870051979208317
0.5558976409436226
