0.0015385866667507
0.0014684598946558
0.1587968783811400
0.0568994945054024
0.0235825355365229
0.0187035207869821
0.0135044919342256
0.0183979172841910
0.0103333086208335
0.0110779924320570
0.0101396629009918
0.0103785398531847
0.0088557085453545
0.0073383164903227
0.0093352993158435
0.0080157500577160
0.0060848208558851
0.0058393835315900
0.0124387826787178
0.0070217137567994
0.0054061705496002
0.0060179531620191
0.0093372560257721
0.0061612339485722
0.0057365185735306
0.0051303425934821
0.0047017584492784
0.0061055402553190
0.0056677564522337
0.0096478295975860
0.0043788533913807
0.0049033061237991
0.0044843879050732
0.0047738359766903
0.0043853203416205
0.0040650988084501
0.0040519301176989
0.0035582709622545
0.0036517071864962
0.0040380583764235
0.0041021185857639
0.0037703621237597
0.0055075912118951
0.0040745679649525
0.0049930907664302
0.0041324801426603
0.0050071595570667
0.0043759972613522
0.0040825408140821
0.0031951560006824
0.0031653264495626
0.0034852147322951
0.0034339963597807
0.0042147487015944
0.0036253038511100
0.0031142343550670
0.0033931331063606
0.0032432417308650
0.0029915445466733
0.0030932934711415
0.0034652399232893
0.0030386812190836
0.0030190254311192
0.0035022295042315
0.0031283686524477
0.0028805864943447
0.0053417377911207
0.0040381293946106
0.0029707956222504
0.0034757353752846
0.0027029006964501
0.0032972938899556
0.0034339103488714
0.0030584197392569
0.0028715470931418
0.0029851736768716
0.0031067709701500
0.0034290967659920
0.0030980076157552
0.0034200404750886
0.0032224210097999
0.0026610260620541
0.0026409224957742
0.0034852310067751
0.0028441878906458
0.0029527393729665
0.0025919001445818
0.0040146763090770
0.0033194685657818
0.0030137439133151
0.0031186977106063
0.0028076128887938
0.0029193440806843
0.0028348904437819
0.0030872845409161
0.0029938400809888
0.0026602094039224
0.0029617940695205
0.0027300700616293
0.0031608369603033
0.0037587257068528
0.0025189727030810
0.0023420540687675
0.0024109830780122
0.0031170893530503
0.0027998536599517
0.0032991470722346
0.0055498562016008
0.0025454115865856
0.0026168272592276
0.0027630487771910
0.0038284281083728
0.0023225168001382
0.0026682088214162
0.0027136409793132
0.0025371981024487
0.0025319358865625
0.0024979999937781
0.0024651434411428
0.0023909852850269
0.0023441397043236
0.0025360243302664
0.0023795245464747
0.0023814871748018
0.0026462990153695
0.0028711494510119
0.0027165165474514
0.0025688317355550
0.0022977061597634
0.0023376773635653
0.0025357309296538
0.0028743557252856
0.0029157857126028
0.0024383487801166
0.0023206626146868
0.0026142647609935
0.0025129129158763
0.0022848436337462
0.0024671332878732
0.0022979900940939
0.0023744024091110
0.0023758798921830
0.0034964866381616
0.0028945416009973
0.0021063311057191
0.0035952096672851
0.0021382631825217
0.0021199438867982
0.0023477783524811
0.0020920253409973
0.0021422474007998
0.0029050806591685
0.0020930147411269
0.0022221608463329
0.0021873164181239
0.0023115775999079
0.0020276933231905
0.0020583903738553
0.0021222031029401
0.0024227818075922
0.0023787868162373
0.0021647844482531
0.0027226707220649
0.0021697111355184
0.0024381298803750
0.0026214959439020
0.0021628564360610
0.0021245394168657
0.0022999388210415
0.0022975443786133
0.0020691347515024
0.0022152002302711
0.0022920375775848
0.0021839492065582
0.0022493417525832
0.0021728152120294
0.0020607985204674
0.0021151381383346
0.0021651262635578
0.0020315194797314
0.0023469080391800
0.0022083713252275
0.0019727171172781
0.0020422235543794
0.0021014530420411
0.0026556484172602
0.0022490587198318
0.0021027767434865
0.0029356601082387
0.0019891838131926
0.0020395634893759
0.0022405298183282
0.0030189644342454
0.0021222171753399
0.0019460927507910
0.0019805872705229
0.0022945083785136
0.0019342727238261
0.0031321761722536
0.0022866831006402
0.0021642350349700
0.0022681187701230
