273.0947557251454896
10.5495796239425790
0.1608355712438608
0.0583350745160479
0.0243478091723228
0.0193663042195535
0.0138930814919623
0.0187472396177085
0.0106139500523002
0.0114773256688161
0.0105231068313935
0.0105302894453281
0.0091535889886022
0.0074835255827867
0.0095640378784215
0.0081786604426484
0.0062037413741391
0.0060174208988905
0.0125764590479637
0.0071546898437587
0.0055689720241218
0.0061474918830896
0.0094414551004886
0.0062364089349811
0.0058262798468995
0.0052348150622367
0.0048229080218524
0.0061815607171218
0.0057477089556454
0.0097299908422896
0.0044413964727501
0.0049808875934983
0.0045522829682430
0.0048422959807708
0.0044578686942425
0.0041404505381672
0.0041017406048508
0.0036215971831663
0.0037225242076525
0.0040931218136043
0.0041807852399076
0.0038496430027246
0.0055475559863719
0.0041168234104733
0.0050487558752786
0.0041731768127475
0.0050510754252436
0.0044064233193602
0.0041318778475007
0.0032438470214691
0.0032238875292299
0.0035271500800438
0.0034963456470122
0.0042566287912915
0.0036664696744556
0.0031518503203400
0.0034351979893863
0.0032703969111296
0.0030337526103676
0.0031223403531128
0.0034993428327289
0.0031015100171844
0.0030463679315902
0.0035429248976537
0.0031607587309625
0.0029033143551447
0.0053720364117810
0.0040680331733354
0.0030041608968449
0.0034993946102993
0.0027422828408794
0.0033427350304733
0.0034700938433927
0.0030853258693624
0.0029003029238334
0.0030163149211400
0.0031376608513500
0.0034551376238320
0.0031246854797115
0.0034548944612995
0.0032457638620157
0.0026814529044765
0.0026685009864385
0.0035136560492029
0.0028784508799560
0.0029844422924987
0.0026275441173363
0.0040416787439576
0.0033416996284165
0.0030312317042961
0.0031474688600934
0.0028326444074840
0.0029424118760030
0.0028698718998120
0.0031136809705599
0.0030158647376582
0.0026884431220190
0.0029887907133693
0.0027503517309488
0.0031826069550225
0.0037730950513600
0.0025428459513739
0.0023792029673040
0.0024297335677124
0.0031379003602164
0.0028174574466692
0.0033331170733559
0.0055689351049876
0.0025728662452579
0.0026312014964251
0.0027825785802610
0.0038476998672967
0.0023379671871963
0.0026893822159006
0.0027309969163506
0.0025568051937267
0.0025490338583629
0.0025228162167979
0.0024819292035998
0.0024062392785915
0.0023663510845860
0.0025662462767998
0.0023980696195310
0.0024013226125875
0.0026622354058951
0.0028819787400726
0.0027308303042750
0.0025837028213374
0.0023181541091467
0.0023562094606512
0.0025488956414132
0.0028913930118732
0.0029421510050634
0.0024572923981159
0.0023355047040197
0.0026338277835442
0.0025374242076324
0.0022970169491929
0.0024784422114045
0.0023128133639217
0.0023919073574071
0.0023924240782059
0.0035100263457772
0.0029122009021873
0.0021163112141918
0.0036134154668845
0.0021506244021564
0.0021348990317015
0.0023576452752849
0.0021037488526243
0.0021555214496469
0.0029243818976836
0.0021029315822795
0.0022315776454193
0.0021977677392571
0.0023250311032568
0.0020401578713287
0.0020738315830805
0.0021321560587352
0.0024359604963268
0.0023934679574441
0.0021763744186095
0.0027313959886999
0.0021904454927671
0.0024505030040407
0.0026370786406087
0.0021772435529266
0.0021428661635816
0.0023155642250090
0.0023064193090811
0.0020843283123705
0.0022289412053988
0.0023019494543165
0.0021938676314054
0.0022677504882003
0.0021871730368945
0.0020789528765542
0.0021264224270636
0.0021764632826271
0.0020417163589293
0.0023605923395718
0.0022154319148847
0.0019885874589246
0.0020541207322992
0.0021117423306957
0.0026724382548216
0.0022573448744585
0.0021099523735845
0.0029457231684133
0.0020099974518987
0.0020510249688504
0.0022469139653423
0.0030297294445823
0.0021363262250345
0.0019601537426998
0.0019941486355541
0.0023010177415774
0.0019416017031866
0.0031407160536921
0.0022985751440419
0.0021754742274584
0.0022725415845509
