2.3066092674573264
2.3030941386858621
1.4954511061350506
0.6467148332754771
0.4624429431299368
0.3828859485149384
0.3326720813711485
0.2992513227899869
0.2739696581284206
0.2555700340787570
0.2413471458554268
0.2296287859221299
0.2197251868307591
0.2115583847175042
0.2046835454175870
0.1985202706257502
0.1930163173625867
0.1881664060701926
0.1843496220628421
0.1800734667902191
0.1765255330532789
0.1734907823026180
0.1709401517699162
0.1683031175444524
0.1655635764539242
0.1632872215578954
0.1612612552086512
0.1593998665203651
0.1577319319382310
0.1563606191277504
0.1544456855297089
0.1529184433788061
0.1515216428538163
0.1501044738709927
0.1487866362253825
0.1475431284328302
0.1464341272741556
0.1452797332654397
0.1441850708991289
0.1432398489177227
0.1421796730786562
0.1412366007884344
0.1405033526008328
0.1395021034012238
0.1387745008702079
0.1378966250404716
0.1372423421745499
0.1364460503906011
0.1357099335881571
0.1349074280937513
0.1342736901526650
0.1336268064809342
0.1330315406670173
0.1324003850728274
0.1318019238551458
0.1311401915868123
0.1305687523707748
0.1300401616106431
0.1294656135360400
0.1289802577743928
0.1284723044370611
0.1279717643380165
0.1274372358967860
0.1269764119550586
0.1265147358044982
0.1260329951673746
0.1257705332159996
0.1252641220917304
0.1247194911499818
0.1242938631524642
0.1239096652706464
0.1235196262677511
0.1232362429400285
0.1227637018084526
0.1224526340087255
0.1220804542352756
0.1217457239727179
0.1213536623542508
0.1210561571553350
0.1206961568690836
0.1203398119240999
0.1200112304960688
0.1196348220378161
0.1194117919450005
0.1190368071804444
0.1187243073632320
0.1184163021981716
0.1182459932173292
0.1178853619009256
0.1175884357601404
0.1173359803924958
0.1170518120944500
0.1167515918254852
0.1164680823882421
0.1163028393002848
0.1160171279432873
0.1157856624459227
0.1155027685503165
0.1152485635101795
0.1149752374149859
0.1148284284760555
0.1145512577513854
0.1142625559449196
0.1140485369240244
0.1138894696806868
0.1135913643230995
0.1134181447590391
0.1133583181341489
0.1129854348694285
0.1127748593163987
0.1125946792890628
0.1124791127646963
0.1121975023532907
0.1120347183351715
0.1118476656665405
0.1116859550664822
0.1114943840821584
0.1113246260901292
0.1111785407513380
0.1109848653495312
0.1108220516187449
0.1106945475270351
0.1105107419629892
0.1103241645423075
0.1102050195212166
0.1100157633252442
0.1098441530468563
0.1096991804445783
0.1094922583341598
0.1093777494663994
0.1092278725157181
0.1091505219548941
0.1089757658615708
0.1087876322920124
0.1086377356067300
0.1084862314914664
0.1082781882268687
0.1081507370471954
0.1080376238390803
0.1078831507384777
0.1077341845795512
0.1076086865171790
0.1075436032404502
0.1073453762126466
0.1071083464985093
0.1070296796883146
0.1068309100970626
0.1066424049089352
0.1064967502670983
0.1063512543126941
0.1062241030059755
0.1062149963547786
0.1060417194994787
0.1059253003465633
0.1058402531916897
0.1056721359521151
0.1054983440339565
0.1054333433836699
0.1053169810513655
0.1052082013284167
0.1050860067268213
0.1049910528982679
0.1049029905984799
0.1047709686810772
0.1046369591558973
0.1045883142520984
0.1044366983835896
0.1043172602588932
0.1042420131365458
0.1041172964821259
0.1040424043908715
0.1039263947357734
0.1038089502945542
0.1037037368039290
0.1036084293571611
0.1034911210894585
0.1034099698632956
0.1033075418780247
0.1032256214400133
0.1030893887753288
0.1030182249615590
0.1029334210733573
0.1028127593268951
0.1027497902870178
0.1026939245432615
0.1026870907068252
0.1025321178267399
0.1024604618494709
0.1024287805723647
0.1022501406545440
0.1021618024423718
0.1020905214026570
0.1020687388867140
0.1019307643632094
0.1018594116598368
0.1017643546899160
0.1017143785849214
0.1016086715564132
0.1016456376095613
0.1014999559149146
0.1013800176250438
0.1013020839874943
