12.4849999999999994
12.5700000000000003
55.8633333333333368
81.9366666666666674
87.9916666666666600
90.2066666666666634
91.5516666666666623
92.4133333333333269
93.1333333333333400
93.6616666666666617
93.9899999999999949
94.2516666666666652
94.5433333333333366
94.7099999999999937
94.9683333333333337
95.0349999999999966
95.2000000000000028
95.3100000000000023
95.3516666666666737
95.4533333333333331
95.5550000000000068
95.6733333333333320
95.7249999999999943
95.7750000000000057
95.8166666666666629
95.8833333333333400
95.9549999999999983
95.9716666666666640
96.0250000000000057
96.0799999999999983
96.0983333333333292
96.1650000000000063
96.1733333333333320
96.2300000000000040
96.2516666666666652
96.3133333333333326
96.3349999999999937
96.3616666666666646
96.3783333333333303
96.4133333333333269
96.4466666666666725
96.4783333333333388
96.5000000000000000
96.5100000000000051
96.5316666666666663
96.5450000000000017
96.5766666666666680
96.5733333333333377
96.6099999999999994
96.6466666666666612
96.6899999999999977
96.7033333333333331
96.7033333333333331
96.7266666666666737
96.7349999999999994
96.7583333333333400
96.7833333333333314
96.7816666666666663
96.8083333333333371
96.8266666666666680
96.8333333333333286
96.8750000000000000
96.8783333333333303
96.8866666666666703
96.8850000000000051
96.9099999999999966
96.9050000000000011
96.9266666666666623
96.9466666666666725
96.9516666666666680
96.9616666666666731
96.9599999999999937
96.9766666666666737
97.0016666666666652
97.0133333333333354
97.0199999999999960
96.9950000000000045
97.0183333333333309
97.0466666666666669
97.0499999999999972
97.0550000000000068
97.0649999999999977
97.0683333333333280
97.0633333333333326
97.0766666666666680
97.1033333333333388
97.1033333333333388
97.1083333333333343
97.1116666666666646
97.1149999999999949
97.1216666666666697
97.1350000000000051
97.1516666666666708
97.1383333333333354
97.1599999999999966
97.1350000000000051
97.1566666666666663
97.1983333333333377
97.1916666666666629
97.1833333333333371
97.2133333333333383
97.2033333333333331
97.1850000000000023
97.2033333333333331
97.2383333333333297
97.2383333333333297
97.2483333333333348
97.2183333333333337
97.2633333333333354
97.2733333333333263
97.2733333333333263
97.2583333333333400
97.2666666666666657
97.2800000000000011
97.2666666666666657
97.2916666666666714
97.2916666666666714
97.2800000000000011
97.2866666666666617
97.2916666666666714
97.3066666666666720
97.3083333333333371
97.3050000000000068
97.3100000000000023
97.3100000000000023
97.3349999999999937
97.3383333333333383
97.3250000000000028
97.3316666666666634
97.3366666666666731
97.3499999999999943
97.3583333333333343
97.3516666666666737
97.3850000000000051
97.3733333333333348
97.3799999999999955
97.3933333333333309
97.3816666666666606
97.3916666666666657
97.3900000000000006
97.3966666666666612
97.4150000000000063
97.4316666666666720
97.4249999999999972
97.4133333333333269
97.4133333333333269
97.4266666666666623
97.4416666666666629
97.4399999999999977
97.4416666666666629
97.4316666666666720
97.4416666666666629
97.4516666666666680
97.4533333333333331
97.4500000000000028
97.4699999999999989
97.4816666666666691
97.4816666666666691
97.4899999999999949
97.4599999999999937
97.4833333333333343
97.4783333333333388
97.4966666666666697
97.4833333333333343
97.4950000000000045
97.4766666666666737
97.4966666666666697
97.4816666666666691
97.5049999999999955
97.5083333333333400
97.5066666666666606
97.5133333333333354
97.5083333333333400
97.5216666666666612
97.5349999999999966
97.5400000000000063
97.5416666666666714
97.5433333333333366
97.5533333333333275
97.5433333333333366
97.5583333333333371
97.5483333333333320
97.5583333333333371
97.5633333333333326
97.5699999999999932
97.5633333333333326
97.5849999999999937
97.5583333333333371
97.5683333333333280
97.5883333333333383
97.5766666666666680
97.5849999999999937
97.5866666666666731
97.5999999999999943
97.5883333333333383
97.5999999999999943
97.5883333333333383
97.5966666666666640
97.6050000000000040
97.6133333333333297
97.6099999999999994
97.5999999999999943
