2.3031053935368857
2.3031023829778037
1.4951515174547831
0.6464822287718455
0.4622181036035220
0.3828407809495926
0.3325801798582077
0.2992311693231265
0.2739172208448251
0.2555134181598822
0.2412642533838749
0.2295917419979970
0.2196993132253488
0.2115336886326472
0.2046540129522482
0.1985054244856040
0.1930076103587945
0.1881397328754266
0.1843191564997037
0.1800592961713672
0.1764885371814172
0.1734878675421079
0.1709357550486922
0.1682876913761099
0.1655524198263884
0.1632869507417083
0.1612128295982878
0.1593730293363333
0.1577542460560799
0.1563570517579714
0.1544355640148123
0.1529238279740016
0.1515141012772918
0.1501026059950391
0.1487801425089439
0.1475434983462095
0.1464332043240468
0.1452766713380814
0.1441782307902972
0.1432458535631498
0.1421750874181588
0.1412348571976026
0.1404988540937503
0.1395025872766971
0.1387676834255457
0.1378941797872384
0.1372469356993834
0.1364312775120139
0.1357222988049189
0.1348978601882855
0.1342514089201887
0.1336215180267890
0.1330141870389382
0.1324049734244744
0.1317839861194293
0.1311295485998193
0.1305665096064409
0.1300162180284659
0.1294665684809287
0.1289491241688530
0.1284610924661160
0.1279491639519731
0.1274330936625600
0.1269709908743699
0.1265175592442354
0.1260201477617025
0.1257665027546386
0.1252468682542443
0.1247189300805330
0.1242863275393844
0.1239114040722450
0.1235169978524248
0.1232317263652881
0.1227636270801226
0.1224504677385092
0.1220629722088575
0.1217360472579797
0.1213499573742350
0.1210448976705472
0.1206933629458149
0.1203468948001663
0.1200171494563421
0.1196400501752893
0.1194093700637420
0.1190355921854575
0.1187226846136153
0.1184031418651342
0.1182428021515409
0.1179013823290666
0.1175924889375766
0.1173230402141809
0.1170460891738534
0.1167568258528908
0.1164660080785553
0.1162934955954552
0.1160045504932602
0.1157720379725099
0.1155013435115417
0.1152395640765627
0.1149765379572908
0.1148306081111233
0.1145417519909640
0.1142465270226200
0.1140522671724359
0.1138659882918000
0.1135938378259540
0.1134213969136278
0.1133558684627215
0.1129814848393202
0.1127616987153888
0.1125921993657947
0.1124861706942320
0.1121877327948809
0.1120376503452659
0.1118391367604335
0.1116824324409167
0.1114858340506752
0.1113389563918114
0.1111706644043326
0.1109891008322438
0.1108164807468653
0.1106758919571837
0.1105041462791463
0.1103269014855226
0.1101945164094369
0.1100192299984395
0.1098526161509255
0.1096876898099979
0.1095024623160561
0.1093681992471218
0.1092266821578145
0.1091563885490100
0.1089690985873342
0.1087843824823697
0.1086422067498167
0.1084711230312785
0.1082911307881276
0.1081451870356997
0.1080444255431493
0.1078757573063175
0.1077280289831261
0.1076010011146466
0.1075455601294835
0.1073539161125819
0.1071023648247123
0.1070345249399543
0.1068231756145755
0.1066489344388247
0.1064956444203854
0.1063478957583507
0.1062272355794907
0.1062001512452960
0.1060397089004517
0.1059319001654784
0.1058282093152404
0.1056719817149142
0.1055078523452083
0.1054248797431588
0.1053137106085817
0.1052191349163651
0.1050848393087586
0.1049885772186021
0.1049024058123430
0.1047652411922812
0.1046438041865826
0.1045748316700260
0.1044306463350852
0.1043219990906616
0.1042468263506889
0.1041187938744823
0.1040322503050168
0.1039171139707168
0.1038066691130400
0.1037019395867984
0.1035984917052090
0.1034940930518011
0.1034058384627104
0.1033103126366933
0.1032216386904319
0.1030906178772450
0.1030216178591053
0.1029337763185302
0.1028162613516053
0.1027519467410942
0.1026852947165569
0.1026707648202777
0.1025357609810928
0.1024634635262191
0.1024231281464299
0.1022407657672962
0.1021676678751906
0.1020950556019942
0.1020659331430992
0.1019216149911285
0.1018628620771070
0.1017543716539939
0.1017148070583741
0.1016050638611118
0.1016423699433605
0.1015023606546223
0.1013814890729884
0.1012942177231113
