9.6133333333333333
10.0983333333333345
55.9183333333333366
81.9416666666666629
87.9399999999999977
90.2466666666666697
91.5466666666666669
92.4216666666666669
93.1166666666666742
93.6633333333333269
94.0116666666666703
94.2450000000000045
94.5383333333333411
94.7100000000000080
94.9616666666666731
95.0516666666666623
95.2116666666666731
95.3200000000000074
95.3283333333333189
95.4516666666666680
95.5566666666666720
95.6666666666666714
95.7199999999999989
95.7566666666666606
95.8150000000000119
95.8766666666666794
95.9383333333333326
95.9699999999999989
96.0183333333333451
96.0783333333333331
96.0933333333333337
96.1633333333333269
96.1683333333333508
96.2299999999999898
96.2533333333333303
96.3116666666666674
96.3433333333333337
96.3533333333333388
96.3933333333333309
96.4116666666666760
96.4516666666666680
96.4699999999999989
96.4966666666666697
96.5133333333333354
96.5366666666666760
96.5466666666666669
96.5683333333333280
96.5783333333333331
96.6016666666666737
96.6383333333333354
96.6883333333333326
96.7049999999999983
96.6983333333333235
96.7233333333333434
96.7283333333333246
96.7583333333333258
96.7866666666666617
96.7866666666666617
96.8066666666666578
96.8199999999999932
96.8416666666666686
96.8716666666666697
96.8783333333333303
96.8850000000000051
96.8866666666666703
96.9066666666666663
96.9099999999999966
96.9216666666666669
96.9416666666666771
96.9533333333333331
96.9699999999999989
96.9666666666666686
96.9833333333333343
97.0033333333333303
96.9966666666666697
97.0199999999999960
96.9950000000000045
97.0133333333333354
97.0499999999999972
97.0499999999999972
97.0516666666666765
97.0583333333333371
97.0599999999999881
97.0633333333333184
97.0849999999999937
97.1083333333333343
97.1016666666666595
97.1099999999999994
97.1116666666666788
97.1100000000000136
97.1233333333333348
97.1350000000000051
97.1550000000000011
97.1383333333333354
97.1616666666666617
97.1316666666666606
97.1550000000000011
97.1983333333333377
97.1933333333333280
97.1783333333333275
97.2016666666666680
97.2000000000000028
97.1949999999999932
97.2049999999999983
97.2450000000000045
97.2383333333333439
97.2516666666666652
97.2166666666666686
97.2650000000000006
97.2716666666666612
97.2750000000000057
97.2666666666666657
97.2633333333333496
97.2716666666666612
97.2750000000000057
97.2883333333333269
97.2950000000000017
97.2833333333333456
97.2900000000000063
97.2950000000000017
97.3000000000000114
97.3083333333333371
97.3133333333333468
97.3166666666666771
97.3183333333333280
97.3349999999999937
97.3449999999999989
97.3200000000000074
97.3300000000000125
97.3366666666666731
97.3500000000000085
97.3583333333333201
97.3549999999999898
97.3816666666666606
97.3833333333333258
97.3749999999999858
97.3833333333333258
97.3833333333333258
97.3933333333333309
97.3966666666666612
97.3983333333333263
97.4149999999999920
97.4249999999999972
97.4316666666666578
97.4099999999999966
97.4233333333333320
97.4283333333333417
97.4383333333333326
97.4416666666666771
97.4350000000000023
97.4350000000000023
97.4533333333333189
97.4483333333333377
97.4549999999999983
97.4549999999999983
97.4666666666666828
97.4966666666666697
97.4833333333333485
97.4883333333333297
97.4600000000000080
97.4716666666666640
97.4866666666666788
97.4950000000000045
97.4733333333333292
97.5000000000000142
97.4833333333333485
97.4966666666666697
97.4783333333333388
97.5000000000000000
97.5049999999999955
97.5066666666666748
97.5100000000000051
97.5033333333333445
97.5166666666666799
97.5400000000000063
97.5433333333333366
97.5466666666666669
97.5400000000000063
97.5449999999999875
97.5466666666666669
97.5549999999999926
97.5483333333333320
97.5533333333333417
97.5633333333333326
97.5649999999999977
97.5566666666666720
97.5900000000000034
97.5566666666666720
97.5616666666666532
97.5883333333333383
97.5833333333333286
97.5900000000000034
97.5849999999999937
97.6050000000000040
97.5883333333333383
97.6016666666666595
97.5900000000000034
97.5983333333333292
97.6050000000000040
97.6099999999999994
97.6016666666666737
97.5900000000000034
