10.0023333
16.5086667
12.4823333
11.2463333
11.2366667
11.2366667
11.2396667
11.7696667
12.9470000
14.6243333
20.6813333
25.3536667
27.9960000
30.8260000
36.2250000
43.8413333
52.0413333
58.8970000
64.3163333
69.0396667
72.6610000
75.4473333
77.7620000
79.8053333
81.3753333
82.7730000
83.9690000
84.9423333
85.8000000
86.5616667
87.2123333
87.7973333
88.3113333
88.6936667
89.0866667
89.4543333
89.7776667
90.0560000
90.3373333
90.6336667
90.8696667
91.1106667
91.3303333
91.5350000
91.7383333
91.9193333
92.0876667
92.2556667
92.4080000
92.5870000
92.7236667
92.8790000
93.0090000
93.1406667
93.2563333
93.3730000
93.4690000
93.5770000
93.6710000
93.7646667
93.8586667
93.9666667
94.0540000
94.1290000
94.2006667
94.2943333
94.3700000
94.4286667
94.4850000
94.5533333
94.5993333
94.6673333
94.7220000
94.7706667
94.8350000
94.8763333
94.9253333
94.9753333
95.0280000
95.0616667
95.1136667
95.1590000
95.2113333
95.2393333
95.2863333
95.3170000
95.3496667
95.3900000
95.4320000
95.4746667
95.5086667
95.5353333
95.5706667
95.5990000
95.6260000
95.6596667
95.6886667
95.7150000
95.7356667
95.7806667
95.7883333
95.8123333
95.8466667
95.8696667
95.8903333
95.9173333
95.9446667
95.9623333
95.9833333
96.0103333
96.0326667
96.0483333
96.0753333
96.0910000
96.1040000
96.1240000
96.1416667
96.1580000
96.1743333
96.1936667
96.2086667
96.2386667
96.2516667
96.2640000
96.2776667
96.2960000
96.3133333
96.3216667
96.3500000
96.3483333
96.3830000
96.3873333
96.4006667
96.4223333
96.4340000
96.4470000
96.4653333
96.4793333
96.4933333
96.4976667
96.5120000
96.5110000
96.5360000
96.5543333
96.5450000
96.5683333
96.5796667
96.5910000
96.6146667
96.6166667
96.6260000
96.6346667
96.6413333
96.6510000
96.6663333
96.6686667
96.6743333
96.7096667
96.7083333
96.7043333
96.7340000
96.7356667
96.7363333
96.7470000
96.7660000
96.7673333
96.7893333
96.7986667
96.8040000
96.8090000
96.8156667
96.8140000
96.8373333
96.8380000
96.8406667
96.8536667
96.8570000
96.8683333
96.8696667
96.8763333
96.8826667
96.8913333
96.9036667
96.9070000
96.9263333
96.9166667
96.9460000
96.9433333
96.9510000
96.9536667
96.9610000
96.9686667
96.9546667
96.9830000
96.9890000
96.9980000
96.9966667
97.0010000
97.0080000
97.0240000
97.0196667
97.0290000
