9.2975325
14.9050999
10.0749447
11.2314810
11.2366667
11.2366667
11.2344074
10.8352765
9.9537640
10.9142970
18.2872812
22.6281850
24.7788364
25.9942302
28.5995105
34.8537840
43.4042741
51.2185406
58.0487639
64.1225273
68.6348958
72.1126965
74.9531071
77.6061857
79.6305435
81.3591500
82.8406101
83.9708495
85.0277661
85.9415428
86.7076414
87.3801836
87.9658955
88.3940446
88.8257142
89.2490565
89.5884647
89.8899772
90.1865092
90.4712232
90.7329142
90.9746553
91.1917484
91.4127655
91.6370899
91.8129358
91.9847440
92.1681268
92.3117784
92.5089799
92.6477371
92.7895215
92.9257078
93.0571493
93.1680129
93.2742260
93.3726844
93.4681679
93.5638988
93.6578376
93.7445018
93.8590232
93.9418906
94.0167232
94.0950948
94.1963394
94.2611734
94.3163374
94.3887890
94.4564416
94.5135768
94.5727529
94.6267190
94.6641088
94.7249177
94.7702500
94.8199687
94.8554955
94.9139848
94.9517939
95.0054521
95.0547709
95.1090980
95.1378725
95.1793405
95.2048952
95.2439098
95.2946536
95.3244978
95.3688493
95.3896330
95.4091287
95.4373783
95.4809848
95.5005716
95.5398004
95.5697191
95.5968749
95.6149764
95.6526814
95.6612403
95.6821458
95.7139258
95.7334145
95.7731573
95.7901342
95.8245514
95.8400025
95.8540360
95.8716560
95.9038271
95.9168720
95.9470189
95.9529174
95.9661742
95.9799919
96.0019908
96.0214255
96.0402086
96.0593963
96.0678210
96.1065240
96.1105134
96.1345951
96.1478764
96.1640247
96.1721770
96.1904361
96.2146858
96.2197312
96.2483518
96.2517557
96.2726447
96.2884794
96.3007469
96.3264696
96.3354353
96.3430649
96.3663310
96.3678962
96.3798476
96.3887669
96.4110421
96.4340859
96.4194716
96.4358854
96.4618006
96.4749764
96.4941399
96.4936802
96.5079595
96.5195042
96.5266611
96.5354741
96.5559823
96.5520713
96.5625137
96.5957301
96.5916809
96.5879387
96.6291014
96.6304390
96.6249926
96.6484293
96.6706823
96.6716313
96.6798046
96.6914348
96.7026781
96.6989813
96.7116672
96.7196907
96.7351975
96.7411241
96.7442049
96.7569010
96.7634779
96.7692461
96.7675400
96.7801827
96.7891254
96.7962227
96.8066059
96.8155501
96.8287419
96.8164572
96.8480715
96.8455819
96.8505412
96.8564740
96.8578908
96.8766538
96.8587427
96.8889953
96.8889158
96.9084223
96.9056444
96.9037231
96.9135785
96.9337851
96.9217303
96.9459850
