0.8040727
1.8294308
2.7464718
0.0169444
0.0000000
0.0000000
0.0060000
1.0660000
3.4148363
4.2325987
2.7312568
3.1093685
3.6703043
5.5123295
8.6995474
10.2534547
9.8535977
8.7599781
7.1503630
5.6097234
4.5931850
3.8043238
3.2045283
2.5088998
1.9905453
1.6129922
1.2873248
1.1083183
0.8810038
0.7074689
0.5757783
0.4759057
0.3940931
0.3418242
0.2977079
0.2341903
0.2158513
0.1894073
0.1720678
0.1853237
0.1560142
0.1551687
0.1581047
0.1394513
0.1155037
0.1213837
0.1174195
0.0998699
0.1097745
0.0890094
0.0866243
0.1020817
0.0950240
0.0952809
0.1007604
0.1126864
0.1098818
0.1241612
0.1221866
0.1218761
0.1302451
0.1228052
0.1279001
0.1280911
0.1204418
0.1117964
0.1241549
0.1281510
0.1097624
0.1105391
0.0978355
0.1079022
0.1087014
0.1215666
0.1255875
0.1210252
0.1202054
0.1367171
0.1300743
0.1253484
0.1234567
0.1189099
0.1166352
0.1157516
0.1220628
0.1278949
0.1206529
0.1087760
0.1226440
0.1207219
0.1357997
0.1439807
0.1520621
0.1346378
0.1430952
0.1367496
0.1357015
0.1347632
0.1376897
0.1460122
0.1449943
0.1485246
0.1514376
0.1554435
0.1336804
0.1451153
0.1370337
0.1395612
0.1475089
0.1582101
0.1469868
0.1499778
0.1463876
0.1575317
0.1572387
0.1642917
0.1593494
0.1558111
0.1530163
0.1531825
0.1606840
0.1507551
0.1610348
0.1476317
0.1480713
0.1505641
0.1610383
0.1497145
0.1543733
0.1467159
0.1536135
0.1546739
0.1460540
0.1527074
0.1520219
0.1375072
0.1481943
0.1554620
0.1448908
0.1480488
0.1507662
0.1394497
0.1425584
0.1371844
0.1432092
0.1511033
0.1344677
0.1323657
0.1375031
0.1403092
0.1346667
0.1313832
0.1308239
0.1317978
0.1258941
0.1330180
0.1275696
0.1299846
0.1330831
0.1327889
0.1196736
0.1200491
0.1270232
0.1124544
0.1087433
0.1091818
0.1249560
0.1223356
0.1155932
0.1255149
0.1186479
0.1075929
0.1165218
0.1105210
0.1100485
0.1103952
0.1066948
0.1130437
0.1165113
0.1096935
0.1067167
0.1085070
0.1107319
0.1043307
0.1113373
0.1143241
0.1117219
0.1115198
0.1146085
0.1108823
0.1176322
0.1049730
0.1094349
0.1072453
0.1141811
0.1021948
0.1038428
0.1109785
0.1077208
0.1029218
0.1117308
0.0947077
