10.7071341
18.1122335
14.8897220
11.2611857
11.2366667
11.2366667
11.2449259
12.7040569
15.9402360
18.3343697
23.0753855
28.0791484
31.2131636
35.6577698
43.8504895
52.8288827
60.6783926
66.5754594
70.5839028
73.9568061
76.6871042
78.7819702
80.5708929
82.0044810
83.1201232
84.1868500
85.0973899
85.9138172
86.5722339
87.1817905
87.7170253
88.2144831
88.6567711
88.9932888
89.3476192
89.6596102
89.9668687
90.2220228
90.4881574
90.7961101
91.0064192
91.2466781
91.4689183
91.6572345
91.8395768
92.0257308
92.1905894
92.3432065
92.5042216
92.6650201
92.7995963
92.9684785
93.0922922
93.2241840
93.3446538
93.4717740
93.5653156
93.6858321
93.7781012
93.8714958
93.9728315
94.0743101
94.1661094
94.2412768
94.3062385
94.3923272
94.4788266
94.5409959
94.5812110
94.6502251
94.6850899
94.7619138
94.8172810
94.8772245
94.9450823
94.9824166
95.0306980
95.0951711
95.1420152
95.1715394
95.2218812
95.2632291
95.3135686
95.3407941
95.3933261
95.4291048
95.4554236
95.4853464
95.5395022
95.5804841
95.6277003
95.6615380
95.7039550
95.7170152
95.7514284
95.7795329
95.8076142
95.8331251
95.8563570
95.9086520
95.9154264
95.9425209
95.9794075
96.0059189
96.0075094
96.0445325
96.0647820
96.0846641
96.1126306
96.1490106
96.1615063
96.1797947
96.2036477
96.2290826
96.2418258
96.2680081
96.2813425
96.2945745
96.3084581
96.3279371
96.3495124
96.3708094
96.3928199
96.3934049
96.4074569
96.4279753
96.4544896
96.4528972
96.4853142
96.4769355
96.5176482
96.5229109
96.5286887
96.5561873
96.5672531
96.5675304
96.5952314
96.6156018
96.6203357
96.6274372
96.6441524
96.6332331
96.6609579
96.6745807
96.6705284
96.7007813
96.6975328
96.7070236
96.7351935
96.7396531
96.7440405
96.7498292
96.7560055
96.7665259
96.7766844
96.7852620
96.7861530
96.8236032
96.8249858
96.8207279
96.8388986
96.8408943
96.8476741
96.8455707
96.8613177
96.8630354
96.8988621
96.9058986
96.9053219
96.9190187
96.9196662
96.9083093
96.9394692
96.9348759
96.9371284
96.9504324
96.9505221
96.9674205
96.9717933
96.9724839
96.9762079
96.9864439
97.0007275
96.9984499
97.0239248
97.0168762
97.0439285
97.0410848
97.0514588
97.0508593
97.0641092
97.0606796
97.0505906
97.0770047
97.0890842
97.0875777
97.0876889
97.0982769
97.1024215
97.1142149
97.1176031
97.1120150
