272.5862212
21.6593633
0.0012172
0.0012577
0.0014073
0.0016804
0.0021423
0.0029268
0.0043999
0.0075721
0.0161368
0.0414317
0.0790345
0.1239692
0.1464314
0.1512907
0.1613332
0.1582982
0.1413343
0.1225940
0.1019048
0.0829231
0.0682153
0.0577266
0.0493864
0.0430650
0.0383483
0.0339167
0.0307228
0.0277489
0.0253774
0.0233789
0.0221816
0.0208010
0.0195824
0.0185280
0.0173013
0.0167170
0.0158571
0.0151016
0.0144656
0.0142826
0.0136931
0.0131405
0.0129990
0.0125974
0.0124157
0.0118318
0.0114508
0.0116271
0.0113526
0.0103368
0.0104665
0.0099121
0.0095838
0.0095627
0.0097440
0.0093996
0.0088936
0.0087113
0.0085571
0.0083283
0.0080081
0.0081256
0.0080298
0.0079286
0.0074747
0.0077901
0.0072551
0.0073999
0.0072143
0.0069440
0.0070255
0.0066521
0.0064307
0.0065009
0.0063708
0.0067256
0.0066944
0.0063718
0.0065036
0.0061296
0.0060202
0.0058429
0.0056880
0.0062065
0.0060243
0.0061629
0.0060322
0.0061594
0.0055116
0.0058778
0.0063021
0.0057500
0.0057756
0.0054018
0.0054948
0.0052813
0.0052949
0.0051502
0.0051869
0.0050756
0.0054421
0.0055014
0.0049604
0.0047962
0.0050996
0.0050238
0.0048844
0.0047765
0.0045915
0.0047833
0.0050674
0.0044773
0.0050307
0.0044845
0.0051463
0.0044507
0.0044259
0.0044094
0.0045717
0.0044354
0.0045635
0.0046520
0.0041486
0.0045907
0.0045538
0.0042689
0.0041264
0.0043816
0.0042063
0.0044471
0.0044961
0.0043418
0.0043464
0.0043200
0.0043380
0.0044105
0.0041891
0.0041683
0.0041051
0.0044010
0.0040833
0.0040052
0.0039662
0.0040327
0.0039395
0.0038331
0.0038990
0.0044530
0.0037565
0.0039203
0.0041962
0.0038262
0.0037768
0.0042213
0.0040787
0.0037765
0.0039480
0.0038881
0.0038585
0.0038734
0.0038818
0.0038066
0.0041858
0.0035786
0.0038805
0.0037860
0.0037104
0.0038312
0.0036842
0.0038657
0.0038248
0.0036509
0.0035991
0.0035581
0.0036454
0.0034563
0.0038599
0.0037915
0.0034327
0.0035113
0.0035402
0.0034992
0.0037353
0.0034422
0.0038645
0.0041085
0.0041279
0.0033709
0.0034279
0.0034121
0.0038006
0.0032564
0.0038439
0.0036597
0.0036669
0.0033254
0.0033117
0.0033467
0.0032863
0.0032837
