272.1898312
21.5902248
0.0011238
0.0011404
0.0012444
0.0014376
0.0017404
0.0022045
0.0029706
0.0041825
0.0058731
0.0092900
0.0403620
0.1003577
0.1233745
0.1142981
0.1349866
0.1411460
0.1218342
0.0965550
0.0765024
0.0630348
0.0535720
0.0462211
0.0404693
0.0360627
0.0324551
0.0287768
0.0264039
0.0240084
0.0221925
0.0207633
0.0200984
0.0188631
0.0179024
0.0172080
0.0162015
0.0154690
0.0149795
0.0143323
0.0138141
0.0135000
0.0131735
0.0127489
0.0123870
0.0120833
0.0117424
0.0111003
0.0108477
0.0106745
0.0104151
0.0098561
0.0101776
0.0094058
0.0091688
0.0089826
0.0094023
0.0090364
0.0084595
0.0084547
0.0081062
0.0081175
0.0077360
0.0076845
0.0073910
0.0072478
0.0072652
0.0071034
0.0070017
0.0069758
0.0067522
0.0065645
0.0067364
0.0064370
0.0063087
0.0064096
0.0061694
0.0062031
0.0063493
0.0058360
0.0062426
0.0058655
0.0056908
0.0058064
0.0055807
0.0057008
0.0057489
0.0055082
0.0056756
0.0052710
0.0053718
0.0053924
0.0047985
0.0051941
0.0054466
0.0050519
0.0050772
0.0051007
0.0048924
0.0050364
0.0049282
0.0048669
0.0049790
0.0048415
0.0046565
0.0046241
0.0046442
0.0046438
0.0046245
0.0045669
0.0045009
0.0046752
0.0042278
0.0043519
0.0044334
0.0042869
0.0043536
0.0043886
0.0041466
0.0041494
0.0043015
0.0042453
0.0041844
0.0042884
0.0040437
0.0041776
0.0041315
0.0040870
0.0039945
0.0041297
0.0040175
0.0040503
0.0041728
0.0040445
0.0038446
0.0041180
0.0039222
0.0037728
0.0038114
0.0037911
0.0038556
0.0040508
0.0039891
0.0037385
0.0037124
0.0037235
0.0038102
0.0036804
0.0036664
0.0038654
0.0035789
0.0036933
0.0037196
0.0034858
0.0036488
0.0036494
0.0035439
0.0035481
0.0035151
0.0034912
0.0035963
0.0036479
0.0037617
0.0036299
0.0035085
0.0033634
0.0034006
0.0036509
0.0034139
0.0035441
0.0035437
0.0031827
0.0033229
0.0032038
0.0032683
0.0034288
0.0032717
0.0032750
0.0034526
0.0035109
0.0032221
0.0032109
0.0033076
0.0032307
0.0030051
0.0032621
0.0035858
0.0031960
0.0031685
0.0031401
0.0032557
0.0033252
0.0031406
0.0031050
0.0030144
0.0033366
0.0029583
0.0031887
0.0030526
0.0029953
0.0030435
0.0031023
