0.4522220
0.0788768
0.0001065
0.0001338
0.0001859
0.0002770
0.0004585
0.0008240
0.0016306
0.0038671
0.0117094
0.0366689
0.0441196
0.0269373
0.0263045
0.0422031
0.0300575
0.0195681
0.0222466
0.0297066
0.0289803
0.0226896
0.0167058
0.0131261
0.0101731
0.0079885
0.0067233
0.0058639
0.0049272
0.0042673
0.0036335
0.0029840
0.0023765
0.0022109
0.0019166
0.0015059
0.0012548
0.0014238
0.0010012
0.0008777
0.0007432
0.0008929
0.0005927
0.0004468
0.0006983
0.0005865
0.0007681
0.0008346
0.0006881
0.0010868
0.0010696
0.0005484
0.0003297
0.0005775
0.0004735
0.0006618
0.0003898
0.0004145
0.0004952
0.0002926
0.0005144
0.0002406
0.0003104
0.0005032
0.0007287
0.0007766
0.0002390
0.0007834
0.0002890
0.0004838
0.0005272
0.0004329
0.0003298
0.0002455
0.0001391
0.0001042
0.0002298
0.0005961
0.0003937
0.0006112
0.0002977
0.0003013
0.0003759
0.0000417
0.0001224
0.0005770
0.0003142
0.0007468
0.0004068
0.0010135
0.0001595
0.0005538
0.0017154
0.0006342
0.0003753
0.0003991
0.0004764
0.0002061
0.0004592
0.0001299
0.0002951
0.0002381
0.0005282
0.0007529
0.0003467
0.0001964
0.0005195
0.0004335
0.0002965
0.0002391
0.0001033
0.0001234
0.0009579
0.0001431
0.0006814
0.0002255
0.0009044
0.0000709
0.0003187
0.0002965
0.0003082
0.0002168
0.0004326
0.0004148
0.0001196
0.0004713
0.0004819
0.0002074
0.0001506
0.0002874
0.0002153
0.0004526
0.0003689
0.0003392
0.0005725
0.0002305
0.0004744
0.0007275
0.0004309
0.0004303
0.0002847
0.0003996
0.0001075
0.0003042
0.0002896
0.0003527
0.0001475
0.0001742
0.0002653
0.0006704
0.0002027
0.0002590
0.0005437
0.0003884
0.0001461
0.0006524
0.0006101
0.0002605
0.0004939
0.0004528
0.0002991
0.0002572
0.0001371
0.0002016
0.0007727
0.0002454
0.0005475
0.0001541
0.0003383
0.0003276
0.0001602
0.0007793
0.0005725
0.0005101
0.0003773
0.0001475
0.0004263
0.0002068
0.0004647
0.0003201
0.0002403
0.0003427
0.0002653
0.0003063
0.0008331
0.0002055
0.0003180
0.0010410
0.0010946
0.0002633
0.0001965
0.0000991
0.0007529
0.0001728
0.0009463
0.0003686
0.0008084
0.0001560
0.0002956
0.0004008
0.0002770
0.0002068
