272.9826112
21.7285019
0.0013106
0.0013749
0.0015702
0.0019232
0.0025441
0.0036490
0.0058293
0.0109617
0.0264006
0.0735734
0.1177070
0.1475808
0.1694883
0.1882834
0.1876798
0.1754505
0.1608343
0.1486331
0.1273071
0.1028114
0.0828586
0.0692322
0.0583035
0.0500672
0.0442415
0.0390566
0.0350417
0.0314893
0.0285623
0.0259945
0.0242647
0.0227389
0.0212624
0.0198480
0.0184012
0.0179650
0.0167348
0.0158710
0.0151170
0.0150653
0.0142127
0.0135321
0.0136111
0.0131115
0.0130890
0.0125633
0.0120539
0.0125798
0.0122902
0.0108175
0.0107555
0.0104183
0.0099988
0.0101428
0.0100857
0.0097629
0.0093277
0.0089678
0.0090080
0.0085392
0.0082801
0.0085667
0.0086685
0.0086093
0.0076842
0.0084768
0.0075084
0.0078240
0.0076764
0.0073235
0.0073146
0.0068673
0.0065526
0.0065923
0.0065723
0.0072480
0.0070395
0.0069076
0.0067645
0.0063937
0.0063497
0.0058794
0.0057953
0.0067123
0.0062997
0.0068175
0.0063888
0.0070477
0.0056515
0.0063633
0.0078057
0.0063058
0.0061046
0.0057517
0.0059124
0.0054620
0.0056975
0.0052640
0.0054455
0.0052844
0.0059051
0.0061614
0.0052643
0.0049684
0.0055549
0.0054038
0.0051443
0.0049861
0.0046820
0.0048914
0.0059071
0.0046028
0.0056279
0.0046822
0.0059391
0.0045128
0.0047053
0.0046693
0.0048419
0.0046254
0.0049427
0.0050156
0.0042535
0.0050038
0.0049762
0.0044507
0.0042584
0.0046336
0.0043950
0.0048438
0.0048195
0.0046391
0.0048482
0.0045220
0.0047539
0.0050482
0.0045668
0.0045455
0.0043546
0.0047512
0.0041775
0.0042719
0.0042200
0.0043418
0.0040688
0.0039859
0.0041316
0.0050406
0.0039342
0.0041474
0.0046729
0.0041666
0.0039049
0.0047931
0.0046135
0.0040049
0.0043810
0.0042849
0.0041208
0.0040989
0.0040020
0.0039833
0.0048632
0.0037937
0.0043604
0.0039210
0.0040070
0.0041183
0.0038246
0.0045488
0.0043266
0.0040980
0.0039298
0.0036874
0.0040190
0.0036376
0.0042673
0.0040720
0.0036434
0.0038117
0.0037728
0.0037677
0.0044656
0.0036223
0.0041432
0.0050210
0.0050874
0.0036016
0.0036002
0.0034990
0.0044606
0.0034078
0.0046734
0.0039828
0.0043755
0.0034622
0.0035708
0.0036980
0.0035291
0.0034650
