0.9999963
0.9909215
0.4210224
0.2155053
0.1411019
0.1147319
0.1035099
0.0953374
0.0906011
0.0873674
0.0850214
0.0813973
0.0815520
0.0770330
0.0741603
0.0781342
0.0721015
0.0720463
0.0705105
0.0683522
0.0679324
0.0660393
0.0632808
0.0664076
0.0659730
0.0648939
0.0625958
0.0602202
0.0618849
0.0597636
0.0585813
0.0570860
0.0564084
0.0583603
0.0568466
0.0555429
0.0579331
0.0559996
0.0560732
0.0549573
0.0561506
0.0557418
0.0537308
0.0546000
0.0528138
0.0520919
0.0533147
0.0533994
0.0529353
0.0535504
0.0522761
0.0510202
0.0518047
0.0503683
0.0521509
0.0511491
0.0501105
0.0495617
0.0497017
0.0495949
0.0504825
0.0498306
0.0493592
0.0487331
0.0501031
0.0486778
0.0486226
0.0478676
0.0482948
0.0477350
0.0472893
0.0466301
0.0463649
0.0464238
0.0463244
0.0458530
0.0455841
0.0450943
0.0448917
0.0461218
0.0454699
0.0446192
0.0447665
0.0445161
0.0441662
0.0435695
0.0446339
0.0448181
0.0441514
0.0439599
0.0432565
0.0433633
0.0423763
0.0419748
0.0413413
0.0411793
0.0415955
0.0420669
0.0420190
0.0416397
0.0408405
0.0403764
