0.9999895
0.9907581
0.4162416
0.2104744
0.1350819
0.1096124
0.0986087
0.0905836
0.0861432
0.0834769
0.0819872
0.0774816
0.0784666
0.0737950
0.0715440
0.0738645
0.0693274
0.0697282
0.0661012
0.0657650
0.0654723
0.0626223
0.0604713
0.0624138
0.0617119
0.0603243
0.0589657
0.0573576
0.0579064
0.0569528
0.0564603
0.0547223
0.0532052
0.0537737
0.0526595
0.0527979
0.0533840
0.0519147
0.0523552
0.0522042
0.0531434
0.0518134
0.0500332
0.0506415
0.0496098
0.0482537
0.0498319
0.0500981
0.0497897
0.0496759
0.0486471
0.0479124
0.0476702
0.0465273
0.0482973
0.0479540
0.0471333
0.0460609
0.0465593
0.0460214
0.0464270
0.0459017
0.0458969
0.0451237
0.0456417
0.0445568
0.0447636
0.0442851
0.0442374
0.0437579
0.0435735
0.0429616
0.0426292
0.0426502
0.0421672
0.0418971
0.0417928
0.0414941
0.0413871
0.0420081
0.0417302
0.0409891
0.0405911
0.0407277
0.0405893
0.0399837
0.0402284
0.0407409
0.0402066
0.0399187
0.0392963
0.0393888
0.0390827
0.0388164
0.0383063
0.0379767
0.0379344
0.0378902
0.0379666
0.0381837
0.0373976
0.0371720
