0.0000110
0.0002637
0.0077134
0.0081168
0.0097128
0.0082598
0.0079077
0.0076697
0.0071923
0.0062770
0.0048953
0.0063177
0.0049780
0.0052241
0.0042210
0.0068887
0.0044758
0.0037399
0.0071139
0.0041743
0.0039691
0.0055130
0.0045329
0.0064436
0.0068750
0.0073727
0.0058568
0.0046186
0.0064190
0.0045348
0.0034221
0.0038137
0.0051680
0.0074002
0.0067556
0.0044287
0.0073395
0.0065905
0.0059986
0.0044419
0.0048517
0.0063381
0.0059659
0.0063867
0.0051694
0.0061927
0.0056191
0.0053263
0.0050752
0.0062511
0.0058550
0.0050141
0.0066705
0.0061971
0.0062174
0.0051549
0.0048033
0.0056483
0.0050700
0.0057655
0.0065432
0.0063389
0.0055861
0.0058234
0.0071981
0.0066489
0.0062260
0.0057799
0.0065463
0.0064167
0.0059952
0.0059188
0.0060272
0.0060884
0.0067073
0.0063824
0.0061170
0.0058085
0.0056543
0.0066372
0.0060338
0.0058568
0.0067366
0.0061121
0.0057709
0.0057855
0.0071078
0.0065780
0.0063647
0.0065201
0.0063894
0.0064124
0.0053138
0.0050958
0.0048968
0.0051670
0.0059069
0.0067388
0.0065382
0.0055759
0.0055548
0.0051701
