1.0000032
0.9910849
0.4258032
0.2205362
0.1471220
0.1198514
0.1084111
0.1000911
0.0950589
0.0912579
0.0880555
0.0853131
0.0846374
0.0802710
0.0767765
0.0824039
0.0748757
0.0743643
0.0749197
0.0709395
0.0703925
0.0694563
0.0660903
0.0704014
0.0702342
0.0694636
0.0662258
0.0630829
0.0658635
0.0625743
0.0607023
0.0594498
0.0596115
0.0629470
0.0610338
0.0582878
0.0624822
0.0600844
0.0597912
0.0577104
0.0591577
0.0596701
0.0574285
0.0585585
0.0560178
0.0559302
0.0567974
0.0567007
0.0560810
0.0574249
0.0559050
0.0541280
0.0559391
0.0542093
0.0560044
0.0543442
0.0530876
0.0530626
0.0528441
0.0531684
0.0545380
0.0537595
0.0528215
0.0523424
0.0545646
0.0527988
0.0524815
0.0514500
0.0523522
0.0517121
0.0510052
0.0502986
0.0501006
0.0501974
0.0504816
0.0498088
0.0493755
0.0486944
0.0483963
0.0502356
0.0492097
0.0482492
0.0489419
0.0483044
0.0477430
0.0471554
0.0490394
0.0488952
0.0480963
0.0480011
0.0472167
0.0473377
0.0456698
0.0451332
0.0443764
0.0443818
0.0452566
0.0462436
0.0460714
0.0450956
0.0442833
0.0435808
