0.1163196
0.1156288
0.0268000
0.0020298
0.0028434
0.0124544
0.0237311
0.0340854
0.0429465
0.0504647
0.0569158
0.0623327
0.0661275
0.0669289
0.0630946
0.0540771
0.0418917
0.0302722
0.0219125
0.0168794
0.0141280
0.0126394
0.0117922
0.0112733
0.0109321
0.0106952
0.0105305
0.0104008
0.0102877
0.0101778
0.0100599
0.0099295
0.0097791
0.0096093
0.0094174
0.0092004
0.0089596
0.0086968
0.0084130
0.0081126
0.0077989
0.0074751
0.0071481
0.0068163
0.0064868
0.0061592
0.0058384
0.0055276
0.0052275
0.0049392
0.0046676
0.0044108
0.0041701
0.0039448
0.0037351
0.0035412
0.0033628
0.0031988
0.0030512
0.0029157
0.0027931
0.0026825
0.0025834
0.0024940
0.0024145
0.0023438
0.0022812
0.0022257
0.0021763
0.0021329
0.0020951
0.0020615
0.0020317
0.0020058
0.0019824
0.0019620
0.0019439
0.0019280
0.0019140
0.0019002
0.0018883
0.0018772
0.0018673
0.0018569
0.0018480
0.0018387
0.0018310
0.0018201
0.0018177
0.0017980
0.0018051
0.0017802
0.0017833
0.0017732
0.0018733
0.0037447
0.0254695
0.2477580
0.6048795
0.5030069
0.1841148
0.1465578
