0.1119825
0.1113124
0.0254773
0.0017954
0.0025291
0.0116755
0.0225859
0.0326811
0.0413621
0.0487402
0.0550384
0.0602724
0.0638488
0.0644193
0.0603639
0.0512546
0.0393129
0.0282710
0.0205359
0.0159515
0.0134493
0.0120846
0.0112995
0.0108173
0.0105010
0.0102837
0.0101357
0.0100214
0.0099228
0.0098266
0.0097235
0.0096091
0.0094732
0.0093186
0.0091408
0.0089359
0.0087064
0.0084529
0.0081764
0.0078811
0.0075705
0.0072488
0.0069230
0.0065918
0.0062635
0.0059375
0.0056185
0.0053107
0.0050147
0.0047315
0.0044660
0.0042158
0.0039821
0.0037645
0.0035623
0.0033760
0.0032053
0.0030491
0.0029085
0.0027800
0.0026638
0.0025584
0.0024642
0.0023786
0.0023021
0.0022347
0.0021731
0.0021194
0.0020708
0.0020275
0.0019894
0.0019556
0.0019253
0.0018990
0.0018745
0.0018533
0.0018351
0.0018178
0.0018034
0.0017894
0.0017765
0.0017653
0.0017550
0.0017444
0.0017349
0.0017253
0.0017181
0.0017055
0.0017073
0.0016735
0.0016987
0.0016476
0.0016779
0.0016731
0.0014161
0.0009273
-0.0036451
-0.0448468
-0.1423802
-0.1315820
-0.1535459
0.0262247
