0.1206568
0.1199452
0.0281227
0.0022643
0.0031578
0.0132332
0.0248764
0.0354896
0.0445308
0.0521891
0.0587932
0.0643929
0.0684062
0.0694385
0.0658253
0.0568997
0.0444706
0.0322733
0.0232890
0.0178073
0.0148066
0.0131942
0.0122848
0.0117292
0.0113632
0.0111067
0.0109252
0.0107801
0.0106525
0.0105289
0.0103963
0.0102499
0.0100850
0.0098999
0.0096940
0.0094648
0.0092129
0.0089407
0.0086497
0.0083441
0.0080274
0.0077015
0.0073731
0.0070409
0.0067101
0.0063810
0.0060582
0.0057445
0.0054403
0.0051470
0.0048692
0.0046059
0.0043580
0.0041252
0.0039079
0.0037064
0.0035202
0.0033486
0.0031939
0.0030513
0.0029224
0.0028065
0.0027027
0.0026093
0.0025268
0.0024529
0.0023892
0.0023320
0.0022819
0.0022383
0.0022008
0.0021674
0.0021380
0.0021125
0.0020903
0.0020707
0.0020528
0.0020381
0.0020246
0.0020111
0.0020000
0.0019891
0.0019797
0.0019694
0.0019612
0.0019521
0.0019439
0.0019347
0.0019281
0.0019225
0.0019115
0.0019128
0.0018887
0.0018732
0.0023304
0.0065620
0.0545841
0.5403628
1.3521393
1.1375958
0.5217756
0.2668908
