0.6961949
0.6137250
0.5782224
0.5568471
0.5293585
0.5012294
0.4774354
0.4594787
0.4468885
0.4379269
0.4314770
0.4266008
0.4227926
0.4196328
0.4169762
0.4146525
0.4126187
0.4107218
0.4090232
0.4074574
0.4059899
0.4046017
0.4033181
0.4020943
0.4009487
0.3998625
0.3988212
0.3978309
0.3968792
0.3959741
0.3951070
0.3942744
0.3934814
0.3927294
0.3919821
0.3912748
0.3906070
0.3899732
0.3893337
0.3887251
0.3881345
0.3875764
0.3870274
0.3865073
0.3860141
0.3855271
0.3850452
0.3845835
0.3841377
0.3837152
0.3833066
0.3828913
0.3825009
0.3821168
0.3817528
0.3813971
0.3810560
0.3807185
0.3803905
0.3800638
0.3797583
0.3794591
0.3791747
0.3788846
0.3786075
0.3783329
0.3780685
0.3778177
0.3775584
0.3773224
0.3770798
0.3768637
0.3766241
0.3764003
0.3761916
0.3759827
0.3757719
0.3755782
0.3753948
0.3751775
0.3749987
0.3748151
0.3746211
0.3744487
0.3742796
0.3741276
0.3739462
0.3737763
0.3736299
0.3734576
0.3733033
0.3731494
0.3730097
0.3728662
0.3727185
0.3725710
0.3724402
0.3723026
0.3721873
0.3720398
0.3719122
0.3717979
