0.6922449
0.6113466
0.5767423
0.5537716
0.5250027
0.4965654
0.4733022
0.4561898
0.4443505
0.4359612
0.4299547
0.4253511
0.4217221
0.4186770
0.4160999
0.4138236
0.4118217
0.4099655
0.4083007
0.4067523
0.4053185
0.4039416
0.4026722
0.4014669
0.4003309
0.3992621
0.3982308
0.3972561
0.3963117
0.3954177
0.3945654
0.3937432
0.3929664
0.3922213
0.3914812
0.3907846
0.3901290
0.3894875
0.3888613
0.3882678
0.3876827
0.3871377
0.3865903
0.3860758
0.3855965
0.3851231
0.3846410
0.3841854
0.3837341
0.3833194
0.3829265
0.3825200
0.3821320
0.3817482
0.3814027
0.3810454
0.3807055
0.3803707
0.3800472
0.3797299
0.3794278
0.3791180
0.3788532
0.3785618
0.3782936
0.3780206
0.3777571
0.3775118
0.3772630
0.3770375
0.3767921
0.3765815
0.3763451
0.3761220
0.3759180
0.3757077
0.3755033
0.3753132
0.3751218
0.3749199
0.3747403
0.3745555
0.3743673
0.3741990
0.3740293
0.3738917
0.3737053
0.3735353
0.3733962
0.3732124
0.3730682
0.3729154
0.3727816
0.3726252
0.3724955
0.3723443
0.3722165
0.3720753
0.3719676
0.3718195
0.3716908
0.3715834
