0.0063729
0.0038374
0.0023880
0.0049619
0.0070278
0.0075248
0.0066686
0.0053062
0.0040949
0.0031714
0.0024560
0.0020162
0.0017272
0.0015421
0.0014137
0.0013374
0.0012858
0.0012202
0.0011656
0.0011377
0.0010832
0.0010649
0.0010421
0.0010122
0.0009967
0.0009688
0.0009526
0.0009273
0.0009157
0.0008976
0.0008738
0.0008570
0.0008309
0.0008199
0.0008081
0.0007909
0.0007711
0.0007837
0.0007622
0.0007378
0.0007290
0.0007079
0.0007051
0.0006962
0.0006738
0.0006518
0.0006521
0.0006423
0.0006512
0.0006385
0.0006133
0.0005990
0.0005953
0.0005948
0.0005648
0.0005674
0.0005655
0.0005611
0.0005539
0.0005386
0.0005332
0.0005503
0.0005188
0.0005209
0.0005066
0.0005039
0.0005023
0.0004935
0.0004767
0.0004597
0.0004642
0.0004553
0.0004501
0.0004490
0.0004413
0.0004437
0.0004334
0.0004277
0.0004404
0.0004156
0.0004169
0.0004189
0.0004095
0.0004028
0.0004037
0.0003805
0.0003887
0.0003888
0.0003770
0.0003956
0.0003793
0.0003776
0.0003679
0.0003888
0.0003598
0.0003657
0.0003608
0.0003668
0.0003544
0.0003554
0.0003571
0.0003461
