0.7001449
0.6161035
0.5797025
0.5599225
0.5337144
0.5058933
0.4815686
0.4627675
0.4494266
0.4398925
0.4329992
0.4278504
0.4238632
0.4205886
0.4178524
0.4154815
0.4134156
0.4114781
0.4097456
0.4081626
0.4066613
0.4052617
0.4039640
0.4027216
0.4015665
0.4004630
0.3994116
0.3984056
0.3974468
0.3965304
0.3956486
0.3948055
0.3939964
0.3932376
0.3924830
0.3917650
0.3910849
0.3904590
0.3898062
0.3891823
0.3885864
0.3880152
0.3874644
0.3869388
0.3864318
0.3859311
0.3854494
0.3849816
0.3845413
0.3841110
0.3836867
0.3832626
0.3828699
0.3824855
0.3821028
0.3817488
0.3814065
0.3810662
0.3807338
0.3803976
0.3800888
0.3798002
0.3794963
0.3792074
0.3789215
0.3786452
0.3783798
0.3781236
0.3778539
0.3776074
0.3773675
0.3771459
0.3769031
0.3766786
0.3764651
0.3762578
0.3760405
0.3758433
0.3756677
0.3754352
0.3752571
0.3750747
0.3748749
0.3746983
0.3745298
0.3743634
0.3741872
0.3740173
0.3738635
0.3737028
0.3735384
0.3733835
0.3732377
0.3731071
0.3729415
0.3727976
0.3726638
0.3725299
0.3724070
0.3722600
0.3721335
0.3720125
