10.0023333
10.5180000
47.1170000
75.8940000
85.2650000
88.9463333
90.6453333
91.6776667
92.4120000
92.9516667
93.3780000
93.7326667
94.0303333
94.2516667
94.4863333
94.6820000
94.8246667
94.9916667
95.0776667
95.2100000
95.3056667
95.4176667
95.4906667
95.5616667
95.6363333
95.7080000
95.7586667
95.8180000
95.8730000
95.9106667
95.9556667
95.9996667
96.0476667
96.0856667
96.1160000
96.1540000
96.1886667
96.2183333
96.2510000
96.2843333
96.3120000
96.3346667
96.3536667
96.4026667
96.4176667
96.4263333
96.4630000
96.4956667
96.5113333
96.5286667
96.5546667
96.5780000
96.5933333
96.6090000
96.6276667
96.6430000
96.6636667
96.6746667
96.6983333
96.7073333
96.7280000
96.7483333
96.7530000
96.7650000
96.7810000
96.7873333
96.8036667
96.8130000
96.8243333
96.8286667
96.8500000
96.8633333
96.8720000
96.8903333
96.8953333
96.9123333
96.9210000
96.9303333
96.9456667
96.9456667
96.9563333
96.9720000
96.9700000
96.9826667
96.9930000
96.9963333
97.0090000
97.0150000
97.0276667
97.0333333
97.0400000
97.0473333
97.0626667
97.0553333
97.0583333
97.0673333
97.0806667
97.0966667
97.0983333
97.1010000
97.1076667
97.1170000
97.1236667
97.1223333
97.1326667
97.1376667
97.1453333
97.1400000
97.1550000
97.1606667
97.1663333
97.1700000
97.1743333
97.1940000
97.1883333
97.1993333
97.2080000
97.2133333
97.2143333
97.2130000
97.2210000
97.2260000
97.2343333
97.2410000
97.2373333
97.2466667
97.2506667
97.2446667
97.2510000
97.2556667
97.2630000
97.2606667
97.2610000
97.2786667
97.2810000
97.2806667
97.2903333
97.2973333
97.2933333
97.2960000
97.3023333
97.3100000
97.3110000
97.3196667
97.3246667
97.3236667
97.3253333
97.3370000
97.3410000
97.3406667
97.3393333
97.3420000
97.3476667
97.3540000
97.3530000
97.3586667
97.3673333
97.3653333
97.3663333
97.3636667
97.3716667
97.3756667
97.3796667
97.3853333
97.3806667
97.3856667
97.3880000
97.3973333
97.3983333
97.3936667
97.4063333
97.4050000
97.4016667
97.4080000
97.4193333
97.4143333
97.4240000
97.4250000
97.4250000
97.4303333
97.4290000
97.4246667
97.4343333
97.4426667
97.4423333
97.4493333
97.4510000
97.4453333
97.4510000
97.4536667
97.4603333
97.4590000
97.4576667
97.4746667
97.4686667
97.4713333
97.4683333
97.4700000
97.4733333
97.4810000
97.4813333
97.4706667
