9.2975325
9.2554823
29.3773711
67.2019896
81.6320390
87.1423927
89.4525737
90.8052572
91.7088061
92.3180350
92.8469743
93.2851685
93.6314645
93.8955059
94.1585522
94.4160678
94.5825709
94.7624723
94.8739532
95.0316986
95.1288181
95.2513767
95.3275724
95.4262453
95.4886557
95.5733962
95.6198848
95.6875903
95.7339416
95.7811135
95.8356715
95.8699659
95.9278638
95.9526733
95.9811421
96.0188544
96.0578746
96.0870247
96.1182122
96.1512180
96.1791743
96.1969035
96.2255987
96.2810778
96.2974690
96.3006234
96.3394927
96.3825113
96.3953509
96.4054812
96.4230807
96.4579202
96.4775403
96.4845933
96.5107196
96.5217071
96.5383308
96.5544093
96.5716810
96.5890724
96.6074626
96.6313301
96.6243700
96.6364709
96.6667522
96.6814345
96.6954679
96.6955475
96.7123191
96.7160414
96.7351433
96.7558486
96.7692732
96.7836362
96.7868391
96.8044142
96.8176593
96.8193343
96.8416631
96.8333366
96.8525236
96.8694854
96.8672250
96.8774593
96.8934684
96.8880478
96.9115302
96.9084406
96.9305215
96.9412018
96.9439756
96.9458221
96.9668042
96.9582022
96.9639770
96.9793315
96.9937925
96.9985752
97.0006649
97.0118656
97.0109486
97.0275177
97.0296847
97.0294837
97.0366307
97.0428338
97.0457717
97.0488465
97.0572529
97.0632100
97.0721654
97.0719434
97.0793745
97.1068119
97.1040812
97.1096499
97.1219562
97.1337821
97.1383127
97.1349416
97.1460766
97.1432219
97.1487711
97.1653960
97.1603253
97.1688295
97.1766662
97.1704657
97.1852784
97.1817643
97.1838609
97.1797925
97.1810335
97.2003735
97.2000889
97.2005722
97.2107156
97.2207923
97.2150150
97.2167628
97.2282003
97.2263070
97.2298361
97.2370392
97.2508811
97.2443282
97.2500530
97.2606779
97.2621949
97.2660115
97.2674987
97.2619332
97.2719217
97.2776824
97.2784432
97.2812231
97.2841181
97.2894937
97.2851390
97.2922863
97.3077802
97.2988974
97.3000061
97.3210645
97.3019971
97.3192409
97.3160597
97.3363552
97.3260403
97.3240482
97.3362687
97.3343614
97.3335005
97.3318123
97.3446267
97.3363285
97.3499130
97.3544158
97.3511358
97.3595655
97.3537469
97.3509216
97.3592676
97.3658029
97.3728609
97.3848113
97.3713437
97.3777305
97.3808307
97.3763113
97.3840504
97.3823810
97.3793070
97.3997843
97.3947077
97.3926974
97.3956282
97.3920258
97.3954961
97.4057469
97.4116413
97.3967239
