0.8040727
1.4403446
20.2382735
9.9162888
4.1446673
2.0580275
1.3607610
0.9952892
0.8022395
0.7228793
0.6058212
0.5105287
0.4550499
0.4063264
0.3739495
0.3033890
0.2761952
0.2614766
0.2324067
0.2034153
0.2017578
0.1897121
0.1860663
0.1544956
0.1684782
0.1535629
0.1583295
0.1487780
0.1586450
0.1478009
0.1368966
0.1479692
0.1366772
0.1517256
0.1538527
0.1541810
0.1492142
0.1498036
0.1514911
0.1518647
0.1515344
0.1571673
0.1461065
0.1387147
0.1371277
0.1434163
0.1409034
0.1290934
0.1323186
0.1405363
0.1501200
0.1369931
0.1321027
0.1419296
0.1334191
0.1383771
0.1429895
0.1371957
0.1444914
0.1349181
0.1375153
0.1334832
0.1467477
0.1466326
0.1303397
0.1208148
0.1234387
0.1339959
0.1277915
0.1284887
0.1310343
0.1226241
0.1171959
0.1217256
0.1237758
0.1231196
0.1178964
0.1266333
0.1186526
0.1281518
0.1184314
0.1169539
0.1172509
0.1200259
0.1135508
0.1235377
0.1111985
0.1215685
0.1108282
0.1051084
0.1095496
0.1158092
0.1093648
0.1108122
0.1076465
0.1003970
0.0991105
0.1119077
0.1114251
0.1016891
0.1103409
0.1020860
0.1072194
0.1059276
0.1095628
0.1081902
0.1135850
0.1039925
0.1115148
0.1111835
0.1074316
0.1118680
0.1083338
0.0994686
0.0961191
0.1023154
0.0981631
0.0907561
0.0867282
0.0890530
0.0854764
0.0944375
0.0976138
0.0862529
0.0878547
0.0888007
0.0844235
0.0846522
0.0749785
0.0843116
0.0902860
0.0922653
0.0912299
0.0893209
0.0923075
0.0913759
0.0908320
0.0873219
0.0893495
0.0903979
0.0845748
0.0954812
0.0925959
0.0942656
0.0841784
0.0905134
0.0858836
0.0870721
0.0899049
0.0851704
0.0819526
0.0913443
0.0864137
0.0870670
0.0850582
0.0883516
0.0949362
0.0865217
0.0926307
0.0814344
0.0728850
0.0875823
0.0908809
0.0733212
0.0897503
0.0757819
0.0820731
0.0695669
0.0824756
0.0794243
0.0799333
0.0805881
0.0777675
0.0869189
0.0852291
0.0889919
0.0845222
0.0805260
0.0842681
0.0807355
0.0858526
0.0841322
0.0856388
0.0876901
0.0792577
0.0736101
0.0908760
0.0771247
0.0800528
0.0882509
0.0870275
0.0874109
0.0893967
0.0854296
0.0843761
0.0897119
0.0829458
0.0889569
0.0888007
0.0858526
0.0795082
0.0843577
