10.7071341
11.7805177
64.8566289
84.5860104
88.8979610
90.7502740
91.8380929
92.5500761
93.1151939
93.5852983
93.9090257
94.1801648
94.4292022
94.6078274
94.8141145
94.9479322
95.0667624
95.2208610
95.2813801
95.3883014
95.4825152
95.5839566
95.6537610
95.6970880
95.7840109
95.8426038
95.8974486
95.9484097
96.0120584
96.0402199
96.0756618
96.1293674
96.1674695
96.2186600
96.2508579
96.2891456
96.3194587
96.3496420
96.3837878
96.4174486
96.4448257
96.4724299
96.4817347
96.5242555
96.5378644
96.5520432
96.5865073
96.6088220
96.6273157
96.6518521
96.6862526
96.6980798
96.7091264
96.7334067
96.7446137
96.7642929
96.7890025
96.7949240
96.8249857
96.8255942
96.8485374
96.8653366
96.8816300
96.8935291
96.8952478
96.8932322
96.9118655
96.9304525
96.9363475
96.9412919
96.9648567
96.9708181
96.9747268
96.9970305
97.0038276
97.0202525
97.0243407
97.0413323
97.0496703
97.0579967
97.0601430
97.0745146
97.0727750
97.0878740
97.0925316
97.1046189
97.1064698
97.1215594
97.1248119
97.1254649
97.1360244
97.1488446
97.1585292
97.1524645
97.1526897
97.1553352
97.1675408
97.1947581
97.1960018
97.1901344
97.2043847
97.2064823
97.2176486
97.2151830
97.2287027
97.2324995
97.2448950
97.2311535
97.2527471
97.2581233
97.2605013
97.2680566
97.2692921
97.2811881
97.2725855
97.2890168
97.2940438
97.2928845
97.2903539
97.2910584
97.2959234
97.3087781
97.3198956
97.3166040
97.3143414
97.3245039
97.3246672
97.3188676
97.3167216
97.3295690
97.3421391
97.3415408
97.3409665
97.3569599
97.3619111
97.3607612
97.3699511
97.3738743
97.3716516
97.3752372
97.3764664
97.3936930
97.3921639
97.4022941
97.3984523
97.4030051
97.4006137
97.4133221
97.4198051
97.4153218
97.4111679
97.4220668
97.4234116
97.4303176
97.4275568
97.4361102
97.4505486
97.4411729
97.4475277
97.4350470
97.4355532
97.4524360
97.4593273
97.4496022
97.4593362
97.4520924
97.4599403
97.4583114
97.4706264
97.4632852
97.4763980
97.4756386
97.4698329
97.4841877
97.4940399
97.4923382
97.4980870
97.4955842
97.4988642
97.5011011
97.5042531
97.4984118
97.5093990
97.5195304
97.5118057
97.5138554
97.5306563
97.5129361
97.5211693
97.5310220
97.5366163
97.5356190
97.5360264
97.5495490
97.5426256
97.5499693
97.5410385
97.5479742
97.5511705
97.5562531
97.5510254
97.5446095
