0.1163196
0.0219737
0.0017444
0.0035350
0.0049427
0.0053063
0.0046648
0.0036284
0.0029180
0.0022069
0.0018027
0.0014357
0.0013015
0.0011776
0.0009825
0.0009008
0.0010264
0.0007973
0.0007249
0.0008007
0.0008092
0.0006726
0.0006874
0.0006032
0.0006640
0.0006661
0.0006538
0.0006727
0.0005932
0.0005854
0.0005569
0.0005015
0.0005446
0.0006205
0.0004876
0.0004852
0.0005469
0.0006120
0.0005119
0.0004922
0.0004426
0.0004900
0.0004061
0.0004221
0.0005518
0.0006149
0.0004864
0.0004502
0.0004040
0.0004955
0.0005472
0.0004144
0.0004010
0.0003612
0.0004103
0.0003906
0.0004451
0.0004533
0.0004747
0.0003583
0.0004072
0.0004364
0.0004565
0.0004070
0.0004034
0.0003450
0.0003221
0.0004102
0.0002774
0.0003530
0.0003057
0.0004273
0.0002922
0.0002323
0.0003147
0.0003104
0.0002665
0.0003617
0.0005133
0.0002458
0.0003499
0.0003697
0.0002252
0.0002716
0.0003085
0.0005226
0.0003499
0.0002924
0.0004435
0.0002594
0.0002260
0.0002123
0.0003180
0.0003471
0.0002922
0.0002245
0.0002782
0.0002590
0.0004261
0.0002304
0.0002335
0.0003852
