0.1119825
0.0196011
0.0015974
0.0033077
0.0047869
0.0052421
0.0045017
0.0034203
0.0026736
0.0020066
0.0015966
0.0012973
0.0011525
0.0009850
0.0009091
0.0008050
0.0007405
0.0007244
0.0006639
0.0007312
0.0006107
0.0006313
0.0006103
0.0005708
0.0005989
0.0005517
0.0005342
0.0005722
0.0005117
0.0005027
0.0004974
0.0004695
0.0004509
0.0004111
0.0003929
0.0004229
0.0004112
0.0004185
0.0003999
0.0003524
0.0003797
0.0003973
0.0003590
0.0003686
0.0004093
0.0002431
0.0003924
0.0003478
0.0002929
0.0003705
0.0004037
0.0003061
0.0003283
0.0002735
0.0002323
0.0002385
0.0003002
0.0002928
0.0003346
0.0002646
0.0002951
0.0002239
0.0003440
0.0002671
0.0002846
0.0002571
0.0002416
0.0002513
0.0002216
0.0002202
0.0002402
0.0003244
0.0002287
0.0002018
0.0001872
0.0002067
0.0001833
0.0001709
0.0002296
0.0001819
0.0002249
0.0002107
0.0001676
0.0001986
0.0001863
0.0003428
0.0002253
0.0002165
0.0002712
0.0001555
0.0001753
0.0001449
0.0001533
0.0002088
0.0001758
0.0001630
0.0001383
0.0001684
0.0000011
0.0001481
0.0001604
0.0001724
