0.0069976
0.0038279
0.0002372
0.0003667
0.0002514
0.0001036
0.0002630
0.0003358
0.0003944
0.0003232
0.0003325
0.0002233
0.0002403
0.0003108
0.0001185
0.0001545
0.0004613
0.0001175
0.0000985
0.0001122
0.0003202
0.0000667
0.0001244
0.0000522
0.0001051
0.0001846
0.0001930
0.0001622
0.0001315
0.0001335
0.0000960
0.0000516
0.0001512
0.0003377
0.0001528
0.0001005
0.0002190
0.0003122
0.0001808
0.0002256
0.0001014
0.0001497
0.0000760
0.0000863
0.0002300
0.0005999
0.0001517
0.0001653
0.0001792
0.0002016
0.0002316
0.0001748
0.0001173
0.0001416
0.0002872
0.0002455
0.0002338
0.0002589
0.0002261
0.0001512
0.0001809
0.0003428
0.0001815
0.0002258
0.0001917
0.0001418
0.0001298
0.0002563
0.0000900
0.0002143
0.0001057
0.0001660
0.0001025
0.0000492
0.0002058
0.0001673
0.0001343
0.0003079
0.0004577
0.0001032
0.0002016
0.0002566
0.0000928
0.0001178
0.0001973
0.0002901
0.0002010
0.0001226
0.0002780
0.0001677
0.0000819
0.0001088
0.0002657
0.0002232
0.0001878
0.0000992
0.0002257
0.0001460
0.0006856
0.0001328
0.0001179
0.0003433
