0.1206568
0.0243463
0.0018914
0.0037623
0.0050985
0.0053706
0.0048278
0.0038366
0.0031625
0.0024073
0.0020088
0.0015741
0.0014504
0.0013703
0.0010559
0.0009965
0.0013123
0.0008701
0.0007860
0.0008703
0.0010076
0.0007140
0.0007645
0.0006355
0.0007292
0.0007806
0.0007734
0.0007733
0.0006746
0.0006681
0.0006164
0.0005335
0.0006383
0.0008298
0.0005823
0.0005475
0.0006826
0.0008056
0.0006240
0.0006321
0.0005055
0.0005828
0.0004532
0.0004756
0.0006944
0.0009867
0.0005804
0.0005527
0.0005151
0.0006205
0.0006907
0.0005228
0.0004737
0.0004490
0.0005884
0.0005428
0.0005901
0.0006137
0.0006149
0.0004521
0.0005194
0.0006489
0.0005690
0.0005470
0.0005222
0.0004329
0.0004025
0.0005691
0.0003332
0.0004858
0.0003712
0.0005302
0.0003557
0.0002628
0.0004423
0.0004141
0.0003498
0.0005526
0.0007969
0.0003098
0.0004748
0.0005287
0.0002827
0.0003446
0.0004308
0.0007024
0.0004745
0.0003684
0.0006158
0.0003633
0.0002768
0.0002797
0.0004827
0.0004855
0.0004086
0.0002860
0.0004181
0.0003495
0.0008511
0.0003126
0.0003066
0.0005979
