0.9143254
0.5032126
0.0021340
0.0003782
0.0005071
0.0012566
0.0018478
0.0022657
0.0025562
0.0027823
0.0030290
0.0033241
0.0036764
0.0040489
0.0044057
0.0045539
0.0041607
0.0032287
0.0022209
0.0014971
0.0010949
0.0008951
0.0007948
0.0007356
0.0006956
0.0006639
0.0006369
0.0006121
0.0005886
0.0005666
0.0005427
0.0005170
0.0004936
0.0004690
0.0004463
0.0004266
0.0004086
0.0003935
0.0003818
0.0003735
0.0003686
0.0003651
0.0003631
0.0003624
0.0003603
0.0003578
0.0003547
0.0003499
0.0003434
0.0003352
0.0003253
0.0003147
0.0003032
0.0002910
0.0002788
0.0002665
0.0002540
0.0002416
0.0002303
0.0002188
0.0002086
0.0002001
0.0001924
0.0001862
0.0001813
0.0001760
0.0001744
0.0001715
0.0001703
0.0001700
0.0001706
0.0001708
0.0001716
0.0001723
0.0001741
0.0001754
0.0001757
0.0001777
0.0001784
0.0001789
0.0001803
0.0001805
0.0001813
0.0001815
0.0001826
0.0001830
0.0001822
0.0001849
0.0001781
0.0002009
0.0001716
0.0002140
0.0001700
0.0001614
0.0007376
0.0045455
0.0469736
0.4720906
1.2056341
1.0238502
0.5447842
0.1941462
