2.3024263
5.7955445
0.3007221
0.2273449
0.1901260
0.1676540
0.1532295
0.1440258
0.1372123
0.1326564
0.1289191
0.1259288
0.1232214
0.1210779
0.1189767
0.1173229
0.1159962
0.1147892
0.1135040
0.1124575
0.1109732
0.1103885
0.1093803
0.1084125
0.1075725
0.1067473
0.1060742
0.1056085
0.1048697
0.1039600
0.1033353
0.1027924
0.1023363
0.1017625
0.1012797
0.1008582
0.1003743
0.0996703
0.0990248
0.0986241
0.0984696
0.0979588
0.0973505
0.0971022
0.0967676
0.0963636
0.0959579
0.0954362
0.0951438
0.0951500
0.0947717
0.0945947
0.0942937
0.0944779
0.0945718
0.0942604
0.0940224
0.0931977
0.0924673
0.0917958
0.0915347
0.0912377
0.0910282
0.0907552
0.0904563
0.0903588
0.0901828
0.0898179
0.0896050
0.0893464
0.0893225
0.0890394
0.0887114
0.0885622
0.0883935
0.0880787
0.0881026
0.0880680
0.0877202
0.0873911
0.0868312
0.0862623
0.0860904
0.0859874
0.0857218
0.0857038
0.0857717
0.0859441
0.0862617
0.0861350
0.0857634
0.0855130
0.0854661
0.0851981
0.0846968
0.0846289
0.0845905
0.0846474
0.0844562
0.0842736
0.0840871
0.0835997
0.0836122
0.0835163
0.0834061
0.0833383
0.0833226
0.0829136
0.0824687
0.0821235
0.0818411
0.0816003
0.0813450
0.0815351
0.0813705
0.0813840
0.0813082
0.0812561
0.0814918
0.0817353
0.0816457
0.0812420
0.0808514
0.0806633
0.0804448
0.0806077
0.0805159
0.0804813
0.0804153
0.0803200
0.0801505
0.0799404
0.0800668
0.0800853
0.0801075
0.0799059
0.0796706
0.0795784
0.0792775
0.0790335
0.0792371
0.0793362
0.0792864
0.0792271
0.0790339
0.0791324
0.0793200
0.0792103
0.0799960
0.0802434
0.0801905
0.0796745
0.0791361
0.0787766
0.0786426
0.0784569
0.0781658
0.0778682
0.0779859
0.0781660
0.0788182
0.0790194
0.0789260
0.0786075
0.0781476
0.0776364
0.0772353
0.0771949
0.0772483
0.0771546
0.0772181
0.0773102
0.0772386
0.0771310
0.0772274
0.0776868
0.0778410
0.0782041
0.0781876
0.0779741
0.0777249
0.0773283
0.0778710
0.0779344
0.0775031
0.0771608
0.0770061
0.0767961
0.0768880
0.0766864
0.0765911
0.0764279
0.0761784
0.0760780
0.0761861
0.0760635
0.0761165
0.0760954
0.0768946
0.0769734
0.0768156
0.0770263
