2.3020925
4.9413010
0.2597849
0.2018181
0.1711329
0.1538101
0.1421579
0.1351391
0.1297286
0.1261006
0.1232992
0.1211637
0.1191663
0.1172869
0.1153881
0.1138718
0.1121191
0.1108511
0.1094894
0.1081239
0.1066248
0.1059525
0.1050409
0.1040279
0.1029594
0.1021045
0.1012444
0.1007061
0.1000877
0.0991814
0.0986916
0.0979856
0.0974277
0.0966251
0.0961745
0.0957928
0.0951667
0.0945245
0.0940309
0.0936650
0.0935231
0.0929151
0.0923985
0.0922404
0.0919483
0.0915376
0.0909447
0.0903680
0.0901354
0.0901967
0.0897133
0.0891424
0.0891087
0.0892074
0.0891322
0.0887912
0.0887058
0.0881919
0.0874979
0.0870144
0.0868520
0.0865743
0.0864102
0.0860272
0.0855380
0.0857111
0.0857287
0.0852496
0.0850722
0.0848801
0.0847928
0.0845116
0.0840002
0.0840577
0.0839314
0.0836217
0.0840790
0.0844934
0.0841093
0.0836958
0.0829210
0.0821938
0.0820645
0.0819616
0.0816946
0.0815586
0.0815863
0.0818752
0.0827526
0.0828241
0.0821877
0.0818826
0.0819013
0.0817173
0.0812228
0.0809375
0.0808697
0.0806829
0.0804597
0.0804038
0.0805151
0.0802645
0.0802592
0.0800725
0.0799099
0.0796548
0.0792187
0.0787113
0.0785458
0.0784741
0.0783208
0.0781468
0.0779769
0.0779962
0.0780113
0.0779927
0.0780287
0.0780804
0.0782710
0.0784793
0.0784703
0.0781246
0.0778646
0.0779315
0.0777400
0.0782265
0.0781290
0.0779348
0.0778277
0.0776672
0.0773996
0.0771947
0.0774672
0.0773499
0.0771735
0.0770515
0.0769197
0.0767279
0.0764737
0.0763194
0.0764102
0.0764215
0.0764204
0.0764545
0.0761888
0.0762972
0.0763051
0.0762360
0.0771442
0.0775245
0.0776703
0.0772104
0.0765621
0.0761571
0.0760014
0.0759002
0.0755323
0.0752566
0.0753789
0.0753248
0.0754365
0.0754624
0.0757639
0.0756112
0.0751572
0.0745861
0.0742120
0.0741298
0.0740697
0.0738636
0.0742231
0.0742558
0.0742521
0.0741920
0.0741266
0.0748905
0.0752454
0.0756161
0.0754148
0.0751713
0.0749625
0.0747325
0.0750951
0.0752273
0.0748261
0.0744422
0.0743238
0.0741324
0.0739118
0.0735205
0.0732598
0.0730619
0.0729630
0.0728078
0.0725850
0.0723119
0.0727148
0.0730118
0.0741471
0.0742102
0.0741102
0.0743372
