0.0003809
0.9745645
0.0467032
0.0291223
0.0216684
0.0157938
0.0126311
0.0101385
0.0085377
0.0074792
0.0064115
0.0054363
0.0046262
0.0043250
0.0040940
0.0039372
0.0044231
0.0044929
0.0045801
0.0049440
0.0049608
0.0050608
0.0049507
0.0050022
0.0052628
0.0052967
0.0055101
0.0055929
0.0054555
0.0054517
0.0052978
0.0054839
0.0056001
0.0058609
0.0058242
0.0057789
0.0059411
0.0058705
0.0056972
0.0056577
0.0056432
0.0057542
0.0056495
0.0055466
0.0054981
0.0055058
0.0057193
0.0057822
0.0057138
0.0056510
0.0057709
0.0062203
0.0059154
0.0060129
0.0062058
0.0062395
0.0060655
0.0057109
0.0056693
0.0054548
0.0053423
0.0053202
0.0052684
0.0053939
0.0056110
0.0053023
0.0050814
0.0052117
0.0051713
0.0050954
0.0051677
0.0051656
0.0053748
0.0051390
0.0050905
0.0050848
0.0045904
0.0040780
0.0041196
0.0042158
0.0044610
0.0046415
0.0045929
0.0045929
0.0045943
0.0047291
0.0047749
0.0046420
0.0040034
0.0037773
0.0040794
0.0041418
0.0040669
0.0039711
0.0039633
0.0042113
0.0042448
0.0045229
0.0045595
0.0044150
0.0040752
0.0038050
0.0038253
0.0039288
0.0039886
0.0042022
0.0046819
0.0047942
0.0044755
0.0041634
0.0040161
0.0039399
0.0038425
0.0040374
0.0038324
0.0038690
0.0037415
0.0036230
0.0036745
0.0037146
0.0036226
0.0035565
0.0034075
0.0031166
0.0030859
0.0027166
0.0027231
0.0029052
0.0029522
0.0030265
0.0031383
0.0031325
0.0029657
0.0031208
0.0033473
0.0032564
0.0031383
0.0032521
0.0031987
0.0030963
0.0032250
0.0033253
0.0032697
0.0031631
0.0032459
0.0032345
0.0034396
0.0033932
0.0032535
0.0031019
0.0028752
0.0028112
0.0029366
0.0029884
0.0030131
0.0029169
0.0030045
0.0029795
0.0029742
0.0032414
0.0038580
0.0040580
0.0036075
0.0034183
0.0034116
0.0034799
0.0034491
0.0034969
0.0036263
0.0037546
0.0034168
0.0034846
0.0034072
0.0033530
0.0035375
0.0031901
0.0029611
0.0029525
0.0031634
0.0031976
0.0031515
0.0029615
0.0031668
0.0030883
0.0030540
0.0031016
0.0030601
0.0030389
0.0033954
0.0036119
0.0038005
0.0038401
0.0036683
0.0037308
0.0041084
0.0042800
0.0038808
0.0035179
0.0031346
0.0031524
0.0030865
0.0030678
