2.3027602
6.6497880
0.3416592
0.2528718
0.2091192
0.1814980
0.1643011
0.1529126
0.1446959
0.1392123
0.1345390
0.1306939
0.1272764
0.1248689
0.1225653
0.1207740
0.1198732
0.1187274
0.1175186
0.1167911
0.1153215
0.1148245
0.1137198
0.1127971
0.1121855
0.1113900
0.1109040
0.1105109
0.1096516
0.1087386
0.1079790
0.1075992
0.1072450
0.1068998
0.1063848
0.1059236
0.1055819
0.1048160
0.1040186
0.1035833
0.1034161
0.1030026
0.1023025
0.1019640
0.1015869
0.1011896
0.1009711
0.1005045
0.1001521
0.1001033
0.0998302
0.1000471
0.0994788
0.0997484
0.1000114
0.0997296
0.0993391
0.0982036
0.0974366
0.0965772
0.0962175
0.0959010
0.0956461
0.0954832
0.0953746
0.0950064
0.0946368
0.0943861
0.0941379
0.0938127
0.0938522
0.0935673
0.0934226
0.0930667
0.0928555
0.0925358
0.0921263
0.0916425
0.0913312
0.0910863
0.0907414
0.0903307
0.0901163
0.0900133
0.0897489
0.0898491
0.0899571
0.0900130
0.0897708
0.0894460
0.0893392
0.0891434
0.0890310
0.0886790
0.0881709
0.0883202
0.0883112
0.0886119
0.0884528
0.0881435
0.0876592
0.0869349
0.0869653
0.0869600
0.0869023
0.0870217
0.0874265
0.0871159
0.0863916
0.0857730
0.0853614
0.0850537
0.0847131
0.0850741
0.0847298
0.0847754
0.0845878
0.0844318
0.0847126
0.0849913
0.0848210
0.0843594
0.0838383
0.0833951
0.0831497
0.0829889
0.0829028
0.0830278
0.0830030
0.0829728
0.0829014
0.0826861
0.0826664
0.0828208
0.0830416
0.0827603
0.0824214
0.0824290
0.0820812
0.0817475
0.0820639
0.0822509
0.0821524
0.0819996
0.0818790
0.0819675
0.0823349
0.0821846
0.0828478
0.0829624
0.0827107
0.0821387
0.0817101
0.0813960
0.0812837
0.0810137
0.0807994
0.0804798
0.0805930
0.0810072
0.0821999
0.0825763
0.0820882
0.0816039
0.0811380
0.0806866
0.0802586
0.0802601
0.0804269
0.0804456
0.0802131
0.0803645
0.0802252
0.0800700
0.0803281
0.0804830
0.0804365
0.0807921
0.0809604
0.0807769
0.0804873
0.0799241
0.0806469
0.0806414
0.0801801
0.0798795
0.0796884
0.0794598
0.0798641
0.0798523
0.0799225
0.0797939
0.0793938
0.0793482
0.0797873
0.0798151
0.0795182
0.0791789
0.0796422
0.0797365
0.0795210
0.0797153
