45.5972000
71.9120000
75.6343000
82.7856000
82.9188000
83.0804000
83.2577000
83.3988000
83.5212000
83.6159000
83.6937000
83.7469000
83.7840000
83.8267000
83.8642000
83.8990000
83.9176000
83.9430000
83.9629000
83.9684000
83.9798000
84.0029000
83.9921000
83.9961000
84.0005000
84.0113000
84.0166000
84.0282000
84.0394000
84.0405000
84.0468000
84.0480000
84.0507000
84.0567000
84.0590000
84.0697000
84.0695000
84.0770000
84.0803000
84.0836000
84.0817000
84.0859000
84.0952000
84.0934000
84.1007000
84.1406000
84.1442000
84.1463000
84.1532000
84.1511000
84.1549000
84.1578000
84.1918000
84.1966000
84.2356000
84.2399000
84.3083000
84.3095000
84.3111000
84.3171000
84.3148000
84.3152000
84.3183000
84.3231000
84.3170000
84.3213000
84.3246000
84.3273000
84.3306000
84.3335000
84.3378000
84.3426000
84.3462000
84.3467000
84.3838000
84.3866000
84.3894000
84.3919000
84.4010000
84.4087000
84.4076000
84.4116000
84.4128000
84.4192000
84.4924000
84.4958000
84.5018000
84.5020000
84.5044000
84.5093000
84.5146000
84.5173000
84.5219000
84.5242000
84.5268000
84.5270000
84.5663000
84.5354000
84.5400000
84.5781000
84.5784000
84.5813000
