32.3058383
71.9120000
74.8163978
82.7104682
82.8963021
83.0631738
83.2474065
83.3901236
83.5074414
83.6090068
83.6856185
83.7358770
83.7728228
83.8155674
83.8539112
83.8889370
83.9108775
83.9306442
83.9512798
83.9586424
83.9670260
83.9905958
83.9772934
83.9845961
83.9885320
83.9967377
84.0026765
84.0120903
84.0230479
84.0255879
84.0355892
84.0327623
84.0343530
84.0436397
84.0470103
84.0581874
84.0601606
84.0643038
84.0656798
84.0713623
84.0665051
84.0754165
84.0822824
84.0776194
84.0851059
84.0687056
84.0729633
84.0704867
84.0779356
84.0758026
84.0805023
84.0822600
84.0943615
84.0991116
84.1258462
84.1329276
84.1898972
84.1881286
84.1873442
84.1937512
84.1899541
84.1922735
84.1941749
84.1935485
84.1905197
84.1942977
84.1968536
84.1981055
84.2033055
84.2040874
84.2067864
84.2087734
84.2123006
84.2132883
84.2489837
84.2527852
84.2528758
84.2530292
84.2666749
84.2725007
84.2706673
84.2719285
84.2737649
84.2808232
84.3756096
84.3790219
84.3878295
84.3863115
84.3904044
84.3946254
84.3996266
84.3993366
84.4076512
84.4068509
84.4096573
84.4066815
84.4718060
84.4149188
84.4190129
84.4823912
84.4839531
84.4887490
