21.4443757
0.0000000
1.3196091
0.1212182
0.0362982
0.0277928
0.0166075
0.0139986
0.0221982
0.0111216
0.0130388
0.0177845
0.0180333
0.0179613
0.0166000
0.0162358
0.0108462
0.0199349
0.0187481
0.0157429
0.0206097
0.0198517
0.0238891
0.0185604
0.0193093
0.0234949
0.0224642
0.0259915
0.0263826
0.0240593
0.0180876
0.0245845
0.0263744
0.0210715
0.0193442
0.0185744
0.0150682
0.0204841
0.0235883
0.0197444
0.0245155
0.0169142
0.0208413
0.0254606
0.0251597
0.1159950
0.1149337
0.1223177
0.1214321
0.1214853
0.1200337
0.1218768
0.1572080
0.1572884
0.1770775
0.1725899
0.1910320
0.1958215
0.1996685
0.1990118
0.2014273
0.1983304
0.2002644
0.2090194
0.2040642
0.2049063
0.2061069
0.2084433
0.2053778
0.2087952
0.2113782
0.2159167
0.2160342
0.2152473
0.2175136
0.2158978
0.2202690
0.2240551
0.2167210
0.2197449
0.2209281
0.2253469
0.2243202
0.2232581
0.1884305
0.1884106
0.1838808
0.1866526
0.1839213
0.1850168
0.1854989
0.1903229
0.1843298
0.1893319
0.1889988
0.1941226
0.1524572
0.1943853
0.1952014
0.1544173
0.1523812
0.1493225
