58.8885617
71.9120000
76.4522022
82.8607318
82.9412979
83.0976262
83.2679935
83.4074764
83.5349586
83.6227932
83.7017815
83.7579230
83.7951772
83.8378326
83.8744888
83.9090630
83.9243225
83.9553558
83.9745202
83.9781576
83.9925740
84.0152042
84.0069066
84.0076039
84.0124680
84.0258623
84.0305235
84.0443097
84.0557521
84.0554121
84.0580108
84.0632377
84.0670470
84.0697603
84.0709897
84.0812126
84.0788394
84.0896962
84.0949202
84.0958377
84.0968949
84.0963835
84.1081176
84.1091806
84.1162941
84.2124944
84.2154367
84.2221133
84.2284644
84.2263974
84.2292977
84.2333400
84.2892385
84.2940884
84.3453538
84.3468724
84.4267028
84.4308714
84.4348558
84.4404488
84.4396459
84.4381265
84.4424251
84.4526515
84.4434803
84.4483023
84.4523464
84.4564945
84.4578945
84.4629126
84.4688136
84.4764266
84.4800994
84.4801117
84.5186163
84.5204148
84.5259242
84.5307708
84.5353251
84.5448993
84.5445327
84.5512715
84.5518351
84.5575768
84.6091904
84.6125781
84.6157705
84.6176885
84.6183956
84.6239746
84.6295734
84.6352634
84.6361488
84.6415491
84.6439427
84.6473185
84.6607940
84.6558812
84.6609871
84.6738088
84.6728469
84.6738510
