0.9999963
0.9908184
0.4292796
0.2243923
0.1489025
0.1199543
0.1029906
0.0958456
0.0894925
0.0856622
0.0816330
0.0793496
0.0767347
0.0746059
0.0750958
0.0738656
0.0724698
0.0708382
0.0692251
0.0676377
0.0663377
0.0653506
0.0646030
0.0636417
0.0628167
0.0617745
0.0614246
0.0605849
0.0595757
0.0589975
0.0582830
0.0576900
0.0570713
0.0563936
0.0563421
0.0557418
0.0553035
0.0545963
0.0546295
0.0535946
0.0528027
0.0520035
0.0523534
0.0521951
0.0518268
0.0512780
0.0515505
0.0513553
0.0507661
0.0502357
0.0499374
0.0493849
0.0488656
0.0481438
0.0480075
0.0476061
0.0471199
0.0467295
0.0462029
0.0458530
0.0454920
0.0451643
0.0459230
0.0458898
0.0456983
0.0456099
0.0461587
0.0462986
0.0462876
0.0461992
0.0462655
0.0459745
0.0451974
0.0448438
0.0451532
0.0451053
0.0447260
0.0445492
0.0446339
0.0444093
0.0441367
0.0438421
0.0439894
0.0436874
0.0432823
0.0429287
0.0427703
0.0427298
0.0424315
0.0424867
0.0427630
0.0426341
0.0423689
0.0421921
0.0422179
0.0421995
0.0420816
0.0417722
0.0416875
0.0413966
0.0409546
0.0408110
