0.9999895
0.9905523
0.4254038
0.2187537
0.1442568
0.1153893
0.0982174
0.0908935
0.0847710
0.0810263
0.0773919
0.0750889
0.0727362
0.0706475
0.0716109
0.0701589
0.0688402
0.0669723
0.0655052
0.0639014
0.0624716
0.0615887
0.0612156
0.0602311
0.0592985
0.0582517
0.0579377
0.0572588
0.0563132
0.0558394
0.0554100
0.0547890
0.0541043
0.0536035
0.0539969
0.0534144
0.0529378
0.0521394
0.0522953
0.0511439
0.0501095
0.0492458
0.0497046
0.0495740
0.0491089
0.0486508
0.0495091
0.0493715
0.0487655
0.0482331
0.0477531
0.0471387
0.0464195
0.0457555
0.0454477
0.0450285
0.0446297
0.0442454
0.0437807
0.0435206
0.0431804
0.0428552
0.0430560
0.0427624
0.0423504
0.0418926
0.0418700
0.0420712
0.0420981
0.0420094
0.0423364
0.0423897
0.0420723
0.0416308
0.0411796
0.0408300
0.0404154
0.0401818
0.0401175
0.0398183
0.0396302
0.0393422
0.0397050
0.0395075
0.0392610
0.0391085
0.0389248
0.0386398
0.0383067
0.0381831
0.0380568
0.0378747
0.0376343
0.0374886
0.0374249
0.0372731
0.0371564
0.0368524
0.0369224
0.0366533
0.0361981
0.0361214
