0.0000110
0.0004292
0.0062532
0.0090973
0.0074954
0.0073653
0.0077010
0.0079898
0.0076177
0.0074796
0.0068427
0.0068741
0.0064512
0.0063866
0.0056224
0.0059806
0.0058561
0.0062374
0.0060017
0.0060282
0.0062375
0.0060695
0.0054653
0.0055027
0.0056763
0.0056836
0.0056257
0.0053663
0.0052637
0.0050953
0.0046354
0.0046806
0.0047870
0.0045017
0.0037837
0.0037549
0.0038168
0.0039641
0.0037660
0.0039540
0.0043453
0.0044494
0.0042736
0.0042289
0.0043850
0.0042387
0.0032937
0.0032007
0.0032277
0.0032310
0.0035241
0.0036242
0.0039466
0.0038533
0.0041301
0.0041586
0.0040178
0.0040079
0.0039080
0.0037630
0.0037297
0.0037254
0.0046256
0.0050457
0.0054015
0.0059976
0.0069194
0.0068206
0.0067593
0.0067597
0.0063393
0.0057837
0.0050420
0.0051839
0.0064110
0.0068979
0.0069547
0.0070465
0.0072869
0.0074071
0.0072708
0.0072601
0.0069124
0.0067438
0.0064880
0.0061636
0.0062045
0.0065989
0.0066550
0.0069435
0.0075930
0.0076787
0.0076388
0.0075886
0.0077331
0.0079483
0.0079463
0.0079378
0.0076881
0.0076529
0.0076742
0.0075662
