1.0000032
0.9910844
0.4331554
0.2300309
0.1535481
0.1245194
0.1077637
0.1007978
0.0942140
0.0902981
0.0858742
0.0836102
0.0807332
0.0785644
0.0785806
0.0775724
0.0760994
0.0747042
0.0729450
0.0713741
0.0702037
0.0691126
0.0679904
0.0670523
0.0663350
0.0652972
0.0649114
0.0639109
0.0628382
0.0621556
0.0611560
0.0605911
0.0600383
0.0591838
0.0586872
0.0580691
0.0576691
0.0570533
0.0569637
0.0560453
0.0554960
0.0547613
0.0550022
0.0548161
0.0545446
0.0539052
0.0535920
0.0533392
0.0527666
0.0522383
0.0521217
0.0516312
0.0513118
0.0505321
0.0505674
0.0501836
0.0496102
0.0492137
0.0486250
0.0481853
0.0478037
0.0474733
0.0487899
0.0490172
0.0490462
0.0493272
0.0504473
0.0505261
0.0504770
0.0503889
0.0501946
0.0495593
0.0483225
0.0480569
0.0491268
0.0493807
0.0490366
0.0489166
0.0491504
0.0490002
0.0486432
0.0483419
0.0482738
0.0478672
0.0473036
0.0467489
0.0466159
0.0468198
0.0465563
0.0467903
0.0474692
0.0473934
0.0471035
0.0468956
0.0470109
0.0471259
0.0470068
0.0466921
0.0464527
0.0461399
0.0457111
0.0455005
