0.9999963
0.9992855
0.9747348
0.9600287
0.9509465
0.9496759
0.9476650
0.9464238
0.9478455
0.9467295
0.9483869
0.9455657
0.9426046
0.9435622
0.9441846
0.9423100
0.9400228
0.9353344
0.9330657
0.9343032
0.9300788
0.9311653
0.9239982
0.9262412
0.9214901
0.9220978
0.9233905
0.9149897
0.9098998
0.9129788
0.9107248
0.9098556
0.9052188
0.9027033
0.9019409
0.8979007
0.9011749
0.8984384
0.8933891
0.8906268
0.8930281
0.8848409
0.8765432
0.8867118
0.8829073
0.8809333
0.8831946
0.8789297
0.8780053
0.8743665
0.8657631
0.8779832
0.8707609
0.8679582
0.8660136
0.8648313
0.8514695
0.8641831
0.8581173
0.8590969
0.8568761
0.8617118
0.8533441
0.8565741
0.8512817
0.8452674
0.8489172
0.8460408
0.8440041
0.8426377
0.8407152
0.8394888
0.8419453
0.8473077
0.8385091
0.8358316
0.8351687
0.8311727
0.8323144
0.8365498
0.8256040
0.8308375
0.8270846
0.8318872
0.8269999
0.8217148
0.8228676
0.8221752
0.8147061
0.8167170
0.8138148
0.8179103
0.8107653
0.8160025
0.8102202
0.8059222
0.8134907
0.8068835
0.8121428
0.8080178
0.8064341
0.8072370
