0.9999895
0.9992216
0.9735238
0.9589462
0.9483459
0.9468010
0.9436330
0.9428714
0.9432212
0.9436437
0.9431397
0.9407206
0.9367733
0.9371701
0.9382181
0.9378182
0.9344846
0.9292022
0.9276657
0.9297599
0.9224465
0.9242088
0.9138068
0.9215173
0.9135829
0.9146113
0.9155672
0.9063616
0.9045184
0.9076740
0.9039288
0.9004918
0.8980460
0.8937355
0.8929352
0.8874280
0.8935702
0.8899642
0.8846858
0.8825427
0.8794950
0.8754029
0.8650532
0.8780707
0.8697260
0.8694118
0.8745085
0.8715535
0.8650138
0.8648397
0.8566511
0.8684190
0.8581593
0.8551172
0.8509515
0.8535438
0.8391068
0.8466995
0.8440736
0.8427837
0.8459931
0.8487046
0.8374011
0.8493526
0.8427318
0.8318722
0.8334780
0.8350731
0.8280604
0.8271915
0.8265209
0.8264206
0.8305095
0.8313361
0.8263995
0.8251121
0.8200435
0.8156199
0.8193426
0.8227960
0.8121725
0.8159122
0.8125800
0.8169849
0.8078479
0.8103004
0.8113399
0.8085311
0.8036985
0.8068640
0.7978235
0.8035893
0.7989173
0.7989411
0.7982582
0.7889133
0.7960765
0.7949492
0.7966651
0.7924651
0.7933649
0.7931137
