0.0000110
0.0001031
0.0019538
0.0017465
0.0041959
0.0046384
0.0065052
0.0057315
0.0074609
0.0049787
0.0084657
0.0078171
0.0094083
0.0103129
0.0096264
0.0072470
0.0089354
0.0098938
0.0087125
0.0073301
0.0123140
0.0112236
0.0164429
0.0076216
0.0127575
0.0120788
0.0126223
0.0139207
0.0086825
0.0085588
0.0109647
0.0151077
0.0115725
0.0144687
0.0145299
0.0168967
0.0122695
0.0136724
0.0140419
0.0130429
0.0218345
0.0152273
0.0185380
0.0139418
0.0212668
0.0185888
0.0140142
0.0119009
0.0209605
0.0153707
0.0147014
0.0154310
0.0203315
0.0207177
0.0243012
0.0182114
0.0199461
0.0282083
0.0226581
0.0263199
0.0175588
0.0209859
0.0257226
0.0116513
0.0137945
0.0216119
0.0249097
0.0176953
0.0257237
0.0249210
0.0229013
0.0210843
0.0184507
0.0257687
0.0195377
0.0172950
0.0244031
0.0250929
0.0209287
0.0221905
0.0216704
0.0240806
0.0234018
0.0240434
0.0308998
0.0184161
0.0185988
0.0220134
0.0177597
0.0158969
0.0258005
0.0231055
0.0191157
0.0275271
0.0192997
0.0274423
0.0280962
0.0192548
0.0249718
0.0250929
0.0210861
0.0227866
