1.0000032
0.9993494
0.9759458
0.9611112
0.9535471
0.9525508
0.9516970
0.9499763
0.9524698
0.9498153
0.9536340
0.9504108
0.9484359
0.9499542
0.9501511
0.9468017
0.9455610
0.9414666
0.9384658
0.9388464
0.9377111
0.9381218
0.9341896
0.9309651
0.9293973
0.9295844
0.9312139
0.9236178
0.9152813
0.9182836
0.9175208
0.9192195
0.9123915
0.9116711
0.9109467
0.9083734
0.9087796
0.9069126
0.9020923
0.8987109
0.9065613
0.8942789
0.8880331
0.8953530
0.8960886
0.8924547
0.8918807
0.8863060
0.8909968
0.8838934
0.8748751
0.8875475
0.8833625
0.8807991
0.8810756
0.8761189
0.8638322
0.8816668
0.8721609
0.8754102
0.8677591
0.8747191
0.8692872
0.8637956
0.8598316
0.8586626
0.8643564
0.8570085
0.8599478
0.8580840
0.8549096
0.8525570
0.8533812
0.8632794
0.8506188
0.8465512
0.8502939
0.8467254
0.8452861
0.8503036
0.8390355
0.8457628
0.8415892
0.8467894
0.8461518
0.8331292
0.8343952
0.8358192
0.8257137
0.8265700
0.8298061
0.8322312
0.8226134
0.8330640
0.8221823
0.8229311
0.8309049
0.8188177
0.8276205
0.8235706
0.8195034
0.8213603
