48.5178133
75.9213759
75.9213759
75.9213759
75.9735872
78.4318182
81.7143735
82.5457617
82.8590295
83.0512899
83.2358722
83.4112408
83.5331695
83.6200860
83.6959459
83.7770270
83.8338452
83.8768428
83.9078624
83.9342752
83.9468673
83.9892506
84.0282555
84.0543612
84.0820025
84.1136364
84.1397420
84.1544840
84.1664619
84.1772113
84.1848894
84.1974816
84.2122236
84.2278870
84.2453931
84.2576781
84.2668919
84.2727273
84.2874693
84.3074324
84.3178747
84.3261671
84.3307740
84.3387592
84.3467445
84.3507371
84.3581081
84.3657862
84.3743857
84.3786855
84.3765356
84.3792998
84.3808354
84.3805283
84.3854423
84.3900491
84.3952703
84.3955774
84.3974201
84.3977273
84.3998771
84.4057125
84.4149263
84.4204545
84.4256757
84.4281327
84.4315111
84.4376536
84.4459459
84.4533170
84.4536241
84.4591523
84.4683661
84.4769656
84.4812654
84.4864865
84.4877150
84.4892506
84.4914005
84.4960074
84.4993857
84.5027641
84.5055283
84.5101351
84.5116708
84.5147420
84.5187346
84.5187346
84.5224201
84.5211916
84.5208845
84.5248771
84.5251843
84.5264128
84.5279484
84.5288698
84.5285627
84.5288698
84.5316339
84.5359337
84.5362408
84.5386978
