43.1130820
75.9213759
75.9213759
75.9213759
75.8765045
77.2446681
81.2700113
82.3962718
82.7779027
82.9658140
83.1488046
83.3312765
83.4731768
83.5634241
83.6396295
83.7190643
83.7816714
83.8252135
83.8704416
83.8969145
83.9027678
83.9420092
83.9770623
84.0020736
84.0368394
84.0700182
84.1041756
84.1286198
84.1375776
84.1425530
84.1494889
84.1638894
84.1788457
84.1951897
84.2129869
84.2279304
84.2385030
84.2455680
84.2623017
84.2766056
84.2860849
84.2952821
84.3023672
84.3141293
84.3213611
84.3255378
84.3329405
84.3392417
84.3466816
84.3522394
84.3527447
84.3559943
84.3547876
84.3532990
84.3553265
84.3585484
84.3640208
84.3641619
84.3646830
84.3643581
84.3646408
84.3707130
84.3775729
84.3843662
84.3910849
84.3957740
84.3976032
84.4054110
84.4120515
84.4200723
84.4213928
84.4303277
84.4425243
84.4524981
84.4547590
84.4595550
84.4627672
84.4631910
84.4664469
84.4694874
84.4729403
84.4751990
84.4799465
84.4847346
84.4865031
84.4897043
84.4931239
84.4936673
84.4967641
84.4962634
84.4967158
84.4988175
84.4996280
84.4998062
84.5023376
84.5023669
84.5029349
84.5034557
84.5073269
84.5130044
84.5128647
84.5152783
