8.7200311
0.0000000
0.0000000
0.0000000
0.1566339
1.9153562
0.7169370
0.2411880
0.1308905
0.1379075
0.1404755
0.1290149
0.0967927
0.0914187
0.0908613
0.0935175
0.0841776
0.0832989
0.0603749
0.0602780
0.0711504
0.0762197
0.0825956
0.0843611
0.0728664
0.0703739
0.0573831
0.0417295
0.0466022
0.0559179
0.0571154
0.0541978
0.0538521
0.0527541
0.0522844
0.0479951
0.0458029
0.0438189
0.0406056
0.0497363
0.0512899
0.0498301
0.0458317
0.0397380
0.0409538
0.0406567
0.0406056
0.0428272
0.0446981
0.0426683
0.0383845
0.0376012
0.0420257
0.0439318
0.0485889
0.0508234
0.0504182
0.0506859
0.0528184
0.0538381
0.0568505
0.0564685
0.0602662
0.0582252
0.0558090
0.0522077
0.0547071
0.0520204
0.0546856
0.0536371
0.0520022
0.0465059
0.0416933
0.0394761
0.0427655
0.0434514
0.0402510
0.0420448
0.0402604
0.0427875
0.0426672
0.0444738
0.0412738
0.0409814
0.0406056
0.0403960
0.0413206
0.0404439
0.0413936
0.0402193
0.0389940
0.0420448
0.0412326
0.0429273
0.0413206
0.0427600
0.0413480
0.0410032
0.0392171
0.0369943
0.0377152
0.0377852
