53.9225445
75.9213759
75.9213759
75.9213759
76.0706699
79.6189683
82.1587356
82.6952516
82.9401563
83.1367659
83.3229399
83.4912051
83.5931623
83.6767479
83.7522624
83.8349898
83.8860190
83.9284720
83.9452832
83.9716359
83.9909668
84.0364921
84.0794488
84.1066487
84.1271655
84.1572546
84.1753085
84.1803482
84.1953462
84.2118696
84.2202899
84.2310737
84.2456015
84.2605843
84.2777993
84.2874258
84.2952808
84.2998865
84.3126369
84.3382593
84.3496645
84.3570521
84.3591807
84.3633891
84.3721279
84.3759364
84.3832757
84.3923308
84.4020899
84.4051316
84.4003266
84.4026052
84.4068832
84.4077575
84.4155580
84.4215498
84.4265198
84.4269928
84.4301573
84.4310965
84.4351135
84.4407121
84.4522797
84.4565429
84.4602664
84.4604913
84.4654189
84.4698961
84.4798404
84.4865616
84.4858554
84.4879770
84.4942079
84.5014331
84.5077717
84.5134180
84.5126628
84.5153102
84.5163541
84.5225274
84.5258312
84.5303293
84.5311100
84.5355357
84.5368384
84.5397797
84.5443454
84.5438020
84.5480762
84.5461199
84.5450533
84.5509368
84.5507405
84.5530194
84.5535592
84.5553727
84.5541904
84.5542839
84.5559409
84.5588629
84.5596169
84.5621173
