155.3703046
51.2834164
0.0005216
0.0003912
0.0002533
0.0001302
0.0001362
0.0000748
0.0000760
0.0000723
0.0000546
0.0000400
0.0000302
0.0000382
0.0000570
0.0000381
0.0000262
0.0000184
0.0000314
0.0000247
0.0000182
0.0000215
0.0000254
0.0000166
0.0000133
0.0000135
0.0000151
0.0000107
0.0000127
0.0000095
0.0000086
0.0000100
0.0000122
0.0000134
0.0000101
0.0000074
0.0000082
0.0000059
0.0000094
0.0000086
0.0000095
0.0000083
0.0000077
0.0000062
0.0000075
0.0000094
0.0000042
0.0000043
0.0000054
0.0000054
0.0000066
0.0000031
0.0000041
0.0000069
0.0000037
0.0000044
0.0000056
0.0000072
0.0000034
0.0000039
0.0000046
0.0000045
0.0000059
0.0000047
0.0000031
0.0000027
0.0000029
0.0000038
0.0000030
0.0000039
0.0000026
0.0000033
0.0000030
0.0000018
0.0000038
0.0000051
0.0000024
0.0000025
0.0000026
0.0000028
0.0000042
0.0000032
0.0000019
0.0000031
0.0000023
0.0000024
0.0000016
0.0000023
0.0000027
0.0000030
0.0000027
0.0000020
0.0000028
0.0000026
0.0000016
0.0000018
0.0000024
0.0000023
0.0000020
0.0000022
0.0000013
0.0000020
