155.0991462
50.3303781
0.0002817
0.0002813
0.0001975
0.0001152
0.0000976
0.0000613
0.0000555
0.0000551
0.0000417
0.0000292
0.0000208
0.0000259
0.0000398
0.0000249
0.0000182
0.0000157
0.0000188
0.0000169
0.0000069
0.0000111
0.0000164
0.0000108
0.0000112
0.0000092
0.0000104
0.0000084
0.0000083
0.0000069
0.0000068
0.0000081
0.0000065
0.0000074
0.0000070
0.0000049
0.0000057
0.0000038
0.0000071
0.0000051
0.0000063
0.0000045
0.0000040
0.0000043
0.0000045
0.0000052
0.0000035
0.0000030
0.0000028
0.0000040
0.0000042
0.0000024
0.0000029
0.0000041
0.0000029
0.0000026
0.0000033
0.0000042
0.0000024
0.0000028
0.0000029
0.0000031
0.0000020
0.0000033
0.0000019
0.0000017
0.0000017
0.0000023
0.0000023
0.0000027
0.0000016
0.0000024
0.0000021
0.0000016
0.0000024
0.0000019
0.0000015
0.0000014
0.0000016
0.0000013
0.0000027
0.0000015
0.0000015
0.0000016
0.0000015
0.0000012
0.0000011
0.0000016
0.0000015
0.0000016
0.0000016
0.0000012
0.0000020
0.0000012
0.0000009
0.0000010
0.0000016
0.0000014
0.0000013
0.0000013
0.0000009
0.0000009
