0.4374889
1.5376387
0.0003870
0.0001773
0.0000900
0.0000242
0.0000622
0.0000218
0.0000330
0.0000277
0.0000209
0.0000174
0.0000152
0.0000199
0.0000277
0.0000213
0.0000130
0.0000043
0.0000203
0.0000126
0.0000181
0.0000169
0.0000146
0.0000093
0.0000033
0.0000069
0.0000076
0.0000037
0.0000071
0.0000042
0.0000030
0.0000030
0.0000091
0.0000097
0.0000051
0.0000041
0.0000040
0.0000034
0.0000037
0.0000056
0.0000052
0.0000061
0.0000059
0.0000031
0.0000049
0.0000069
0.0000011
0.0000021
0.0000042
0.0000023
0.0000039
0.0000010
0.0000019
0.0000045
0.0000012
0.0000030
0.0000037
0.0000048
0.0000016
0.0000019
0.0000027
0.0000022
0.0000062
0.0000021
0.0000020
0.0000016
0.0000018
0.0000024
0.0000012
0.0000019
0.0000015
0.0000015
0.0000014
0.0000004
0.0000022
0.0000053
0.0000014
0.0000018
0.0000016
0.0000024
0.0000023
0.0000027
0.0000007
0.0000024
0.0000013
0.0000020
0.0000008
0.0000011
0.0000019
0.0000023
0.0000018
0.0000013
0.0000013
0.0000022
0.0000011
0.0000013
0.0000013
0.0000014
0.0000011
0.0000014
0.0000006
0.0000018
