155.6414630
52.2364547
0.0007615
0.0005011
0.0003091
0.0001452
0.0001748
0.0000883
0.0000965
0.0000895
0.0000676
0.0000507
0.0000397
0.0000506
0.0000742
0.0000513
0.0000343
0.0000211
0.0000440
0.0000325
0.0000294
0.0000320
0.0000345
0.0000224
0.0000153
0.0000178
0.0000198
0.0000129
0.0000171
0.0000122
0.0000105
0.0000118
0.0000178
0.0000194
0.0000132
0.0000099
0.0000107
0.0000080
0.0000117
0.0000120
0.0000127
0.0000121
0.0000113
0.0000081
0.0000106
0.0000137
0.0000049
0.0000056
0.0000080
0.0000068
0.0000090
0.0000037
0.0000053
0.0000097
0.0000044
0.0000062
0.0000079
0.0000102
0.0000044
0.0000051
0.0000062
0.0000058
0.0000098
0.0000060
0.0000044
0.0000037
0.0000040
0.0000053
0.0000037
0.0000051
0.0000035
0.0000042
0.0000039
0.0000021
0.0000052
0.0000084
0.0000033
0.0000036
0.0000036
0.0000043
0.0000056
0.0000049
0.0000024
0.0000045
0.0000032
0.0000036
0.0000021
0.0000030
0.0000038
0.0000044
0.0000039
0.0000028
0.0000037
0.0000039
0.0000023
0.0000026
0.0000032
0.0000032
0.0000027
0.0000031
0.0000016
0.0000031
