0.8040727
1.5030062
0.6417828
0.5550181
0.5516615
3.0565043
1.0980531
0.4584765
0.9054590
2.7014968
3.9577797
2.1701625
0.5687897
0.0686667
0.0060000
0.0006667
0.0000000
0.0000000
0.0000000
0.0000000
0.0026667
0.0066667
0.0113333
0.0246667
0.0626667
0.1360000
0.2573463
0.3952271
0.5669113
0.8374618
1.3699264
2.2804731
3.2442182
4.0842573
4.8442690
5.4805201
5.8680759
5.9716549
5.8858053
5.7839802
5.7612210
5.8082826
5.9781370
6.2365398
6.4560695
6.6192194
6.6444718
6.5272638
6.2950268
5.8826770
5.3288115
4.7534071
4.3015843
3.8698467
3.5756095
3.3376783
3.2330846
3.2243272
3.3093105
3.4800108
3.6477058
3.7881177
3.9452823
4.0321090
4.0604027
4.0518992
4.0060404
3.9352051
3.8434827
3.7619734
3.6707735
3.5774515
3.5033633
3.3897691
3.3036602
3.2365004
3.1583365
3.1192726
3.0588172
2.9751796
2.9131689
2.8525258
2.8090440
2.7435805
2.6726007
2.5740431
2.4902712
2.4379049
2.3668668
2.2590348
2.1717482
2.0884671
1.9789862
1.8776021
1.7971022
1.6995290
1.5779880
1.4571137
1.3577713
1.2615191
1.1664311
1.0905393
0.9981213
0.8931086
0.8438176
0.7896150
0.7490434
0.6831951
0.6474391
0.6041477
0.5790417
0.5601085
0.5340626
0.5311533
0.5237149
0.5100190
0.5048833
0.5065028
0.5198553
0.5294868
0.5355116
0.5199929
0.5236332
0.5336524
0.5372785
0.5285336
0.5323539
0.5449398
0.5356941
0.5457629
0.5366859
0.5265626
0.5128184
0.5142531
0.5097860
0.5131649
0.5039526
0.5000127
0.4939766
0.4861237
0.4811394
0.4962240
0.4949305
0.4926155
0.4923136
0.4826195
0.4805247
0.4759692
0.4624579
0.4490340
0.4459103
0.4483285
0.4469584
0.4364860
0.4374250
0.4386841
0.4357107
0.4335538
0.4315365
0.4314454
0.4253409
0.4234338
0.4248869
0.4346114
0.4274558
0.4197759
0.4143477
0.4176170
0.4132253
0.4039505
0.4027784
0.4012813
0.3930883
0.3961445
0.3911771
0.3687239
0.3695168
0.3640400
0.3563737
0.3445861
0.3428589
0.3386175
0.3314721
0.3234045
0.3238570
0.3226618
0.3255382
0.3204147
0.3113851
0.3042305
0.3020743
0.2934727
0.2906946
0.2834862
0.2831411
0.2820796
0.2788078
0.2799829
0.2816964
0.2821079
0.2734825
0.2707652
