10.7071341
11.8724431
11.2335474
11.0908282
11.0832193
14.9768108
12.2548193
11.2862057
12.2573365
15.3372997
17.9178136
14.8395646
12.0662329
11.3311890
11.2449259
11.2375844
11.2366667
11.2366667
11.2366667
11.2366667
11.2403374
11.2458436
11.2522674
11.2706213
11.3229298
11.4238759
11.5925740
11.7964318
12.1225863
12.7340676
13.9577934
16.0149228
18.3513493
20.6883427
23.0161890
25.2205544
27.2799287
29.2297197
31.1368025
33.0445489
34.9119328
36.7935175
38.5020681
40.0139015
41.2066611
42.1400016
42.7774697
43.1167323
43.3535010
43.4477270
43.4169092
43.3482117
43.3105049
43.3437368
43.4974933
43.7766040
44.3062570
45.0592474
46.0614052
47.2976973
48.6506885
50.1124316
51.6528591
53.1876327
54.6637666
56.0603129
57.3874492
58.6603594
59.9086278
61.0315151
62.1385749
63.1847745
64.1908333
65.1065970
66.0094525
66.8649177
67.6857374
68.4538297
69.2285049
69.8941933
70.5808384
71.2336824
71.8942356
72.5088543
73.0943045
73.6412482
74.2004856
74.7372512
75.2506502
75.7131313
76.1649546
76.6159555
77.0419912
77.4247908
77.8045628
78.1680362
78.4945008
78.7825498
79.0844723
79.3594369
79.6477553
79.9438999
80.1942253
80.4285108
80.7009721
80.9361280
81.1895655
81.4221802
81.6565054
81.8728921
82.1005525
82.3412901
82.5691265
82.8025764
83.0250564
83.2250513
83.4322164
83.6383026
83.8566733
84.0514489
84.2380633
84.4161272
84.5883181
84.7774336
84.9446121
85.0832801
85.2559621
85.4189941
85.5708900
85.7320489
85.8744260
86.0162192
86.1415051
86.2747627
86.4078471
86.5368089
86.6654006
86.7862804
86.9006563
87.0121062
87.1227373
87.2446261
87.3544924
87.4584632
87.5761986
87.6750346
87.7601985
87.8555387
87.9546956
88.0299290
88.1171909
88.2069773
88.3007763
88.3759302
88.4727533
88.5575236
88.6305839
88.7183600
88.7969251
88.8658452
88.9408277
89.0168228
89.1024298
89.1839537
89.2486815
89.3139498
89.3738584
89.4537242
89.5145412
89.5644116
89.6333842
89.6984052
89.7572238
89.8242359
89.8835485
89.9275341
89.9868958
90.0397618
90.0840420
90.1413763
90.2005291
90.2524779
90.3075481
90.3581432
90.4138731
90.4684922
90.5230135
90.5741892
90.6202744
90.6660032
90.7097798
90.7465735
90.7898050
90.8268200
90.8698508
90.9139203
90.9697191
91.0200825
91.0629178
91.1086118
91.1467180
91.1936695
