156.7365359
45.4739504
0.0001362
0.0000614
0.0000522
0.0000330
0.0000386
0.0000159
0.0000117
0.0000064
0.0000084
0.0000060
0.0000041
0.0000038
0.0000067
0.0000057
0.0000041
0.0000028
0.0000039
0.0000033
0.0000019
0.0000029
0.0000023
0.0000019
0.0000016
0.0000018
0.0000013
0.0000024
0.0000009
0.0000014
0.0000016
0.0000008
0.0000007
0.0000016
0.0000011
0.0000005
0.0000009
0.0000008
0.0000008
0.0000009
0.0000008
0.0000007
0.0000005
0.0000009
0.0000008
0.0000006
0.0000006
0.0000007
0.0000007
0.0000006
0.0000006
0.0000003
0.0000007
0.0000006
0.0000004
0.0000005
0.0000005
0.0000004
0.0000007
0.0000005
0.0000003
0.0000005
0.0000004
0.0000002
0.0000006
0.0000007
0.0000004
0.0000005
0.0000003
0.0000004
0.0000004
0.0000004
0.0000004
0.0000004
0.0000001
0.0000004
0.0000002
0.0000003
0.0000002
0.0000002
0.0000003
0.0000002
0.0000003
0.0000003
0.0000003
0.0000004
0.0000002
0.0000003
0.0000003
0.0000002
0.0000002
0.0000003
0.0000003
0.0000001
0.0000001
0.0000002
0.0000002
0.0000003
0.0000003
0.0000001
0.0000003
0.0000002
