156.1672577
44.8236969
0.0000868
0.0000366
0.0000297
0.0000229
0.0000226
0.0000068
0.0000060
0.0000045
0.0000040
0.0000039
0.0000014
0.0000021
0.0000043
0.0000031
0.0000028
0.0000017
0.0000021
0.0000017
0.0000011
0.0000014
0.0000010
0.0000013
0.0000009
0.0000013
0.0000007
0.0000013
0.0000005
0.0000008
0.0000008
0.0000005
0.0000005
0.0000008
0.0000004
0.0000003
0.0000005
0.0000006
0.0000005
0.0000004
0.0000005
0.0000004
0.0000003
0.0000004
0.0000004
0.0000004
0.0000003
0.0000000
0.0000004
0.0000003
0.0000002
0.0000001
0.0000003
0.0000003
0.0000003
0.0000004
0.0000003
0.0000001
0.0000003
0.0000002
0.0000001
0.0000004
0.0000002
0.0000001
0.0000003
0.0000002
0.0000001
0.0000002
0.0000001
0.0000001
0.0000002
0.0000001
0.0000002
0.0000002
0.0000001
0.0000002
0.0000001
0.0000002
0.0000001
0.0000001
0.0000001
0.0000001
0.0000002
0.0000002
0.0000002
0.0000002
0.0000002
0.0000002
0.0000001
0.0000001
0.0000001
0.0000001
0.0000001
0.0000000
0.0000001
0.0000001
0.0000001
0.0000001
0.0000001
0.0000001
0.0000002
0.0000001
