0.9184774
1.0491235
0.0000797
0.0000401
0.0000362
0.0000162
0.0000259
0.0000146
0.0000092
0.0000031
0.0000072
0.0000033
0.0000044
0.0000027
0.0000040
0.0000043
0.0000020
0.0000018
0.0000029
0.0000025
0.0000013
0.0000025
0.0000021
0.0000011
0.0000012
0.0000010
0.0000009
0.0000017
0.0000007
0.0000009
0.0000014
0.0000005
0.0000004
0.0000012
0.0000010
0.0000003
0.0000006
0.0000004
0.0000005
0.0000008
0.0000005
0.0000006
0.0000003
0.0000008
0.0000006
0.0000004
0.0000004
0.0000011
0.0000005
0.0000004
0.0000007
0.0000003
0.0000006
0.0000005
0.0000003
0.0000003
0.0000003
0.0000005
0.0000007
0.0000004
0.0000002
0.0000002
0.0000005
0.0000002
0.0000005
0.0000008
0.0000005
0.0000004
0.0000002
0.0000006
0.0000003
0.0000004
0.0000004
0.0000004
0.0000001
0.0000002
0.0000002
0.0000002
0.0000002
0.0000001
0.0000003
0.0000002
0.0000003
0.0000001
0.0000002
0.0000003
0.0000001
0.0000001
0.0000003
0.0000002
0.0000002
0.0000004
0.0000002
0.0000001
0.0000001
0.0000001
0.0000002
0.0000003
0.0000003
0.0000001
0.0000003
0.0000002
