157.3058141
46.1242039
0.0001856
0.0000863
0.0000746
0.0000430
0.0000547
0.0000250
0.0000174
0.0000084
0.0000129
0.0000080
0.0000068
0.0000055
0.0000092
0.0000084
0.0000053
0.0000039
0.0000057
0.0000048
0.0000027
0.0000045
0.0000037
0.0000026
0.0000023
0.0000024
0.0000018
0.0000035
0.0000014
0.0000020
0.0000025
0.0000011
0.0000010
0.0000023
0.0000017
0.0000007
0.0000013
0.0000010
0.0000011
0.0000013
0.0000011
0.0000011
0.0000007
0.0000014
0.0000012
0.0000008
0.0000009
0.0000014
0.0000010
0.0000008
0.0000010
0.0000005
0.0000010
0.0000010
0.0000006
0.0000007
0.0000007
0.0000007
0.0000011
0.0000007
0.0000004
0.0000006
0.0000007
0.0000003
0.0000009
0.0000011
0.0000007
0.0000007
0.0000005
0.0000008
0.0000006
0.0000007
0.0000007
0.0000007
0.0000002
0.0000005
0.0000003
0.0000004
0.0000003
0.0000003
0.0000004
0.0000003
0.0000005
0.0000004
0.0000004
0.0000006
0.0000003
0.0000004
0.0000005
0.0000004
0.0000004
0.0000006
0.0000004
0.0000002
0.0000002
0.0000003
0.0000004
0.0000004
0.0000005
0.0000002
0.0000005
0.0000003
