0.0013464
0.0013002
0.0012042
0.0012440
0.0013938
0.0016671
0.0021294
0.0029147
0.0043866
0.0075574
0.0161190
0.0414100
0.0789914
0.1239012
0.1463140
0.1511285
0.1611212
0.1580708
0.1410595
0.1222900
0.1015995
0.0825728
0.0678636
0.0573438
0.0489991
0.0426791
0.0379456
0.0335459
0.0303202
0.0273344
0.0249781
0.0229522
0.0217545
0.0203369
0.0191594
0.0181217
0.0168822
0.0163060
0.0153824
0.0146764
0.0140577
0.0138153
0.0132472
0.0126842
0.0125530
0.0121487
0.0119720
0.0114023
0.0110127
0.0111833
0.0109569
0.0099007
0.0100004
0.0095099
0.0091781
0.0091449
0.0092913
0.0089416
0.0084273
0.0082261
0.0081682
0.0078995
0.0075899
0.0077067
0.0076295
0.0074942
0.0070740
0.0073899
0.0068422
0.0069895
0.0068012
0.0065425
0.0066203
0.0062401
0.0060395
0.0060796
0.0059534
0.0063186
0.0062768
0.0059710
0.0060548
0.0057433
0.0056496
0.0054497
0.0053090
0.0057751
0.0056103
0.0057769
0.0056395
0.0057569
0.0051084
0.0054851
0.0058752
0.0053769
0.0053422
0.0049970
0.0050976
0.0048614
0.0049052
0.0047593
0.0047816
0.0046695
0.0049821
0.0050604
0.0045574
0.0043769
0.0046948
0.0046276
0.0044735
0.0043901
0.0042037
0.0043765
0.0046704
0.0040825
0.0046635
0.0040879
0.0046979
0.0040927
0.0040254
0.0040055
0.0041636
0.0040114
0.0041552
0.0042376
0.0037779
0.0042087
0.0041313
0.0038836
0.0037299
0.0039899
0.0038057
0.0040692
0.0041342
0.0038946
0.0039819
0.0039422
0.0039687
0.0040108
0.0037913
0.0037929
0.0036550
0.0040141
0.0037042
0.0035833
0.0035718
0.0036644
0.0035505
0.0034434
0.0034797
0.0040356
0.0034303
0.0035357
0.0038188
0.0034311
0.0033321
0.0038416
0.0037030
0.0034051
0.0035734
0.0035037
0.0034557
0.0034252
0.0034696
0.0034128
0.0038056
0.0032008
0.0035255
0.0033861
0.0032952
0.0034036
0.0032924
0.0034530
0.0034506
0.0032878
0.0032272
0.0031607
0.0032885
0.0030622
0.0034909
0.0034000
0.0030644
0.0031191
0.0031454
0.0030992
0.0033785
0.0030173
0.0034705
0.0036950
0.0036929
0.0030088
0.0030097
0.0030310
0.0033617
0.0029048
0.0034077
0.0032627
0.0032053
0.0029975
0.0028882
0.0029752
0.0029319
0.0028757
