0.0012027
0.0012141
0.0011107
0.0011269
0.0012316
0.0014226
0.0017271
0.0021935
0.0029574
0.0041680
0.0058581
0.0092759
0.0403381
0.1003056
0.1232957
0.1141879
0.1347982
0.1409209
0.1215086
0.0962415
0.0761978
0.0626700
0.0531978
0.0458203
0.0400633
0.0356768
0.0320495
0.0284045
0.0259971
0.0235879
0.0217545
0.0203067
0.0196708
0.0183844
0.0175003
0.0168106
0.0157791
0.0150685
0.0144826
0.0139046
0.0134029
0.0130426
0.0127541
0.0122544
0.0119448
0.0116310
0.0113079
0.0106880
0.0104352
0.0102625
0.0100026
0.0094593
0.0097403
0.0090089
0.0087786
0.0085644
0.0089526
0.0085995
0.0080094
0.0079761
0.0077151
0.0076739
0.0073431
0.0072825
0.0070295
0.0068185
0.0068639
0.0067181
0.0065827
0.0065955
0.0063621
0.0062082
0.0063462
0.0060281
0.0059365
0.0060205
0.0057492
0.0057729
0.0059259
0.0054221
0.0057963
0.0054977
0.0053377
0.0054161
0.0052256
0.0052756
0.0053124
0.0051457
0.0052742
0.0048713
0.0049740
0.0050034
0.0043910
0.0048564
0.0050117
0.0046620
0.0046811
0.0047264
0.0045484
0.0046351
0.0045515
0.0044653
0.0045640
0.0044588
0.0042822
0.0042357
0.0042430
0.0042466
0.0041937
0.0041805
0.0041358
0.0043127
0.0038329
0.0040025
0.0040834
0.0039191
0.0039217
0.0040096
0.0037810
0.0038022
0.0039002
0.0038571
0.0038256
0.0038774
0.0036781
0.0037893
0.0037309
0.0037087
0.0035996
0.0037300
0.0036296
0.0037058
0.0038006
0.0036176
0.0034875
0.0037434
0.0035956
0.0033603
0.0034039
0.0034211
0.0034335
0.0036391
0.0036011
0.0033332
0.0033309
0.0033279
0.0033985
0.0033426
0.0032658
0.0035010
0.0032716
0.0033066
0.0034076
0.0030900
0.0032406
0.0032857
0.0031735
0.0032321
0.0031570
0.0031532
0.0032246
0.0032541
0.0033815
0.0032626
0.0031458
0.0030265
0.0030567
0.0032578
0.0029637
0.0031261
0.0031631
0.0028297
0.0029534
0.0028652
0.0029059
0.0029843
0.0029107
0.0028719
0.0030973
0.0031836
0.0028962
0.0028375
0.0029332
0.0028272
0.0026867
0.0028461
0.0032368
0.0027735
0.0027796
0.0027807
0.0028550
0.0029322
0.0026993
0.0027862
0.0026051
0.0029419
0.0025391
0.0028652
0.0026732
0.0026392
0.0027050
0.0027346
