0.0001639
0.0000983
0.0001067
0.0001335
0.0001850
0.0002789
0.0004589
0.0008227
0.0016306
0.0038668
0.0117062
0.0366602
0.0440977
0.0269191
0.0262604
0.0421437
0.0300306
0.0195654
0.0223047
0.0297175
0.0289796
0.0227061
0.0167315
0.0131466
0.0101944
0.0079886
0.0067266
0.0058656
0.0049321
0.0042743
0.0036777
0.0030180
0.0023773
0.0022275
0.0018929
0.0014957
0.0012585
0.0014118
0.0010265
0.0008805
0.0007471
0.0008815
0.0005626
0.0004903
0.0006939
0.0005906
0.0007576
0.0008149
0.0006589
0.0010504
0.0010887
0.0005036
0.0002968
0.0005716
0.0004558
0.0006624
0.0003865
0.0003903
0.0004769
0.0002852
0.0005170
0.0002573
0.0002816
0.0004840
0.0006845
0.0007709
0.0002396
0.0007664
0.0002960
0.0004495
0.0005010
0.0003814
0.0003128
0.0002419
0.0001176
0.0000675
0.0002329
0.0006226
0.0004003
0.0006263
0.0002949
0.0002802
0.0003559
0.0000383
0.0000951
0.0005698
0.0003399
0.0007200
0.0004167
0.0010103
0.0001532
0.0005495
0.0016933
0.0005939
0.0003770
0.0003821
0.0004752
0.0001540
0.0004071
0.0001417
0.0002625
0.0002329
0.0004769
0.0006863
0.0003140
0.0001610
0.0005154
0.0004346
0.0003192
0.0002390
0.0000775
0.0000728
0.0009555
0.0000913
0.0006618
0.0001926
0.0008855
0.0000947
0.0002789
0.0002320
0.0003005
0.0001760
0.0003759
0.0004109
0.0001139
0.0004785
0.0004567
0.0001995
0.0001486
0.0002966
0.0002009
0.0004146
0.0003807
0.0003160
0.0005640
0.0002268
0.0004258
0.0007421
0.0004420
0.0004242
0.0002527
0.0004279
0.0001176
0.0002854
0.0002749
0.0003839
0.0001734
0.0001150
0.0002440
0.0006099
0.0001810
0.0002614
0.0004691
0.0003891
0.0001044
0.0006342
0.0006041
0.0001973
0.0004750
0.0003999
0.0002637
0.0001953
0.0001006
0.0001714
0.0007527
0.0001988
0.0005349
0.0001464
0.0003782
0.0003166
0.0001475
0.0007111
0.0005672
0.0004821
0.0003665
0.0002012
0.0004310
0.0002172
0.0004490
0.0002469
0.0001919
0.0003212
0.0002422
0.0003103
0.0007892
0.0001954
0.0002665
0.0010513
0.0010420
0.0002603
0.0001765
0.0001126
0.0007557
0.0001353
0.0009156
0.0003661
0.0007600
0.0001509
0.0002452
0.0003833
0.0002589
0.0001609
