0.0014900
0.0013863
0.0012977
0.0013610
0.0015560
0.0019115
0.0025317
0.0036358
0.0058159
0.0109468
0.0263800
0.0735441
0.1176447
0.1474969
0.1693323
0.1880691
0.1874442
0.1752207
0.1606104
0.1483385
0.1270012
0.1024756
0.0825294
0.0688672
0.0579349
0.0496815
0.0438417
0.0386874
0.0346434
0.0310810
0.0282018
0.0255976
0.0238383
0.0222893
0.0208186
0.0194327
0.0179853
0.0175435
0.0162822
0.0154482
0.0147125
0.0145880
0.0137404
0.0131140
0.0131613
0.0126664
0.0126360
0.0121166
0.0115902
0.0121040
0.0119112
0.0103421
0.0102605
0.0100110
0.0095776
0.0097255
0.0096301
0.0092837
0.0088453
0.0084761
0.0086213
0.0081251
0.0078368
0.0081310
0.0082295
0.0081699
0.0072840
0.0080616
0.0071016
0.0073834
0.0072404
0.0068768
0.0068944
0.0064521
0.0061426
0.0061388
0.0061575
0.0068644
0.0066276
0.0065200
0.0063134
0.0059889
0.0059615
0.0054834
0.0053923
0.0062746
0.0059082
0.0064080
0.0060048
0.0066424
0.0052427
0.0059667
0.0073594
0.0058974
0.0056727
0.0053319
0.0055142
0.0049964
0.0052621
0.0048836
0.0050117
0.0048736
0.0054001
0.0056620
0.0048327
0.0045180
0.0051466
0.0050085
0.0047533
0.0045996
0.0042717
0.0044403
0.0055079
0.0041625
0.0052436
0.0042567
0.0054741
0.0041757
0.0042698
0.0042088
0.0044270
0.0041656
0.0044847
0.0045978
0.0038778
0.0046281
0.0045316
0.0040584
0.0038601
0.0042499
0.0039817
0.0044326
0.0044679
0.0041716
0.0044763
0.0041410
0.0043419
0.0046613
0.0041787
0.0041647
0.0038765
0.0043892
0.0038073
0.0038335
0.0038128
0.0040009
0.0037025
0.0035442
0.0036936
0.0045702
0.0035890
0.0037647
0.0042300
0.0037721
0.0034236
0.0043975
0.0042325
0.0035780
0.0039898
0.0038543
0.0036869
0.0035964
0.0035578
0.0035630
0.0044654
0.0033750
0.0039944
0.0035144
0.0036267
0.0036812
0.0034217
0.0040763
0.0039477
0.0037103
0.0035485
0.0033371
0.0036663
0.0032526
0.0038844
0.0036164
0.0032326
0.0034006
0.0033577
0.0033712
0.0040703
0.0031886
0.0037041
0.0046164
0.0046062
0.0032370
0.0031644
0.0031297
0.0040241
0.0030234
0.0042103
0.0035836
0.0038714
0.0031298
0.0031031
0.0033112
0.0031589
0.0030168
