272.5848748
21.4952376
0.0000076
0.0000069
0.0000065
0.0000061
0.0000070
0.0000061
0.0000067
0.0000066
0.0000072
0.0000083
0.0000104
0.0000157
0.0000244
0.0000402
0.0000578
0.0000743
0.0001031
0.0001141
0.0001274
0.0001300
0.0001424
0.0001613
0.0001704
0.0001893
0.0001731
0.0001808
0.0001937
0.0001768
0.0001838
0.0001899
0.0002045
0.0001959
0.0002117
0.0002006
0.0002060
0.0002079
0.0002074
0.0001890
0.0002062
0.0002146
0.0002270
0.0002053
0.0002027
0.0002016
0.0002117
0.0002009
0.0002245
0.0002037
0.0002185
0.0002164
0.0002124
0.0002145
0.0002218
0.0002243
0.0002166
0.0002247
0.0002152
0.0001990
0.0002155
0.0002075
0.0002191
0.0002016
0.0002181
0.0002043
0.0002142
0.0001922
0.0001949
0.0001932
0.0001911
0.0002057
0.0002063
0.0002138
0.0001985
0.0002052
0.0001968
0.0001923
0.0001983
0.0002097
0.0001900
0.0002216
0.0001920
0.0001957
0.0002106
0.0001952
0.0002048
0.0002101
0.0002062
0.0002143
0.0001912
0.0002010
0.0001890
0.0001845
0.0001949
0.0001918
0.0002096
0.0001916
0.0002004
0.0001829
0.0001815
0.0001868
0.0001833
0.0001924
0.0001689
0.0002179
0.0001849
0.0001909
0.0001862
0.0001937
0.0002085
0.0001997
0.0001983
0.0001761
0.0001767
0.0001843
0.0001961
0.0002244
0.0001938
0.0001946
0.0001844
0.0001850
0.0001859
0.0001981
0.0001692
0.0001747
0.0001765
0.0001847
0.0001921
0.0002002
0.0001784
0.0001938
0.0001841
0.0001887
0.0001900
0.0001757
0.0001902
0.0001842
0.0001757
0.0002004
0.0001896
0.0002048
0.0001773
0.0001676
0.0001882
0.0002005
0.0001726
0.0001883
0.0001983
0.0001806
0.0001870
0.0001704
0.0001884
0.0001724
0.0002021
0.0001743
0.0001840
0.0001690
0.0002100
0.0001864
0.0001853
0.0002050
0.0001981
0.0001934
0.0001929
0.0001951
0.0001641
0.0001819
0.0001692
0.0001713
0.0001706
0.0001778
0.0001930
0.0001922
0.0001727
0.0001825
0.0001875
0.0001881
0.0001863
0.0001654
0.0001805
0.0001678
0.0002021
0.0001713
0.0001695
0.0001703
0.0001859
0.0001803
0.0001938
0.0001854
0.0001739
0.0001721
0.0001730
0.0001861
0.0002005
0.0001743
0.0001750
0.0001744
0.0001927
0.0001906
0.0001829
0.0001768
