272.1885857
21.4262679
0.0000066
0.0000058
0.0000060
0.0000057
0.0000055
0.0000053
0.0000064
0.0000059
0.0000065
0.0000054
0.0000066
0.0000055
0.0000095
0.0000139
0.0000292
0.0000392
0.0000618
0.0000679
0.0000927
0.0000951
0.0001211
0.0001250
0.0001461
0.0001744
0.0001604
0.0001664
0.0001719
0.0001623
0.0001655
0.0001783
0.0001846
0.0001831
0.0001983
0.0001946
0.0001869
0.0001878
0.0002002
0.0001783
0.0001923
0.0001966
0.0002066
0.0001870
0.0001778
0.0001850
0.0001961
0.0001905
0.0002178
0.0001891
0.0002022
0.0001941
0.0001976
0.0001853
0.0001839
0.0001968
0.0002051
0.0001984
0.0001955
0.0001860
0.0002032
0.0001882
0.0002019
0.0001923
0.0001983
0.0001843
0.0001935
0.0001828
0.0001841
0.0001773
0.0001765
0.0001901
0.0001839
0.0002031
0.0001861
0.0001906
0.0001888
0.0001817
0.0001908
0.0001880
0.0001775
0.0001938
0.0001800
0.0001708
0.0001952
0.0001783
0.0001880
0.0001840
0.0001820
0.0001858
0.0001797
0.0001800
0.0001771
0.0001613
0.0001736
0.0001698
0.0001841
0.0001760
0.0001877
0.0001703
0.0001710
0.0001709
0.0001628
0.0001766
0.0001564
0.0001955
0.0001687
0.0001709
0.0001727
0.0001717
0.0001791
0.0001857
0.0001791
0.0001702
0.0001566
0.0001520
0.0001777
0.0001902
0.0001739
0.0001744
0.0001640
0.0001630
0.0001700
0.0001691
0.0001575
0.0001600
0.0001647
0.0001557
0.0001797
0.0001689
0.0001627
0.0001531
0.0001713
0.0001672
0.0001773
0.0001578
0.0001795
0.0001591
0.0001588
0.0001681
0.0001812
0.0001995
0.0001632
0.0001576
0.0001731
0.0001675
0.0001679
0.0001747
0.0001766
0.0001617
0.0001666
0.0001509
0.0001747
0.0001554
0.0001885
0.0001535
0.0001735
0.0001568
0.0001851
0.0001578
0.0001693
0.0001862
0.0001824
0.0001834
0.0001748
0.0001823
0.0001391
0.0001629
0.0001607
0.0001570
0.0001483
0.0001541
0.0001777
0.0001667
0.0001593
0.0001685
0.0001708
0.0001617
0.0001756
0.0001388
0.0001620
0.0001509
0.0001896
0.0001603
0.0001470
0.0001520
0.0001701
0.0001554
0.0001800
0.0001458
0.0001424
0.0001535
0.0001632
0.0001677
0.0001879
0.0001564
0.0001530
0.0001581
0.0001733
0.0001768
0.0001725
0.0001452
