0.4521068
0.0786841
0.0000012
0.0000013
0.0000005
0.0000005
0.0000017
0.0000009
0.0000003
0.0000009
0.0000008
0.0000033
0.0000043
0.0000116
0.0000170
0.0000300
0.0000326
0.0000400
0.0000471
0.0000527
0.0000395
0.0000398
0.0000243
0.0000414
0.0000276
0.0000171
0.0000145
0.0000164
0.0000249
0.0000165
0.0000208
0.0000133
0.0000227
0.0000146
0.0000153
0.0000068
0.0000218
0.0000230
0.0000082
0.0000122
0.0000158
0.0000206
0.0000233
0.0000209
0.0000284
0.0000190
0.0000179
0.0000119
0.0000077
0.0000167
0.0000185
0.0000254
0.0000169
0.0000333
0.0000433
0.0000314
0.0000131
0.0000300
0.0000224
0.0000149
0.0000140
0.0000220
0.0000196
0.0000107
0.0000226
0.0000228
0.0000237
0.0000107
0.0000123
0.0000182
0.0000166
0.0000178
0.0000256
0.0000123
0.0000141
0.0000167
0.0000091
0.0000121
0.0000086
0.0000248
0.0000142
0.0000317
0.0000137
0.0000284
0.0000176
0.0000193
0.0000192
0.0000298
0.0000276
0.0000325
0.0000131
0.0000239
0.0000135
0.0000264
0.0000243
0.0000251
0.0000290
0.0000178
0.0000145
0.0000144
0.0000120
0.0000182
0.0000233
0.0000180
0.0000143
0.0000255
0.0000184
0.0000229
0.0000154
0.0000251
0.0000336
0.0000159
0.0000218
0.0000068
0.0000229
0.0000369
0.0000209
0.0000390
0.0000227
0.0000230
0.0000232
0.0000251
0.0000182
0.0000330
0.0000133
0.0000168
0.0000135
0.0000330
0.0000142
0.0000357
0.0000179
0.0000464
0.0000146
0.0000246
0.0000145
0.0000204
0.0000122
0.0000287
0.0000193
0.0000368
0.0000095
0.0000061
0.0000162
0.0000114
0.0000173
0.0000376
0.0000053
0.0000154
0.0000248
0.0000216
0.0000233
0.0000222
0.0000156
0.0000194
0.0000155
0.0000237
0.0000120
0.0000139
0.0000284
0.0000326
0.0000182
0.0000214
0.0000179
0.0000114
0.0000207
0.0000145
0.0000285
0.0000216
0.0000097
0.0000164
0.0000255
0.0000270
0.0000174
0.0000291
0.0000153
0.0000159
0.0000190
0.0000301
0.0000123
0.0000303
0.0000211
0.0000192
0.0000143
0.0000126
0.0000257
0.0000209
0.0000180
0.0000284
0.0000158
0.0000452
0.0000358
0.0000212
0.0000113
0.0000210
0.0000144
0.0000204
0.0000250
0.0000186
0.0000222
0.0000158
0.0000118
0.0000361
