272.9811639
21.5642072
0.0000087
0.0000080
0.0000069
0.0000065
0.0000085
0.0000070
0.0000070
0.0000074
0.0000079
0.0000112
0.0000142
0.0000259
0.0000393
0.0000664
0.0000864
0.0001093
0.0001444
0.0001602
0.0001620
0.0001650
0.0001638
0.0001976
0.0001946
0.0002043
0.0001858
0.0001952
0.0002155
0.0001912
0.0002020
0.0002016
0.0002244
0.0002086
0.0002251
0.0002066
0.0002251
0.0002281
0.0002146
0.0001997
0.0002201
0.0002327
0.0002474
0.0002236
0.0002276
0.0002182
0.0002274
0.0002113
0.0002313
0.0002183
0.0002347
0.0002387
0.0002272
0.0002437
0.0002598
0.0002519
0.0002282
0.0002510
0.0002348
0.0002120
0.0002278
0.0002267
0.0002362
0.0002110
0.0002380
0.0002243
0.0002349
0.0002016
0.0002057
0.0002092
0.0002057
0.0002213
0.0002287
0.0002246
0.0002108
0.0002199
0.0002048
0.0002029
0.0002058
0.0002315
0.0002024
0.0002494
0.0002040
0.0002206
0.0002260
0.0002122
0.0002216
0.0002362
0.0002303
0.0002427
0.0002027
0.0002219
0.0002009
0.0002076
0.0002162
0.0002138
0.0002351
0.0002072
0.0002131
0.0001955
0.0001921
0.0002028
0.0002037
0.0002081
0.0001814
0.0002402
0.0002010
0.0002109
0.0001997
0.0002157
0.0002380
0.0002137
0.0002174
0.0001820
0.0001969
0.0002166
0.0002144
0.0002585
0.0002137
0.0002147
0.0002047
0.0002070
0.0002018
0.0002270
0.0001808
0.0001893
0.0001883
0.0002136
0.0002046
0.0002315
0.0001942
0.0002344
0.0001969
0.0002103
0.0002027
0.0001936
0.0002009
0.0002093
0.0001926
0.0002326
0.0001979
0.0002101
0.0001915
0.0001776
0.0002034
0.0002334
0.0001772
0.0002018
0.0002201
0.0001995
0.0002074
0.0001898
0.0002021
0.0001894
0.0002157
0.0001951
0.0001945
0.0001812
0.0002350
0.0002149
0.0002013
0.0002237
0.0002138
0.0002034
0.0002111
0.0002078
0.0001891
0.0002009
0.0001777
0.0001857
0.0001930
0.0002016
0.0002083
0.0002178
0.0001861
0.0001964
0.0002042
0.0002145
0.0001971
0.0001919
0.0001990
0.0001846
0.0002147
0.0001824
0.0001920
0.0001886
0.0002017
0.0002052
0.0002076
0.0002250
0.0002053
0.0001907
0.0001829
0.0002045
0.0002132
0.0001922
0.0001969
0.0001907
0.0002122
0.0002045
0.0001932
0.0002085
