272.5848748
1779.2513720
0.0000918
0.0000106
0.0000044
0.0000013
0.0000009
0.0000011
0.0000005
0.0000007
0.0000006
0.0000002
0.0000002
0.0000003
0.0000002
0.0000003
0.0000003
0.0000003
0.0000001
0.0000004
0.0000002
0.0000002
0.0000001
0.0000001
0.0000008
0.0000005
0.0000001
0.0000002
0.0000001
0.0000001
0.0000005
0.0000001
0.0000001
0.0000001
0.0000000
0.0000004
0.0000002
0.0000001
0.0000001
0.0000005
0.0000001
0.0000002
0.0000000
0.0000001
0.0000001
0.0000002
0.0000007
0.0000001
0.0000000
0.0000002
0.0000035
0.0000001
0.0000001
0.0000003
0.0000000
0.0000001
0.0000010
0.0000001
0.0000000
0.0000001
0.0000000
0.0000001
0.0000000
0.0000001
0.0000004
0.0000000
0.0000001
0.0000000
0.0000001
0.0000001
0.0000005
0.0000000
0.0000001
0.0000002
0.0000001
0.0000012
0.0000001
0.0000001
0.0000000
0.0000001
0.0000000
0.0000001
0.0000001
0.0000001
0.0000000
0.0000000
0.0000001
0.0000001
0.0000002
0.0000001
0.0000001
0.0000000
0.0000001
0.0000000
0.0000000
0.0000000
0.0000000
0.0000000
0.0000003
0.0000001
0.0000003
0.0000000
0.0000002
0.0000002
0.0000003
0.0000001
0.0000001
0.0000003
0.0000001
0.0000001
0.0000000
0.0000004
0.0000000
0.0000001
0.0000000
0.0000001
0.0000001
0.0000000
0.0000000
0.0000002
0.0000002
0.0000001
0.0000001
0.0000001
0.0000001
0.0000001
0.0000001
0.0000001
0.0000000
0.0000001
0.0000000
0.0000000
0.0000001
0.0000000
0.0000000
0.0000000
0.0000000
0.0000000
0.0000000
0.0000001
0.0000000
0.0000000
0.0000000
0.0000001
0.0000000
0.0000000
0.0000001
0.0000007
0.0000001
0.0000000
0.0000000
0.0000000
0.0000000
0.0000001
0.0000000
0.0000000
0.0000000
0.0000000
0.0000000
0.0000001
0.0000000
0.0000000
0.0000000
0.0000000
0.0000000
0.0000002
0.0000001
0.0000001
0.0000000
0.0000000
0.0000004
0.0000000
0.0000001
0.0000000
0.0000001
0.0000000
0.0000000
0.0000002
0.0000016
0.0000003
0.0000004
0.0000004
0.0000001
0.0000000
0.0000000
0.0000000
0.0000000
0.0000000
0.0000000
0.0000001
0.0000000
0.0000000
0.0000000
0.0000000
0.0000000
0.0000001
0.0000001
0.0000000
0.0000000
0.0000001
0.0000001
0.0000000
