272.1885857
1657.6093237
0.0000732
0.0000086
0.0000028
0.0000010
0.0000006
0.0000002
0.0000002
0.0000001
0.0000003
0.0000001
0.0000001
0.0000001
0.0000001
0.0000000
0.0000000
0.0000001
0.0000000
-0.0000000
0.0000001
0.0000001
0.0000001
0.0000000
0.0000001
-0.0000001
-0.0000000
-0.0000000
0.0000000
0.0000000
-0.0000003
0.0000000
0.0000000
0.0000001
0.0000000
-0.0000002
0.0000001
-0.0000000
0.0000000
-0.0000001
0.0000000
-0.0000000
0.0000000
0.0000000
0.0000000
-0.0000001
-0.0000003
-0.0000000
0.0000000
0.0000000
-0.0000026
0.0000000
0.0000000
-0.0000001
0.0000000
0.0000000
-0.0000000
0.0000000
0.0000000
-0.0000000
0.0000000
0.0000000
0.0000000
0.0000000
-0.0000002
-0.0000000
0.0000000
0.0000000
0.0000000
0.0000000
-0.0000001
0.0000000
-0.0000000
-0.0000001
-0.0000000
-0.0000008
-0.0000000
-0.0000000
0.0000000
0.0000000
0.0000000
0.0000000
0.0000000
0.0000000
0.0000000
0.0000000
0.0000000
0.0000000
0.0000000
-0.0000000
-0.0000000
0.0000000
-0.0000000
0.0000000
0.0000000
0.0000000
0.0000000
0.0000000
-0.0000000
-0.0000000
-0.0000002
0.0000000
-0.0000000
-0.0000002
-0.0000001
0.0000000
-0.0000001
-0.0000001
0.0000000
-0.0000000
0.0000000
0.0000000
-0.0000000
0.0000000
-0.0000000
0.0000000
-0.0000000
0.0000000
-0.0000000
-0.0000001
-0.0000001
-0.0000000
-0.0000000
0.0000000
0.0000000
-0.0000000
-0.0000000
0.0000000
0.0000000
-0.0000001
-0.0000000
0.0000000
0.0000000
0.0000000
0.0000000
0.0000000
0.0000000
0.0000000
0.0000000
0.0000000
-0.0000000
0.0000000
0.0000000
-0.0000000
0.0000000
0.0000000
-0.0000000
-0.0000004
0.0000000
0.0000000
-0.0000000
-0.0000000
0.0000000
-0.0000000
0.0000000
0.0000000
0.0000000
0.0000000
0.0000000
-0.0000000
0.0000000
0.0000000
0.0000000
0.0000000
0.0000000
-0.0000001
0.0000000
0.0000000
0.0000000
0.0000000
-0.0000000
0.0000000
0.0000000
0.0000000
-0.0000000
0.0000000
0.0000000
-0.0000001
-0.0000010
-0.0000002
-0.0000001
-0.0000000
0.0000000
-0.0000000
0.0000000
-0.0000000
0.0000000
0.0000000
0.0000000
-0.0000000
0.0000000
-0.0000000
0.0000000
0.0000000
0.0000000
-0.0000000
-0.0000000
0.0000000
0.0000000
0.0000000
-0.0000000
-0.0000000
