0.4521068
138.7754535
0.0000213
0.0000023
0.0000018
0.0000003
0.0000003
0.0000011
0.0000003
0.0000007
0.0000003
0.0000001
0.0000001
0.0000002
0.0000001
0.0000003
0.0000003
0.0000003
0.0000001
0.0000005
0.0000001
0.0000001
0.0000001
0.0000000
0.0000007
0.0000007
0.0000002
0.0000002
0.0000000
0.0000001
0.0000008
0.0000000
0.0000001
0.0000001
0.0000000
0.0000007
0.0000001
0.0000001
0.0000001
0.0000007
0.0000001
0.0000002
0.0000000
0.0000001
0.0000000
0.0000003
0.0000011
0.0000001
0.0000000
0.0000001
0.0000069
0.0000001
0.0000002
0.0000004
0.0000001
0.0000001
0.0000011
0.0000000
0.0000000
0.0000001
0.0000000
0.0000001
0.0000000
0.0000001
0.0000007
0.0000001
0.0000001
0.0000000
0.0000001
0.0000001
0.0000007
0.0000000
0.0000001
0.0000004
0.0000001
0.0000023
0.0000001
0.0000001
0.0000000
0.0000001
0.0000000
0.0000001
0.0000000
0.0000001
0.0000000
0.0000000
0.0000000
0.0000001
0.0000002
0.0000002
0.0000001
0.0000000
0.0000001
0.0000000
0.0000000
0.0000000
0.0000000
0.0000000
0.0000003
0.0000001
0.0000006
0.0000000
0.0000003
0.0000005
0.0000004
0.0000001
0.0000002
0.0000004
0.0000001
0.0000001
0.0000000
0.0000005
0.0000001
0.0000000
0.0000000
0.0000001
0.0000001
0.0000000
0.0000000
0.0000003
0.0000004
0.0000001
0.0000001
0.0000001
0.0000000
0.0000001
0.0000001
0.0000001
0.0000000
0.0000002
0.0000001
0.0000001
0.0000001
0.0000000
0.0000000
0.0000000
0.0000000
0.0000000
0.0000000
0.0000001
0.0000001
0.0000000
0.0000000
0.0000001
0.0000000
0.0000000
0.0000001
0.0000013
0.0000001
0.0000000
0.0000000
0.0000000
0.0000000
0.0000001
0.0000000
0.0000000
0.0000000
0.0000000
0.0000000
0.0000001
0.0000000
0.0000000
0.0000000
0.0000000
0.0000000
0.0000003
0.0000001
0.0000001
0.0000000
0.0000000
0.0000004
0.0000000
0.0000001
0.0000000
0.0000001
0.0000000
0.0000000
0.0000004
0.0000029
0.0000007
0.0000005
0.0000005
0.0000001
0.0000000
0.0000000
0.0000000
0.0000000
0.0000000
0.0000000
0.0000001
0.0000000
0.0000000
0.0000000
0.0000000
0.0000000
0.0000001
0.0000002
0.0000000
0.0000000
0.0000001
0.0000002
0.0000000
