272.9811639
1900.8934202
0.0001105
0.0000127
0.0000059
0.0000015
0.0000012
0.0000021
0.0000007
0.0000013
0.0000008
0.0000003
0.0000003
0.0000005
0.0000003
0.0000005
0.0000006
0.0000006
0.0000002
0.0000008
0.0000003
0.0000003
0.0000002
0.0000001
0.0000014
0.0000011
0.0000003
0.0000004
0.0000001
0.0000001
0.0000012
0.0000001
0.0000001
0.0000002
0.0000001
0.0000010
0.0000003
0.0000002
0.0000001
0.0000011
0.0000002
0.0000003
0.0000001
0.0000001
0.0000001
0.0000005
0.0000017
0.0000002
0.0000001
0.0000003
0.0000095
0.0000002
0.0000003
0.0000006
0.0000001
0.0000002
0.0000019
0.0000001
0.0000001
0.0000002
0.0000001
0.0000003
0.0000000
0.0000002
0.0000009
0.0000001
0.0000001
0.0000000
0.0000002
0.0000002
0.0000011
0.0000001
0.0000001
0.0000006
0.0000001
0.0000033
0.0000002
0.0000002
0.0000001
0.0000001
0.0000000
0.0000002
0.0000001
0.0000001
0.0000001
0.0000001
0.0000001
0.0000002
0.0000004
0.0000003
0.0000002
0.0000000
0.0000001
0.0000000
0.0000001
0.0000000
0.0000000
0.0000000
0.0000006
0.0000001
0.0000008
0.0000000
0.0000005
0.0000006
0.0000006
0.0000001
0.0000003
0.0000006
0.0000001
0.0000001
0.0000000
0.0000008
0.0000001
0.0000001
0.0000001
0.0000002
0.0000001
0.0000000
0.0000001
0.0000004
0.0000005
0.0000001
0.0000002
0.0000002
0.0000001
0.0000001
0.0000002
0.0000001
0.0000000
0.0000003
0.0000001
0.0000001
0.0000001
0.0000000
0.0000000
0.0000001
0.0000000
0.0000000
0.0000000
0.0000002
0.0000001
0.0000000
0.0000000
0.0000001
0.0000000
0.0000001
0.0000002
0.0000018
0.0000002
0.0000000
0.0000001
0.0000000
0.0000000
0.0000001
0.0000001
0.0000000
0.0000000
0.0000000
0.0000000
0.0000002
0.0000000
0.0000000
0.0000000
0.0000000
0.0000000
0.0000005
0.0000001
0.0000002
0.0000000
0.0000000
0.0000008
0.0000000
0.0000002
0.0000001
0.0000001
0.0000000
0.0000000
0.0000006
0.0000041
0.0000009
0.0000008
0.0000008
0.0000002
0.0000001
0.0000000
0.0000001
0.0000000
0.0000000
0.0000001
0.0000002
0.0000000
0.0000001
0.0000000
0.0000001
0.0000000
0.0000001
0.0000003
0.0000000
0.0000000
0.0000001
0.0000003
0.0000000
