0.6999676
1.0334883
0.4918647
0.4323095
0.4161076
0.4070743
0.4008333
0.3963103
0.3929290
0.3903613
0.3883562
0.3867811
0.3854937
0.3844219
0.3834888
0.3826715
0.3819405
0.3812771
0.3806765
0.3801337
0.3796254
0.3791446
0.3786679
0.3782173
0.3777906
0.3773830
0.3769950
0.3766298
0.3762791
0.3759385
0.3756118
0.3753006
0.3749956
0.3746954
0.3743907
0.3740937
0.3738090
0.3735341
0.3732577
0.3729869
0.3727239
0.3724679
0.3722083
0.3719567
0.3717152
0.3714814
0.3712415
0.3710078
0.3707794
0.3705551
0.3703282
0.3701094
0.3699002
0.3696982
0.3694992
0.3693120
0.3691277
0.3689438
0.3687555
0.3685727
0.3683935
0.3682164
0.3680321
0.3678489
0.3676708
0.3674978
0.3673286
0.3671679
0.3670093
0.3668513
0.3666878
0.3665251
0.3663642
0.3662063
0.3660523
0.3659079
0.3657649
0.3656224
0.3654658
0.3653171
0.3651695
0.3650231
0.3648751
0.3647320
0.3645927
0.3644566
0.3643136
0.3641690
0.3640263
0.3638865
0.3637436
0.3636031
0.3634650
0.3633290
0.3631892
0.3630514
0.3629167
0.3627846
0.3626564
0.3625320
0.3624106
0.3622910
