0.6962834
0.9711808
0.4863213
0.4306580
0.4151059
0.4063549
0.4001946
0.3957339
0.3924069
0.3898781
0.3878912
0.3863279
0.3850473
0.3839787
0.3830516
0.3822370
0.3815030
0.3808321
0.3802347
0.3796909
0.3791739
0.3786804
0.3781866
0.3777179
0.3772740
0.3768498
0.3764492
0.3760727
0.3757093
0.3753556
0.3750122
0.3746834
0.3743613
0.3740446
0.3737240
0.3734081
0.3731065
0.3728151
0.3725147
0.3722174
0.3719301
0.3716518
0.3713853
0.3711352
0.3708917
0.3706524
0.3703961
0.3701385
0.3698847
0.3696357
0.3693883
0.3691503
0.3689216
0.3686999
0.3684857
0.3682855
0.3680853
0.3678836
0.3676738
0.3674674
0.3672640
0.3670632
0.3668558
0.3666523
0.3664550
0.3662633
0.3660753
0.3658974
0.3657227
0.3655492
0.3653696
0.3651899
0.3650121
0.3648372
0.3646657
0.3645034
0.3643438
0.3641852
0.3640158
0.3638536
0.3636937
0.3635357
0.3633747
0.3632175
0.3630634
0.3629120
0.3627556
0.3625992
0.3624451
0.3622939
0.3621386
0.3619857
0.3618341
0.3616835
0.3615270
0.3613731
0.3612223
0.3610747
0.3609337
0.3607967
0.3606628
0.3605303
