0.0059442
0.1005272
0.0089438
0.0026645
0.0016162
0.0011608
0.0010305
0.0009299
0.0008424
0.0007796
0.0007501
0.0007313
0.0007203
0.0007150
0.0007054
0.0007009
0.0007059
0.0007180
0.0007127
0.0007145
0.0007285
0.0007490
0.0007766
0.0008057
0.0008335
0.0008603
0.0008806
0.0008988
0.0009194
0.0009404
0.0009674
0.0009959
0.0010234
0.0010501
0.0010757
0.0011061
0.0011335
0.0011599
0.0011988
0.0012416
0.0012807
0.0013166
0.0013279
0.0013255
0.0013285
0.0013376
0.0013640
0.0014026
0.0014435
0.0014833
0.0015164
0.0015475
0.0015789
0.0016106
0.0016353
0.0016562
0.0016818
0.0017105
0.0017453
0.0017833
0.0018223
0.0018606
0.0018978
0.0019306
0.0019616
0.0019918
0.0020221
0.0020498
0.0020758
0.0021008
0.0021268
0.0021542
0.0021815
0.0022089
0.0022372
0.0022660
0.0022928
0.0023188
0.0023395
0.0023613
0.0023811
0.0023998
0.0024208
0.0024434
0.0024674
0.0024921
0.0025137
0.0025326
0.0025512
0.0025695
0.0025895
0.0026095
0.0026314
0.0026549
0.0026817
0.0027078
0.0027337
0.0027588
0.0027794
0.0027998
0.0028200
0.0028408
