0.7036519
1.0957957
0.4974082
0.4339609
0.4171094
0.4077938
0.4014720
0.3968866
0.3934511
0.3908445
0.3888211
0.3872344
0.3859402
0.3848650
0.3839260
0.3831059
0.3823780
0.3817221
0.3811182
0.3805766
0.3800770
0.3796088
0.3791493
0.3787167
0.3783072
0.3779162
0.3775408
0.3771869
0.3768489
0.3765213
0.3762114
0.3759179
0.3756299
0.3753462
0.3750574
0.3747793
0.3745116
0.3742530
0.3740007
0.3737564
0.3735177
0.3732839
0.3730313
0.3727783
0.3725386
0.3723105
0.3720869
0.3718772
0.3716741
0.3714745
0.3712680
0.3710685
0.3708788
0.3706964
0.3705128
0.3703385
0.3701701
0.3700039
0.3698372
0.3696780
0.3695229
0.3693696
0.3692083
0.3690455
0.3688866
0.3687324
0.3685819
0.3684384
0.3682959
0.3681534
0.3680060
0.3678602
0.3677164
0.3675754
0.3674390
0.3673124
0.3671860
0.3670595
0.3669159
0.3667807
0.3666453
0.3665105
0.3663756
0.3662464
0.3661220
0.3660012
0.3658716
0.3657387
0.3656075
0.3654791
0.3653486
0.3652205
0.3650959
0.3649745
0.3648513
0.3647297
0.3646110
0.3644945
0.3643790
0.3642673
0.3641585
0.3640518
