0.1163196
0.2494137
0.0051988
0.0017354
0.0009614
0.0008202
0.0006202
0.0005120
0.0004962
0.0003658
0.0003867
0.0003132
0.0003111
0.0003215
0.0003145
0.0003133
0.0002601
0.0002778
0.0002682
0.0003359
0.0002174
0.0002460
0.0002675
0.0002506
0.0002331
0.0002334
0.0002221
0.0002404
0.0002179
0.0001885
0.0002288
0.0002419
0.0001936
0.0001994
0.0001866
0.0002062
0.0002478
0.0002139
0.0001949
0.0001674
0.0001772
0.0001947
0.0001751
0.0001832
0.0002004
0.0001921
0.0001734
0.0001870
0.0001694
0.0001783
0.0001713
0.0001821
0.0002121
0.0001991
0.0001755
0.0001889
0.0001928
0.0001564
0.0001655
0.0001638
0.0001646
0.0001708
0.0001803
0.0001790
0.0001831
0.0001728
0.0001664
0.0001800
0.0001892
0.0001463
0.0001654
0.0001446
0.0001517
0.0001642
0.0001507
0.0001511
0.0001518
0.0001538
0.0001874
0.0001631
0.0001449
0.0001691
0.0001359
0.0001524
0.0001561
0.0001488
0.0001516
0.0001349
0.0001456
0.0001216
0.0001343
0.0001611
0.0001605
0.0001370
0.0001411
0.0001616
0.0001758
0.0001628
0.0001440
0.0001400
0.0001177
0.0001439
