0.1119825
0.2387516
0.0050422
0.0016236
0.0008796
0.0006344
0.0005581
0.0004617
0.0004224
0.0003404
0.0003322
0.0002927
0.0002827
0.0002763
0.0002734
0.0002615
0.0002311
0.0002252
0.0002255
0.0002718
0.0002085
0.0002194
0.0002014
0.0002060
0.0002065
0.0002019
0.0001899
0.0002053
0.0001864
0.0001798
0.0001974
0.0001837
0.0001684
0.0001709
0.0001725
0.0001845
0.0001783
0.0001862
0.0001819
0.0001599
0.0001646
0.0001758
0.0001618
0.0001634
0.0001629
0.0001612
0.0001533
0.0001632
0.0001494
0.0001535
0.0001556
0.0001551
0.0001659
0.0001525
0.0001497
0.0001521
0.0001593
0.0001442
0.0001398
0.0001445
0.0001457
0.0001359
0.0001259
0.0001464
0.0001236
0.0001471
0.0001452
0.0001399
0.0001472
0.0001270
0.0001391
0.0001271
0.0001340
0.0001373
0.0001363
0.0001312
0.0001291
0.0001307
0.0001460
0.0001392
0.0001193
0.0001321
0.0001239
0.0001217
0.0001318
0.0001154
0.0001149
0.0001199
0.0001181
0.0001083
0.0001197
0.0001274
0.0001394
0.0001138
0.0001156
0.0001411
0.0001378
0.0001313
0.0001208
0.0001144
0.0001077
0.0001266
