0.0069976
0.0172024
0.0002526
0.0001804
0.0001319
0.0002997
0.0001002
0.0000812
0.0001192
0.0000411
0.0000879
0.0000331
0.0000458
0.0000730
0.0000663
0.0000836
0.0000468
0.0000850
0.0000688
0.0001034
0.0000144
0.0000428
0.0001067
0.0000719
0.0000430
0.0000509
0.0000520
0.0000566
0.0000508
0.0000140
0.0000506
0.0000939
0.0000408
0.0000459
0.0000228
0.0000351
0.0001121
0.0000447
0.0000209
0.0000120
0.0000203
0.0000305
0.0000214
0.0000320
0.0000605
0.0000498
0.0000324
0.0000384
0.0000322
0.0000400
0.0000253
0.0000435
0.0000747
0.0000752
0.0000417
0.0000593
0.0000540
0.0000196
0.0000415
0.0000312
0.0000306
0.0000564
0.0000878
0.0000527
0.0000959
0.0000414
0.0000344
0.0000647
0.0000678
0.0000312
0.0000424
0.0000283
0.0000286
0.0000434
0.0000232
0.0000321
0.0000367
0.0000373
0.0000669
0.0000386
0.0000412
0.0000597
0.0000195
0.0000496
0.0000392
0.0000540
0.0000592
0.0000243
0.0000443
0.0000215
0.0000235
0.0000543
0.0000340
0.0000375
0.0000412
0.0000331
0.0000613
0.0000508
0.0000375
0.0000413
0.0000161
0.0000280
