0.1206568
0.2600759
0.0053554
0.0018472
0.0010431
0.0010059
0.0006823
0.0005623
0.0005701
0.0003913
0.0004412
0.0003337
0.0003395
0.0003667
0.0003556
0.0003651
0.0002891
0.0003305
0.0003108
0.0004000
0.0002264
0.0002725
0.0003337
0.0002952
0.0002598
0.0002650
0.0002543
0.0002754
0.0002494
0.0001972
0.0002602
0.0003001
0.0002189
0.0002279
0.0002007
0.0002280
0.0003172
0.0002417
0.0002079
0.0001748
0.0001897
0.0002136
0.0001883
0.0002031
0.0002379
0.0002229
0.0001935
0.0002108
0.0001894
0.0002031
0.0001870
0.0002091
0.0002584
0.0002457
0.0002013
0.0002257
0.0002262
0.0001685
0.0001913
0.0001832
0.0001836
0.0002058
0.0002347
0.0002117
0.0002425
0.0001984
0.0001877
0.0002201
0.0002312
0.0001656
0.0001917
0.0001621
0.0001694
0.0001911
0.0001651
0.0001710
0.0001745
0.0001769
0.0002288
0.0001870
0.0001705
0.0002061
0.0001480
0.0001831
0.0001804
0.0001823
0.0001883
0.0001499
0.0001730
0.0001349
0.0001488
0.0001947
0.0001815
0.0001602
0.0001667
0.0001821
0.0002137
0.0001943
0.0001672
0.0001656
0.0001277
0.0001613
