0.1163196
0.2331919
0.0049828
0.0016725
0.0010362
0.0007619
0.0005750
0.0004936
0.0004299
0.0004108
0.0003515
0.0003281
0.0003089
0.0002945
0.0002850
0.0002854
0.0002781
0.0002709
0.0002697
0.0002704
0.0002712
0.0002647
0.0002309
0.0002390
0.0002388
0.0002352
0.0002273
0.0002396
0.0002414
0.0002387
0.0002209
0.0002370
0.0002403
0.0002396
0.0002437
0.0002678
0.0002732
0.0002737
0.0002271
0.0002193
0.0002178
0.0002164
0.0002184
0.0002424
0.0002497
0.0002527
0.0001985
0.0002126
0.0002225
0.0002234
0.0001900
0.0002157
0.0002280
0.0002330
0.0001795
0.0001979
0.0002107
0.0002163
0.0001659
0.0001736
0.0001800
0.0001840
0.0001632
0.0001859
0.0001979
0.0002021
0.0001612
0.0001830
0.0001984
0.0002049
0.0001729
0.0001898
0.0002019
0.0002072
0.0001988
0.0002739
0.0003213
0.0003461
0.0001613
0.0001644
0.0001839
0.0001956
0.0001594
0.0001635
0.0001708
0.0001751
0.0001447
0.0001619
0.0001771
0.0001856
0.0001444
0.0001560
0.0001689
0.0001770
0.0001508
0.0001533
0.0001587
0.0001616
0.0001780
0.0002143
0.0002407
0.0002551
