0.1119825
0.1963468
0.0048812
0.0015809
0.0009453
0.0006671
0.0005487
0.0004654
0.0004077
0.0003765
0.0003331
0.0003074
0.0002902
0.0002709
0.0002506
0.0002444
0.0002390
0.0002297
0.0002258
0.0002199
0.0002135
0.0002153
0.0002080
0.0002119
0.0002098
0.0002069
0.0002093
0.0002200
0.0002197
0.0002170
0.0001821
0.0001879
0.0001880
0.0001876
0.0002005
0.0002089
0.0002096
0.0002098
0.0001796
0.0001759
0.0001739
0.0001735
0.0001802
0.0001921
0.0001947
0.0001945
0.0001526
0.0001627
0.0001705
0.0001705
0.0001671
0.0001815
0.0001888
0.0001900
0.0001497
0.0001667
0.0001724
0.0001749
0.0001402
0.0001327
0.0001342
0.0001355
0.0001384
0.0001537
0.0001613
0.0001643
0.0001370
0.0001565
0.0001678
0.0001728
0.0001379
0.0001447
0.0001470
0.0001478
0.0001410
0.0001274
0.0001237
0.0001214
0.0001293
0.0001497
0.0001607
0.0001640
0.0001370
0.0001420
0.0001428
0.0001419
0.0001317
0.0001439
0.0001518
0.0001560
0.0001185
0.0001284
0.0001373
0.0001414
0.0001093
0.0001122
0.0001185
0.0001226
0.0001057
0.0000920
0.0000882
0.0000871
