0.1206568
0.2700370
0.0050844
0.0017642
0.0011271
0.0008567
0.0006013
0.0005217
0.0004522
0.0004451
0.0003699
0.0003488
0.0003277
0.0003180
0.0003193
0.0003264
0.0003173
0.0003120
0.0003136
0.0003210
0.0003288
0.0003141
0.0002538
0.0002661
0.0002678
0.0002635
0.0002454
0.0002591
0.0002631
0.0002603
0.0002596
0.0002861
0.0002926
0.0002916
0.0002870
0.0003266
0.0003368
0.0003375
0.0002746
0.0002627
0.0002617
0.0002593
0.0002567
0.0002926
0.0003046
0.0003110
0.0002444
0.0002625
0.0002745
0.0002763
0.0002129
0.0002498
0.0002673
0.0002761
0.0002092
0.0002291
0.0002489
0.0002578
0.0001916
0.0002145
0.0002259
0.0002325
0.0001881
0.0002181
0.0002344
0.0002399
0.0001855
0.0002096
0.0002291
0.0002369
0.0002078
0.0002350
0.0002568
0.0002667
0.0002566
0.0004203
0.0005189
0.0005709
0.0001933
0.0001791
0.0002070
0.0002272
0.0001817
0.0001850
0.0001988
0.0002082
0.0001577
0.0001800
0.0002024
0.0002151
0.0001703
0.0001837
0.0002005
0.0002126
0.0001922
0.0001945
0.0001988
0.0002006
0.0002502
0.0003367
0.0003931
0.0004232
