0.9999752
0.9999752
0.4982519
0.2814654
0.1837466
0.1390900
0.1132780
0.0996777
0.0899578
0.0837094
0.0782048
0.0749070
0.0712869
0.0670345
0.0652492
0.0630424
0.0610340
0.0593975
0.0571287
0.0553186
0.0543144
0.0535210
0.0516737
0.0506943
0.0493925
0.0485991
0.0473841
0.0469006
0.0462807
0.0455120
0.0440863
0.0433548
0.0424002
0.0420655
0.0414084
0.0407513
0.0399578
0.0394123
0.0387801
0.0383585
0.0379370
0.0371808
0.0365609
0.0362757
0.0360774
0.0350855
0.0345772
0.0344161
0.0339821
0.0334614
0.0330895
0.0330647
0.0325068
0.0322217
0.0321101
0.0311927
0.0311059
0.0307463
0.0302380
0.0300645
0.0299281
0.0299033
0.0295314
0.0286759
0.0287999
0.0287379
0.0284156
0.0284032
0.0280436
0.0275973
0.0276717
0.0274114
0.0271758
0.0269154
0.0269898
0.0265435
0.0262708
0.0262956
0.0258368
0.0260228
0.0257253
0.0256757
0.0253161
0.0250806
0.0256757
0.0252046
0.0246715
0.0246839
0.0240144
0.0241012
0.0242251
0.0240020
0.0237044
0.0234689
0.0237912
0.0235681
0.0236177
0.0233573
0.0236548
0.0232581
0.0229730
0.0229606
