0.9999445
0.9999445
0.4937348
0.2775328
0.1815514
0.1361123
0.1091372
0.0960735
0.0859634
0.0796157
0.0750388
0.0712495
0.0678730
0.0635456
0.0619241
0.0589682
0.0578512
0.0556724
0.0537915
0.0516841
0.0507373
0.0498686
0.0480746
0.0469313
0.0461365
0.0446972
0.0436328
0.0430491
0.0423711
0.0420352
0.0403969
0.0397936
0.0386837
0.0384176
0.0375522
0.0373134
0.0360464
0.0354309
0.0347979
0.0342895
0.0337417
0.0333325
0.0329915
0.0324572
0.0320182
0.0312384
0.0307899
0.0310784
0.0302940
0.0296655
0.0291111
0.0294476
0.0286936
0.0282752
0.0280537
0.0275156
0.0270374
0.0270405
0.0264519
0.0263995
0.0261476
0.0260128
0.0255759
0.0250464
0.0250134
0.0247776
0.0245962
0.0245739
0.0240117
0.0236288
0.0238585
0.0237673
0.0234343
0.0233128
0.0231718
0.0229486
0.0226523
0.0226600
0.0222128
0.0224713
0.0220996
0.0221078
0.0218547
0.0216383
0.0219642
0.0218233
0.0212878
0.0211531
0.0205741
0.0205968
0.0207997
0.0203937
0.0202738
0.0202926
0.0206160
0.0203880
0.0204139
0.0201175
0.0201623
0.0199835
0.0197210
0.0198251
