0.0000496
0.0000496
0.0072880
0.0063449
0.0035417
0.0048043
0.0066808
0.0058150
0.0064447
0.0066048
0.0051080
0.0059011
0.0055080
0.0056289
0.0053647
0.0065734
0.0051351
0.0060101
0.0053843
0.0058640
0.0057714
0.0058928
0.0058068
0.0060712
0.0052532
0.0062953
0.0060523
0.0062140
0.0063078
0.0056096
0.0059525
0.0057457
0.0059962
0.0058855
0.0062216
0.0055467
0.0063107
0.0064238
0.0064248
0.0065650
0.0067687
0.0062089
0.0057589
0.0061609
0.0065490
0.0062070
0.0061106
0.0053850
0.0059505
0.0061244
0.0064187
0.0058359
0.0061523
0.0063673
0.0065445
0.0059326
0.0065641
0.0059790
0.0061086
0.0059131
0.0060994
0.0062769
0.0063818
0.0058559
0.0061092
0.0063895
0.0061623
0.0061781
0.0065052
0.0064028
0.0061523
0.0058793
0.0060365
0.0058125
0.0061601
0.0058001
0.0058381
0.0058657
0.0058470
0.0057300
0.0058496
0.0057565
0.0055847
0.0055539
0.0059881
0.0054553
0.0054592
0.0056966
0.0055505
0.0056540
0.0055267
0.0058217
0.0055349
0.0051246
0.0051230
0.0051308
0.0051689
0.0052271
0.0056348
0.0052833
0.0052468
0.0050588
