1.0000059
1.0000059
0.5027691
0.2853980
0.1859418
0.1420678
0.1174187
0.1032819
0.0939523
0.0878031
0.0813708
0.0785645
0.0747008
0.0705233
0.0685742
0.0671166
0.0642168
0.0631226
0.0604659
0.0589531
0.0578915
0.0571733
0.0552728
0.0544572
0.0526485
0.0525009
0.0511353
0.0507520
0.0501903
0.0489889
0.0477757
0.0469160
0.0461167
0.0457133
0.0452646
0.0441892
0.0438692
0.0433938
0.0427622
0.0424276
0.0421323
0.0410291
0.0401302
0.0400943
0.0401365
0.0389327
0.0383646
0.0377537
0.0376703
0.0372574
0.0370679
0.0366818
0.0363200
0.0361681
0.0361664
0.0348697
0.0351744
0.0344522
0.0340242
0.0337295
0.0337086
0.0337938
0.0334869
0.0323054
0.0325864
0.0326982
0.0322350
0.0322324
0.0320756
0.0315658
0.0314849
0.0310554
0.0309173
0.0305181
0.0308079
0.0301384
0.0298893
0.0299312
0.0294609
0.0295743
0.0293509
0.0292436
0.0287776
0.0285229
0.0293871
0.0285858
0.0280551
0.0282146
0.0274546
0.0276056
0.0276506
0.0276103
0.0271350
0.0266452
0.0269665
0.0267481
0.0268214
0.0265971
0.0271474
0.0265327
0.0262249
0.0260960
