11.4403333
13.2403333
94.3926667
95.8123333
96.2843333
96.5290000
96.6870000
96.8083333
96.9206667
96.9833333
97.0573333
97.1263333
97.1713333
97.2290000
97.2713333
97.2950000
97.3250000
97.3616667
97.3903333
97.4100000
97.4453333
97.4723333
97.4960000
97.5120000
97.5336667
97.5506667
97.5736667
97.5883333
97.6060000
97.6020000
97.6186667
97.6286667
97.6453333
97.6536667
97.6550000
97.6740000
97.6860000
97.7076667
97.7180000
97.7326667
97.7426667
97.7503333
97.7583333
97.7620000
97.7680000
97.7800000
97.7746667
97.7896667
97.7970000
97.8056667
97.8180000
97.8246667
97.8323333
97.8323333
97.8440000
97.8523333
97.8530000
97.8640000
97.8616667
97.8750000
97.8883333
97.8896667
97.8920000
97.9010000
97.9020000
97.9026667
97.9043333
97.9113333
97.9193333
97.9173333
97.9163333
97.9190000
97.9173333
97.9250000
97.9303333
97.9336667
97.9323333
97.9490000
97.9520000
97.9506667
97.9560000
97.9566667
97.9613333
97.9656667
97.9646667
97.9600000
97.9686667
97.9760000
97.9750000
97.9793333
97.9726667
97.9866667
97.9956667
97.9880000
97.9920000
98.0033333
98.0066667
97.9953333
97.9996667
97.9950000
97.9986667
98.0086667
98.0106667
98.0113333
98.0116667
98.0130000
98.0206667
98.0286667
98.0386667
98.0416667
98.0493333
98.0463333
98.0496667
98.0633333
98.0603333
98.0706667
98.0753333
98.0780000
98.0766667
98.0766667
98.0713333
98.0743333
98.0766667
98.0733333
98.0773333
98.0766667
98.0853333
98.0916667
98.0883333
98.0823333
98.0893333
98.0926667
98.0883333
98.0906667
98.0993333
98.0973333
98.0980000
98.1046667
98.1156667
98.1123333
98.1133333
98.1160000
98.1110000
98.1076667
98.0953333
98.0930000
98.0940000
98.0936667
98.1010000
98.0990000
98.1070000
98.1050000
98.1090000
98.1070000
98.1216667
98.1300000
98.1390000
98.1466667
98.1496667
98.1493333
98.1486667
98.1456667
98.1466667
98.1370000
98.1443333
98.1380000
98.1576667
98.1490000
98.1513333
98.1513333
98.1523333
98.1583333
98.1490000
98.1480000
98.1430000
98.1540000
98.1466667
98.1493333
98.1583333
98.1580000
98.1650000
98.1680000
98.1756667
98.1753333
98.1833333
98.1900000
98.1950000
98.1940000
98.1896667
98.1923333
98.1903333
98.1860000
98.1853333
98.1813333
98.1756667
98.1800000
98.1903333
98.1876667
98.1886667
98.1840000
98.1943333
98.1820000
