10.2968569
10.4580541
93.6018118
95.3872180
95.9624281
96.2674502
96.4543686
96.6004111
96.7302279
96.7844301
96.8649167
96.9403744
96.9977743
97.0657383
97.1074875
97.1415960
97.1618471
97.2179957
97.2373015
97.2564486
97.2931939
97.3228053
97.3522530
97.3649016
97.3938643
97.4033821
97.4224446
97.4356098
97.4651295
97.4597161
97.4663450
97.4824881
97.5049004
97.5197942
97.5250638
97.5392023
97.5542902
97.5725874
97.5885035
97.5973222
97.6106041
97.6215010
97.6235090
97.6339487
97.6358573
97.6550202
97.6511352
97.6714317
97.6771230
97.6881117
97.7064754
97.7102218
97.7139245
97.7138236
97.7253751
97.7429918
97.7522366
97.7531156
97.7587423
97.7784967
97.7834291
97.7841280
97.7762644
97.7877315
97.7913129
97.7896019
97.7939583
97.8018560
97.8049138
97.8082263
97.8172875
97.8183247
97.8158052
97.8280686
97.8325103
97.8391277
97.8326937
97.8501215
97.8531785
97.8533064
97.8603961
97.8571753
97.8675787
97.8667493
97.8748891
97.8763631
97.8746847
97.8806644
97.8794122
97.8854186
97.8823052
97.8994277
97.9141826
97.9060521
97.8964819
97.9106935
97.9195795
97.9130372
97.9190421
97.9207094
97.9211955
97.9160619
97.9281209
97.9281704
97.9186131
97.9206722
97.9286389
97.9450482
97.9524197
97.9519385
97.9632588
97.9636130
97.9634395
97.9787021
97.9729555
97.9950401
97.9991008
97.9992231
98.0037036
98.0065497
97.9952241
98.0004425
97.9965594
97.9878989
97.9892588
97.9890128
98.0024583
98.0093415
98.0141117
98.0114559
98.0132790
98.0173002
98.0110023
98.0103168
98.0235771
98.0242032
98.0137104
98.0206713
98.0382165
98.0366617
98.0445190
98.0402438
98.0352325
98.0300183
98.0272774
98.0258025
98.0279868
98.0305572
98.0380179
98.0390455
98.0447898
98.0373745
98.0440888
98.0304992
98.0447119
98.0546256
98.0610773
98.0632188
98.0627100
98.0687712
98.0693282
98.0639368
98.0692804
98.0586741
98.0573806
98.0553054
98.0824703
98.0677941
98.0718605
98.0793278
98.0765940
98.0865677
98.0773677
98.0714880
98.0710301
98.0819400
98.0814445
98.0758190
98.0848399
98.0860835
98.0960617
98.0976375
98.1000514
98.1040906
98.1123572
98.1180680
98.1240840
98.1253683
98.1221460
98.1255999
98.1266248
98.1166444
98.1167713
98.1181158
98.1095953
98.1141915
98.1178728
98.1161417
98.1060289
98.1059405
98.1187576
98.1011217
