1.3045363
3.1741661
0.9022476
0.4849932
0.3672459
0.2983894
0.2653978
0.2372083
0.2172623
0.2269190
0.2195187
0.2121514
0.1980051
0.1862573
0.1869236
0.1750111
0.1861332
0.1639072
0.1745865
0.1751793
0.1735684
0.1705892
0.1639939
0.1678174
0.1594936
0.1680298
0.1725218
0.1742348
0.1607123
0.1623248
0.1737764
0.1667680
0.1602131
0.1527285
0.1482378
0.1537841
0.1502613
0.1541053
0.1477363
0.1544078
0.1506637
0.1469785
0.1538145
0.1460875
0.1507551
0.1425833
0.1409310
0.1348884
0.1367618
0.1341127
0.1272329
0.1305646
0.1350868
0.1352019
0.1353333
0.1247424
0.1149560
0.1265025
0.1174214
0.1100959
0.1196801
0.1204039
0.1320370
0.1292225
0.1262775
0.1289901
0.1259215
0.1248973
0.1305356
0.1244749
0.1129966
0.1148555
0.1158284
0.1105843
0.1116015
0.1078548
0.1136740
0.1128056
0.1127406
0.1110735
0.1090698
0.1135048
0.1069600
0.1128499
0.1024229
0.0954172
0.1072194
0.1087638
0.1090515
0.1071427
0.1030890
0.0995267
0.0929612
0.0934903
0.1089720
0.1056882
0.0993535
0.0938876
0.0919807
0.0847545
0.0883830
0.1056483
0.0941724
0.0948765
0.1061603
0.1053323
0.1049899
0.0953962
0.0983949
0.1023664
0.0981982
0.0943716
0.0983723
0.0965517
0.0996851
0.0862786
0.0869700
0.0898727
0.0832399
0.0799931
0.0868293
0.0842984
0.0913905
0.0974679
0.1004800
0.1000000
0.0945480
0.0939208
0.0846759
0.0808606
0.0867666
0.0859819
0.0882232
0.0916673
0.0864266
0.0834306
0.0961619
0.0958262
0.0883591
0.0863301
0.0785069
0.0864266
0.0864394
0.0885852
0.0776416
0.0766623
0.0753112
0.0719985
0.0718532
0.0683992
0.0709726
0.0771506
0.0740540
0.0872761
0.0877940
0.0859910
0.0888982
0.0952015
0.0992046
0.0919094
0.0905134
0.0932416
0.0882862
0.0893582
0.0992001
0.0943422
0.0857879
0.0926439
0.0906667
0.0821476
0.0864073
0.0818739
0.0817218
0.0872888
0.0821070
0.0822098
0.0744088
0.0838689
0.0838451
0.0820461
0.0786483
0.0802731
0.0862657
0.0812773
0.0809732
0.0820637
0.0809046
0.0782986
0.0770310
0.0761329
0.0726820
0.0791244
0.0782191
0.0721218
0.0753776
0.0750777
0.0826667
0.0815993
0.0942774
0.0890543
0.0862206
0.0922701
