12.5838098
16.0226126
95.1835215
96.2374487
96.6062386
96.7905498
96.9196314
97.0162556
97.1111054
97.1822366
97.2497499
97.3122922
97.3448924
97.3922617
97.4351791
97.4484040
97.4881529
97.5053376
97.5433651
97.5635514
97.5974728
97.6218613
97.6397470
97.6590984
97.6734690
97.6979512
97.7248887
97.7410569
97.7468705
97.7442839
97.7709884
97.7748452
97.7857663
97.7875391
97.7849362
97.8087977
97.8177098
97.8427459
97.8474965
97.8680111
97.8747292
97.8791656
97.8931577
97.8900513
97.9001427
97.9049798
97.8981982
97.9079016
97.9168770
97.9232217
97.9295246
97.9391116
97.9507421
97.9508430
97.9626249
97.9616749
97.9537634
97.9748844
97.9645910
97.9715033
97.9932376
97.9952054
98.0077356
98.0142685
98.0126871
98.0157315
98.0147084
98.0208106
98.0337529
98.0264404
98.0153792
98.0196753
98.0188614
98.0219314
98.0281563
98.0282056
98.0319730
98.0478785
98.0508215
98.0480269
98.0516039
98.0561580
98.0550879
98.0645840
98.0544443
98.0436369
98.0626486
98.0713356
98.0705878
98.0732480
98.0630281
98.0739056
98.0771507
98.0699479
98.0875181
98.0959731
98.0937538
98.0776295
98.0802913
98.0692906
98.0761378
98.1012715
98.0932124
98.0944963
98.1047202
98.1053278
98.1126944
98.1122852
98.1249136
98.1313948
98.1354079
98.1290537
98.1358938
98.1479646
98.1477111
98.1462932
98.1515659
98.1567769
98.1496297
98.1467837
98.1474426
98.1482241
98.1567740
98.1587678
98.1654079
98.1643205
98.1682084
98.1739919
98.1625550
98.1532108
98.1653876
98.1680331
98.1656644
98.1710166
98.1750896
98.1704635
98.1822896
98.1886621
98.1931168
98.1880050
98.1821477
98.1917562
98.1867675
98.1853150
98.1633892
98.1601975
98.1600132
98.1567761
98.1639821
98.1589545
98.1692102
98.1726255
98.1739112
98.1835008
98.1986215
98.2053744
98.2169227
98.2301145
98.2366233
98.2298955
98.2280051
98.2273966
98.2240529
98.2153259
98.2312861
98.2206946
98.2328630
98.2302059
98.2308062
98.2233388
98.2280727
98.2300990
98.2206323
98.2245120
98.2149699
98.2260600
98.2118888
98.2228477
98.2318268
98.2299165
98.2339383
98.2383625
98.2512819
98.2465760
98.2543095
98.2619320
98.2659160
98.2626317
98.2571873
98.2590668
98.2540419
98.2553556
98.2538954
98.2445509
98.2417380
98.2458085
98.2627939
98.2591916
98.2713044
98.2620595
98.2699091
98.2628783
