50.1670762
50.6775184
75.9213759
75.9213759
75.9213759
75.9213759
75.9213759
75.9213759
75.9213759
75.9213759
75.9213759
75.9213759
75.9213759
75.9213759
75.9213759
75.9213759
75.9213759
75.9213759
75.9213759
75.9213759
75.9213759
75.9213759
75.9213759
75.9213759
75.9213759
75.9213759
75.9213759
75.9213759
75.9213759
75.9213759
75.9213759
75.9213759
75.9213759
75.9213759
75.9315111
75.9748157
76.1200860
76.4256757
76.9259828
77.5829238
78.3163391
78.9858722
79.5767813
80.0562039
80.4437961
80.7481572
80.9745086
81.1701474
81.3670147
81.5288698
81.6630835
81.7770270
81.8657862
81.9468673
82.0331695
82.1022727
82.1827396
82.2444717
82.3114251
82.3869779
82.4422604
82.5236486
82.5863022
82.6501843
82.7177518
82.7942260
82.8645577
82.9133907
82.9646806
83.0070639
83.0445332
83.0850737
83.1170147
83.1535627
83.1821253
83.1959459
83.2134521
83.2392506
83.2573710
83.2837838
83.3092752
83.3286241
83.3648649
83.3900491
83.4250614
83.4600737
83.4864865
83.5116708
83.5402334
83.5724816
83.6050369
83.6440418
83.6784398
83.7042383
83.7297297
83.7638206
83.7834767
83.8074324
83.8270885
83.8445946
83.8700860
83.8915848
