34.2017089
34.9861963
75.9213759
75.9213759
75.9213759
75.9213759
75.9213759
75.9213759
75.9213759
75.9213759
75.9213759
75.9213759
75.9213759
75.9213759
75.9213759
75.9213759
75.9213759
75.9213759
75.9213759
75.9213759
75.9213759
75.9213759
75.9213759
75.9213759
75.9213759
75.9213759
75.9213759
75.9213759
75.9213759
75.9213759
75.9213759
75.9213759
75.9213759
75.9213759
75.9126656
75.8804157
75.8587247
75.9837970
76.3313453
76.8741805
77.5502429
78.2448744
78.9049797
79.4812962
79.9712287
80.3766472
80.6683121
80.9219725
81.1475928
81.3371992
81.4820464
81.6202356
81.7338548
81.8227705
81.9223490
81.9945285
82.0729570
82.1339924
82.2000559
82.2770279
82.3308665
82.4113210
82.4717975
82.5341268
82.6125044
82.6902312
82.7677589
82.8189254
82.8841069
82.9368299
82.9892175
83.0380722
83.0654038
83.1037862
83.1361984
83.1480361
83.1626864
83.1859636
83.2069049
83.2349258
83.2560480
83.2712330
83.3003101
83.3207744
83.3581441
83.3899030
83.4173165
83.4456727
83.4710778
83.5026909
83.5361293
83.5790448
83.6180266
83.6390232
83.6673038
83.6971504
83.7224405
83.7524189
83.7771039
83.7981238
83.8253826
83.8444047
