66.1324435
66.3688406
75.9213759
75.9213759
75.9213759
75.9213759
75.9213759
75.9213759
75.9213759
75.9213759
75.9213759
75.9213759
75.9213759
75.9213759
75.9213759
75.9213759
75.9213759
75.9213759
75.9213759
75.9213759
75.9213759
75.9213759
75.9213759
75.9213759
75.9213759
75.9213759
75.9213759
75.9213759
75.9213759
75.9213759
75.9213759
75.9213759
75.9213759
75.9213759
75.9503565
76.0692158
76.3814473
76.8675543
77.5206203
78.2916672
79.0824352
79.7268700
80.2485829
80.6311117
80.9163634
81.1196673
81.2807051
81.4183223
81.5864367
81.7205404
81.8441206
81.9338184
81.9977177
82.0709641
82.1439901
82.2100170
82.2925221
82.3549510
82.4227942
82.4969279
82.5536543
82.6359763
82.7008069
82.7662418
82.8229993
82.8982209
82.9613565
83.0078559
83.0452543
83.0772978
83.0998489
83.1320752
83.1686257
83.2033391
83.2280522
83.2438558
83.2642178
83.2925377
83.3078371
83.3326417
83.3625024
83.3860151
83.4294196
83.4593238
83.4919788
83.5302444
83.5556565
83.5776688
83.6093890
83.6422722
83.6739444
83.7090387
83.7388530
83.7694535
83.7921556
83.8304909
83.8445128
83.8624460
83.8770730
83.8910654
83.9147894
83.9387648
