0.6927270
0.6751152
0.5651148
0.5520979
0.5497662
0.5487497
0.5478734
0.5468927
0.5456843
0.5441157
0.5420488
0.5393095
0.5356746
0.5309150
0.5247647
0.5170156
0.5075454
0.4964011
0.4838163
0.4702892
0.4564378
0.4429534
0.4304395
0.4192898
0.4096049
0.4013634
0.3944082
0.3885362
0.3835415
0.3792315
0.3755001
0.3722265
0.3693197
0.3667245
0.3643888
0.3622888
0.3603661
0.3586142
0.3569889
0.3555048
0.3541321
0.3528585
0.3516725
0.3505744
0.3495575
0.3485955
0.3476997
0.3468643
0.3460866
0.3453598
0.3446669
0.3440145
0.3434007
0.3428201
0.3422676
0.3417435
0.3412545
0.3407912
0.3403462
0.3399257
0.3395262
0.3391453
0.3387831
0.3384377
0.3381097
0.3377948
0.3374916
0.3372023
0.3369301
0.3366631
0.3364085
0.3361674
0.3359324
0.3357026
0.3354829
0.3352707
0.3350637
0.3348703
0.3346727
0.3344887
0.3343157
0.3341480
0.3339743
0.3338099
0.3336537
0.3334996
0.3333527
0.3332035
0.3330672
0.3329337
0.3328045
0.3326779
0.3325500
0.3324291
0.3323133
0.3321965
0.3320866
0.3319786
0.3318727
0.3317674
0.3316645
0.3315728
