0.6864690
0.6705032
0.5644481
0.5517885
0.5494086
0.5482678
0.5472098
0.5459830
0.5444362
0.5424083
0.5397377
0.5362103
0.5315779
0.5255961
0.5180593
0.5088360
0.4979707
0.4856916
0.4724166
0.4587318
0.4452645
0.4326231
0.4212163
0.4112867
0.4027595
0.3955369
0.3894438
0.3842688
0.3798288
0.3759654
0.3726009
0.3696214
0.3669651
0.3645733
0.3624051
0.3604459
0.3586462
0.3570041
0.3554740
0.3540743
0.3527795
0.3515719
0.3504471
0.3494006
0.3484283
0.3475128
0.3466581
0.3458601
0.3451139
0.3444166
0.3437455
0.3431193
0.3425248
0.3419624
0.3414272
0.3409202
0.3404420
0.3399907
0.3395577
0.3391471
0.3387552
0.3383822
0.3380277
0.3376899
0.3373705
0.3370640
0.3367630
0.3364806
0.3362149
0.3359570
0.3357085
0.3354706
0.3352382
0.3350162
0.3348015
0.3345962
0.3343953
0.3342086
0.3340134
0.3338348
0.3336634
0.3335040
0.3333336
0.3331745
0.3330232
0.3328767
0.3327351
0.3325923
0.3324598
0.3323324
0.3322067
0.3320835
0.3319610
0.3318401
0.3317282
0.3316171
0.3315071
0.3314059
0.3313020
0.3312035
0.3311054
0.3310113
