0.0100966
0.0074410
0.0010756
0.0004992
0.0005770
0.0007776
0.0010707
0.0014677
0.0020138
0.0027546
0.0037286
0.0050002
0.0066096
0.0085815
0.0108187
0.0131971
0.0154479
0.0172789
0.0183922
0.0186469
0.0180271
0.0166671
0.0148807
0.0129123
0.0110444
0.0094006
0.0080096
0.0068850
0.0059902
0.0052696
0.0046776
0.0042032
0.0037990
0.0034709
0.0032005
0.0029733
0.0027748
0.0025979
0.0024442
0.0023080
0.0021822
0.0020758
0.0019771
0.0018938
0.0018219
0.0017467
0.0016804
0.0016202
0.0015695
0.0015217
0.0014865
0.0014443
0.0014132
0.0013837
0.0013559
0.0013283
0.0013109
0.0012916
0.0012723
0.0012562
0.0012440
0.0012313
0.0012188
0.0012065
0.0011925
0.0011790
0.0011754
0.0011643
0.0011539
0.0011391
0.0011294
0.0011243
0.0011199
0.0011075
0.0010993
0.0010883
0.0010784
0.0010677
0.0010638
0.0010549
0.0010523
0.0010391
0.0010337
0.0010252
0.0010173
0.0010049
0.0009964
0.0009863
0.0009799
0.0009702
0.0009645
0.0009590
0.0009503
0.0009502
0.0009439
0.0009347
0.0009350
0.0009239
0.0009207
0.0009098
0.0009020
0.0009059
