0.6989849
0.6797272
0.5657814
0.5524073
0.5501238
0.5492317
0.5485371
0.5478024
0.5469325
0.5458230
0.5443598
0.5424087
0.5397713
0.5362338
0.5314702
0.5251953
0.5171201
0.5071107
0.4952159
0.4818467
0.4676111
0.4532838
0.4396626
0.4272929
0.4164503
0.4071900
0.3993726
0.3928035
0.3872543
0.3824977
0.3783993
0.3748317
0.3716744
0.3688758
0.3663725
0.3641316
0.3620859
0.3602244
0.3585039
0.3569353
0.3554846
0.3541451
0.3528980
0.3517482
0.3506868
0.3496781
0.3487412
0.3478685
0.3470594
0.3463030
0.3455882
0.3449096
0.3442766
0.3436777
0.3431080
0.3425668
0.3420670
0.3415918
0.3411348
0.3407042
0.3402972
0.3399085
0.3395385
0.3391855
0.3388488
0.3385255
0.3382201
0.3379239
0.3376454
0.3373691
0.3371085
0.3368643
0.3366265
0.3363890
0.3361642
0.3359452
0.3357321
0.3355320
0.3353320
0.3351425
0.3349679
0.3347921
0.3346150
0.3344453
0.3342842
0.3341224
0.3339702
0.3338148
0.3336746
0.3335351
0.3334024
0.3332723
0.3331390
0.3330180
0.3328983
0.3327759
0.3326661
0.3325512
0.3324433
0.3323313
0.3322235
0.3321343
