0.9999840
0.9999640
0.9950260
0.9893323
0.9844702
0.9793683
0.9738665
0.9686126
0.9632387
0.9578888
0.9529068
0.9478768
0.9425910
0.9376250
0.9328749
0.9276929
0.9227429
0.9183447
0.9130188
0.9083487
0.9036865
0.8991044
0.8943782
0.8903159
0.8858297
0.8820392
0.8778808
0.8740584
0.8705878
0.8674610
0.8642543
0.8614794
0.8586246
0.8557537
0.8537465
0.8519472
0.8505398
0.8494442
0.8487725
0.8483567
0.8483327
0.8488764
0.8499800
0.8510676
0.8533866
0.8565534
0.8593523
0.8624950
0.8660536
0.8704118
0.8745062
0.8781208
0.8817753
0.8856058
0.8889324
0.8918832
0.8949540
0.8980488
0.9011915
0.9039904
0.9063175
0.9084846
0.9102519
0.9118992
0.9136905
0.9148900
0.9161136
0.9168733
0.9168733
0.9174890
0.9180888
0.9182887
0.9188085
0.9186405
0.9182487
0.9176809
0.9173611
0.9165134
0.9155058
0.9145622
0.9128189
0.9113475
0.9095082
0.9080208
0.9063175
0.9045822
0.9027509
0.9009356
0.8992083
0.8973451
0.8956977
0.8933067
0.8912675
0.8891883
0.8870452
0.8847101
0.8826789
0.8807597
0.8785846
0.8766094
0.8745302
0.8724830
0.8704758
0.8682527
0.8657257
0.8635426
0.8614714
0.8593283
0.8571611
0.8552099
0.8530028
0.8508437
0.8485006
0.8467893
0.8449820
0.8428868
0.8408717
0.8388804
0.8368013
0.8346501
0.8327149
0.8306038
0.8285246
0.8265174
0.8245822
0.8226709
0.8208157
0.8190884
0.8171931
0.8151539
0.8133387
0.8114034
0.8093563
0.8075250
0.8056297
0.8037905
0.8018153
0.7999120
0.7981048
0.7965294
0.7944982
0.7924670
0.7908836
0.7891403
0.7872611
0.7854858
0.7837425
0.7818553
0.7798401
0.7781208
0.7765854
0.7749300
0.7730508
0.7716513
0.7700120
0.7684286
0.7668772
0.7652619
0.7634226
0.7617593
0.7601439
0.7584886
0.7567853
0.7550100
0.7534826
0.7518353
0.7502279
0.7485646
0.7471891
0.7456218
0.7440384
0.7422151
0.7409036
0.7393203
0.7378569
0.7364494
0.7352099
0.7338745
0.7324990
0.7310916
0.7297641
0.7282607
0.7268293
0.7256457
0.7240864
0.7228629
0.7215514
0.7202879
0.7186086
0.7172651
0.7159536
0.7146102
0.7133227
0.7121152
0.7109236
0.7095082
0.7080848
0.7066054
0.7051899
0.7039104
0.7025190
0.7011675
