0.6927270
0.5646974
0.5421283
0.5208653
0.4779635
0.4311519
0.4001760
0.3825839
0.3720533
0.3648913
0.3597320
0.3557094
0.3525423
0.3500541
0.3479757
0.3462352
0.3447582
0.3434547
0.3423112
0.3413511
0.3404835
0.3397275
0.3390385
0.3384171
0.3378377
0.3373497
0.3369099
0.3364816
0.3360298
0.3356595
0.3352790
0.3349676
0.3346820
0.3343938
0.3341399
0.3338817
0.3336555
0.3334241
0.3332180
0.3330213
0.3328466
0.3326699
0.3325185
0.3323308
0.3321987
0.3320602
0.3319371
0.3317860
0.3316510
0.3315059
0.3313903
0.3312722
0.3311499
0.3310492
0.3309316
0.3308512
0.3307655
0.3306708
0.3305899
0.3305253
0.3304396
0.3303536
0.3302656
0.3302038
0.3301218
0.3300557
0.3299876
0.3299249
0.3298712
0.3298295
0.3297797
0.3297374
0.3296845
0.3296430
0.3295755
0.3295257
0.3294703
0.3294137
0.3293734
0.3293314
0.3292792
0.3292398
0.3291880
0.3291505
0.3291134
0.3290704
0.3290303
0.3290013
0.3289724
0.3289328
0.3289135
0.3288774
0.3288421
0.3288126
0.3287836
0.3287461
0.3287104
0.3286818
0.3286610
0.3286352
0.3286193
0.3285964
