0.6864690
0.5595975
0.5404201
0.5145214
0.4664519
0.4211218
0.3939305
0.3787771
0.3693184
0.3628232
0.3580864
0.3542550
0.3513146
0.3489679
0.3469570
0.3453306
0.3439041
0.3426561
0.3415427
0.3405867
0.3397503
0.3389912
0.3383084
0.3377205
0.3371500
0.3366620
0.3362397
0.3358288
0.3353957
0.3350212
0.3346380
0.3343232
0.3340425
0.3337624
0.3335083
0.3332389
0.3330102
0.3327932
0.3325852
0.3324020
0.3322200
0.3320347
0.3318872
0.3317172
0.3315868
0.3314569
0.3313319
0.3311762
0.3310284
0.3308846
0.3307794
0.3306774
0.3305587
0.3304538
0.3303348
0.3302541
0.3301753
0.3300770
0.3300054
0.3299283
0.3298544
0.3297769
0.3296931
0.3296359
0.3295430
0.3294771
0.3294074
0.3293447
0.3292869
0.3292466
0.3292090
0.3291660
0.3291149
0.3290666
0.3290079
0.3289601
0.3289074
0.3288623
0.3288259
0.3287831
0.3287393
0.3287017
0.3286498
0.3286071
0.3285668
0.3285258
0.3284877
0.3284620
0.3284297
0.3283875
0.3283684
0.3283302
0.3283021
0.3282836
0.3282597
0.3282175
0.3281838
0.3281555
0.3281393
0.3281173
0.3281032
0.3280847
