0.0100966
0.0082282
0.0027562
0.0102352
0.0185728
0.0161827
0.0100765
0.0061418
0.0044125
0.0033366
0.0026550
0.0023466
0.0019808
0.0017525
0.0016435
0.0014595
0.0013782
0.0012885
0.0012398
0.0012332
0.0011829
0.0011881
0.0011780
0.0011239
0.0011095
0.0011095
0.0010813
0.0010532
0.0010231
0.0010299
0.0010343
0.0010398
0.0010318
0.0010186
0.0010189
0.0010371
0.0010412
0.0010180
0.0010210
0.0009991
0.0010110
0.0010249
0.0010186
0.0009899
0.0009873
0.0009734
0.0009764
0.0009839
0.0010044
0.0010024
0.0009857
0.0009595
0.0009538
0.0009606
0.0009629
0.0009633
0.0009524
0.0009581
0.0009431
0.0009631
0.0009443
0.0009305
0.0009237
0.0009164
0.0009339
0.0009335
0.0009361
0.0009360
0.0009427
0.0009405
0.0009207
0.0009219
0.0009189
0.0009299
0.0009159
0.0009127
0.0009082
0.0008896
0.0008833
0.0008846
0.0008709
0.0008682
0.0008684
0.0008768
0.0008819
0.0008786
0.0008754
0.0008702
0.0008757
0.0008799
0.0008795
0.0008827
0.0008712
0.0008534
0.0008452
0.0008527
0.0008495
0.0008491
0.0008418
0.0008356
0.0008327
0.0008256
