0.6989849
0.5697973
0.5438366
0.5272091
0.4894751
0.4411821
0.4064215
0.3863906
0.3747882
0.3669593
0.3613776
0.3571638
0.3537700
0.3511404
0.3489944
0.3471398
0.3456124
0.3442533
0.3430796
0.3421154
0.3412166
0.3404639
0.3397686
0.3391137
0.3385253
0.3380374
0.3375801
0.3371345
0.3366640
0.3362978
0.3359201
0.3356121
0.3353215
0.3350252
0.3347714
0.3345244
0.3343008
0.3340551
0.3338508
0.3336405
0.3334732
0.3333051
0.3331499
0.3329443
0.3328106
0.3326635
0.3325423
0.3323958
0.3322735
0.3321272
0.3320013
0.3318669
0.3317410
0.3316446
0.3315284
0.3314483
0.3313558
0.3312647
0.3311744
0.3311222
0.3310249
0.3309304
0.3308381
0.3307718
0.3307007
0.3306343
0.3305678
0.3305050
0.3304555
0.3304124
0.3303503
0.3303088
0.3302541
0.3302193
0.3301432
0.3300914
0.3300331
0.3299651
0.3299209
0.3298797
0.3298190
0.3297779
0.3297262
0.3296939
0.3296600
0.3296149
0.3295729
0.3295406
0.3295152
0.3294781
0.3294586
0.3294245
0.3293821
0.3293415
0.3293075
0.3292746
0.3292370
0.3292081
0.3291828
0.3291531
0.3291355
0.3291081
