272.5862212
21.4964932
0.0011215
0.0010958
0.0011550
0.0012881
0.0015158
0.0018705
0.0024495
0.0034888
0.0056279
0.0110383
0.0272676
0.0581672
0.0723232
0.1057498
0.1397174
0.1387633
0.1338668
0.1306782
0.1230833
0.1120633
0.1000502
0.0883678
0.0777363
0.0678784
0.0583006
0.0501427
0.0435596
0.0381274
0.0338024
0.0304417
0.0275186
0.0249646
0.0230171
0.0213496
0.0200476
0.0186835
0.0175388
0.0167314
0.0159745
0.0152067
0.0146002
0.0139298
0.0134060
0.0127725
0.0125694
0.0119737
0.0116078
0.0111906
0.0108502
0.0105694
0.0102958
0.0100078
0.0096123
0.0094900
0.0093710
0.0090372
0.0088961
0.0086309
0.0086409
0.0082665
0.0080956
0.0077559
0.0077200
0.0077862
0.0074283
0.0072496
0.0072816
0.0070231
0.0068200
0.0067742
0.0065787
0.0064469
0.0064194
0.0063182
0.0062005
0.0062340
0.0061822
0.0059561
0.0060128
0.0057725
0.0056780
0.0055452
0.0055706
0.0055253
0.0053305
0.0053775
0.0053252
0.0051843
0.0050717
0.0050490
0.0049549
0.0050158
0.0049885
0.0048608
0.0049915
0.0047434
0.0047604
0.0048057
0.0047167
0.0046049
0.0045684
0.0045370
0.0044121
0.0044503
0.0044024
0.0043375
0.0045866
0.0043766
0.0042629
0.0042632
0.0043451
0.0042684
0.0041205
0.0040884
0.0041219
0.0040876
0.0040375
0.0040150
0.0040151
0.0039749
0.0040175
0.0039820
0.0039099
0.0039132
0.0038334
0.0037381
0.0038644
0.0038476
0.0036988
0.0037207
0.0039020
0.0038000
0.0038787
0.0036774
0.0036105
0.0037749
0.0035717
0.0039044
0.0035085
0.0035362
0.0035115
0.0036196
0.0035256
0.0033719
0.0034314
0.0034346
0.0033858
0.0034415
0.0034269
0.0035048
0.0035207
0.0033638
0.0032949
0.0033406
0.0032343
0.0032417
0.0032256
0.0033024
0.0033385
0.0034649
0.0033030
0.0031772
0.0031510
0.0031625
0.0032024
0.0033953
0.0031966
0.0032220
0.0031143
0.0030660
0.0031101
0.0030630
0.0030541
0.0034529
0.0031194
0.0032022
0.0030729
0.0030772
0.0030405
0.0029870
0.0029641
0.0028963
0.0029359
0.0030205
0.0029599
0.0029221
0.0032006
0.0029365
0.0030003
0.0030126
0.0028451
0.0030981
0.0028316
0.0029248
0.0032988
0.0028474
0.0029179
0.0028932
0.0028180
0.0028914
