272.1898312
21.4274570
0.0010182
0.0009792
0.0010066
0.0010813
0.0012106
0.0013953
0.0016587
0.0020475
0.0025971
0.0031954
0.0033996
0.0102448
0.0264660
0.0654424
0.1074593
0.1035007
0.0982166
0.1034763
0.1034307
0.0896861
0.0731279
0.0610261
0.0511524
0.0437829
0.0385098
0.0344398
0.0310360
0.0282062
0.0257205
0.0237495
0.0221169
0.0205408
0.0194273
0.0184103
0.0174401
0.0165836
0.0157667
0.0151189
0.0147452
0.0141691
0.0137044
0.0131565
0.0126791
0.0121271
0.0119746
0.0114420
0.0110891
0.0106334
0.0104321
0.0101256
0.0098639
0.0095271
0.0092364
0.0090597
0.0090268
0.0087261
0.0085546
0.0083406
0.0082758
0.0079801
0.0078020
0.0075542
0.0074112
0.0074496
0.0072054
0.0069995
0.0070462
0.0068272
0.0066597
0.0066002
0.0063453
0.0063191
0.0062201
0.0061030
0.0059738
0.0060516
0.0058674
0.0057680
0.0056992
0.0055714
0.0054860
0.0053427
0.0054463
0.0053653
0.0051467
0.0052181
0.0051190
0.0049695
0.0049484
0.0049050
0.0048162
0.0047965
0.0047544
0.0047266
0.0046781
0.0046071
0.0045755
0.0046783
0.0044315
0.0044283
0.0044039
0.0043788
0.0043039
0.0042885
0.0042725
0.0041675
0.0042317
0.0042027
0.0041236
0.0041197
0.0041286
0.0041261
0.0039732
0.0039871
0.0038889
0.0040101
0.0039318
0.0039230
0.0038346
0.0038478
0.0038485
0.0039206
0.0036974
0.0037580
0.0036837
0.0035972
0.0037045
0.0036589
0.0035635
0.0035647
0.0038149
0.0036485
0.0036705
0.0035911
0.0034956
0.0035701
0.0034201
0.0034359
0.0034016
0.0034514
0.0034285
0.0032726
0.0033650
0.0032681
0.0032601
0.0033419
0.0032726
0.0032723
0.0032524
0.0034379
0.0033831
0.0032054
0.0031591
0.0031659
0.0030832
0.0031738
0.0031109
0.0031761
0.0032199
0.0031994
0.0031880
0.0030457
0.0030129
0.0030911
0.0030675
0.0031402
0.0030370
0.0030163
0.0029717
0.0029611
0.0029608
0.0029209
0.0029561
0.0027460
0.0029787
0.0029360
0.0028869
0.0029064
0.0029228
0.0028640
0.0028821
0.0027939
0.0028004
0.0028229
0.0028328
0.0027885
0.0027771
0.0028255
0.0029754
0.0026677
0.0027624
0.0028071
0.0027712
0.0027348
0.0025698
0.0027547
0.0027994
0.0027050
0.0025790
0.0026567
