0.4522220
0.0787600
0.0001178
0.0001330
0.0001692
0.0002359
0.0003483
0.0005421
0.0009022
0.0016443
0.0034578
0.0089475
0.0272298
0.0546724
0.0523162
0.0459848
0.0368017
0.0402294
0.0406715
0.0310333
0.0224207
0.0255290
0.0307143
0.0311928
0.0303282
0.0274893
0.0225783
0.0179147
0.0142875
0.0113187
0.0092203
0.0076348
0.0061625
0.0050469
0.0040953
0.0033533
0.0029747
0.0023956
0.0020217
0.0018397
0.0014025
0.0011837
0.0010219
0.0008823
0.0008294
0.0007363
0.0006785
0.0006065
0.0005918
0.0006356
0.0004769
0.0005063
0.0004928
0.0005484
0.0004289
0.0004909
0.0003928
0.0003550
0.0003895
0.0003312
0.0004164
0.0003268
0.0003351
0.0002301
0.0003523
0.0003840
0.0002543
0.0002853
0.0002685
0.0002234
0.0001829
0.0001985
0.0002662
0.0001457
0.0002274
0.0002455
0.0002586
0.0002080
0.0003591
0.0002146
0.0003577
0.0002294
0.0002190
0.0002310
0.0001418
0.0001826
0.0002097
0.0001818
0.0002353
0.0002451
0.0001407
0.0001643
0.0001582
0.0002501
0.0002671
0.0001532
0.0003575
0.0001555
0.0002109
0.0001453
0.0003254
0.0002015
0.0001876
0.0001804
0.0001234
0.0001846
0.0001482
0.0001939
0.0004049
0.0001984
0.0001589
0.0001636
0.0002469
0.0001624
0.0001680
0.0001156
0.0002657
0.0000885
0.0001205
0.0001050
0.0002059
0.0001450
0.0001928
0.0000700
0.0002424
0.0001770
0.0001708
0.0001607
0.0001823
0.0002154
0.0001544
0.0001780
0.0000994
0.0001728
0.0002376
0.0000985
0.0001311
0.0002336
0.0001730
0.0005345
0.0001219
0.0000968
0.0000947
0.0003959
0.0001833
0.0001184
0.0001953
0.0001057
0.0001291
0.0001930
0.0001991
0.0000764
0.0001570
0.0001807
0.0001550
0.0001993
0.0001724
0.0000775
0.0001309
0.0001441
0.0001353
0.0003030
0.0001312
0.0001500
0.0001576
0.0000815
0.0001539
0.0002910
0.0001820
0.0002347
0.0001626
0.0001197
0.0001704
0.0001621
0.0001118
0.0008064
0.0001605
0.0003037
0.0002122
0.0001949
0.0001342
0.0001403
0.0000936
0.0001168
0.0001546
0.0002254
0.0001450
0.0001524
0.0004832
0.0001266
0.0000284
0.0003935
0.0000944
0.0003319
0.0000689
0.0002168
0.0008317
0.0001057
0.0001352
0.0002148
0.0002727
0.0002677
