272.9826112
21.5655294
0.0012248
0.0012124
0.0013033
0.0014949
0.0018211
0.0023457
0.0032403
0.0049301
0.0086588
0.0188811
0.0511356
0.1060897
0.1181804
0.1460572
0.1719755
0.1740259
0.1695170
0.1578801
0.1427358
0.1344405
0.1269725
0.1157095
0.1043202
0.0919738
0.0780914
0.0658456
0.0560832
0.0480487
0.0418844
0.0371339
0.0329203
0.0293883
0.0266068
0.0242889
0.0226550
0.0207834
0.0193108
0.0183439
0.0172039
0.0162442
0.0154959
0.0147031
0.0141330
0.0134179
0.0131642
0.0125053
0.0121266
0.0117477
0.0112682
0.0110132
0.0107278
0.0104885
0.0099883
0.0099203
0.0097153
0.0093483
0.0092375
0.0089212
0.0090059
0.0085530
0.0083893
0.0079575
0.0080289
0.0081228
0.0076512
0.0074997
0.0075169
0.0072189
0.0069803
0.0069482
0.0068120
0.0065746
0.0066187
0.0065334
0.0064271
0.0064163
0.0064970
0.0061442
0.0063264
0.0059736
0.0058699
0.0057476
0.0056949
0.0056854
0.0055144
0.0055369
0.0055314
0.0053991
0.0051950
0.0051930
0.0050935
0.0052350
0.0052226
0.0049951
0.0053049
0.0048798
0.0049452
0.0049330
0.0050019
0.0047815
0.0047329
0.0046951
0.0045202
0.0046120
0.0045323
0.0045074
0.0049415
0.0045505
0.0044022
0.0044066
0.0045615
0.0044108
0.0042678
0.0041897
0.0043548
0.0041652
0.0041431
0.0041071
0.0041956
0.0041019
0.0041865
0.0040434
0.0041224
0.0040683
0.0039832
0.0038790
0.0040242
0.0040364
0.0038341
0.0038767
0.0039892
0.0039515
0.0040870
0.0037637
0.0037254
0.0039797
0.0037233
0.0043728
0.0036153
0.0036211
0.0035946
0.0039666
0.0036863
0.0034757
0.0036026
0.0035272
0.0034990
0.0036106
0.0036014
0.0035718
0.0036584
0.0035222
0.0034308
0.0035153
0.0033854
0.0033097
0.0033404
0.0034287
0.0034571
0.0037305
0.0034180
0.0033087
0.0032892
0.0032340
0.0033373
0.0036504
0.0033561
0.0034277
0.0032569
0.0031709
0.0032594
0.0032051
0.0031522
0.0041597
0.0032602
0.0034684
0.0032589
0.0032480
0.0031582
0.0031100
0.0030461
0.0029986
0.0030714
0.0032180
0.0030870
0.0030557
0.0036241
0.0030474
0.0030252
0.0033575
0.0029278
0.0033890
0.0028920
0.0031149
0.0040278
0.0029400
0.0030364
0.0030815
0.0030570
0.0031261
