2.3024263
2.3017247
2.3005805
2.2995956
2.2986328
2.2975736
2.2963055
2.2946144
2.2920738
2.2876300
2.2778829
2.2510635
2.1859509
2.0737862
1.9169239
1.7519146
1.5762189
1.3957581
1.2287612
1.0843843
0.9632354
0.8665242
0.7895429
0.7272816
0.6756213
0.6321317
0.5950751
0.5630464
0.5350555
0.5105126
0.4887924
0.4694433
0.4520897
0.4362678
0.4217537
0.4085009
0.3961831
0.3848348
0.3742119
0.3642200
0.3548860
0.3459739
0.3376319
0.3296517
0.3221317
0.3149903
0.3082060
0.3017250
0.2955806
0.2897474
0.2841657
0.2788304
0.2738244
0.2689727
0.2643724
0.2599197
0.2557681
0.2517484
0.2478542
0.2441914
0.2406953
0.2372906
0.2340373
0.2309041
0.2279446
0.2250561
0.2222668
0.2196576
0.2171039
0.2146491
0.2123018
0.2100499
0.2078635
0.2056971
0.2036459
0.2016890
0.1997695
0.1979879
0.1962251
0.1944643
0.1927896
0.1911519
0.1896012
0.1880666
0.1865418
0.1851503
0.1837553
0.1823674
0.1810063
0.1797329
0.1784043
0.1771976
0.1759976
0.1748278
0.1736962
0.1725443
0.1714366
0.1703387
0.1693022
0.1682645
0.1672524
0.1662817
0.1653299
0.1644009
0.1634278
0.1625150
0.1616545
0.1607651
0.1599193
0.1590838
0.1582349
0.1574863
0.1567421
0.1559432
0.1552507
0.1544817
0.1538317
0.1531088
0.1523955
0.1517365
0.1510874
0.1504158
0.1497781
0.1491633
0.1485255
0.1479622
0.1473554
0.1467525
0.1461509
0.1456136
0.1449973
0.1444540
0.1439311
0.1433571
0.1428114
0.1422791
0.1417798
0.1412673
0.1407546
0.1402647
0.1397650
0.1393331
0.1388652
0.1383794
0.1379376
0.1375104
0.1370843
0.1366480
0.1362237
0.1358613
0.1353971
0.1349924
0.1346213
0.1341786
0.1337948
0.1334464
0.1330637
0.1326770
0.1323102
0.1319273
0.1315690
0.1312243
0.1308429
0.1305165
0.1301622
0.1298155
0.1294942
0.1291783
0.1288386
0.1285019
0.1281576
0.1278397
0.1275542
0.1272272
0.1269170
0.1266195
0.1263232
0.1260143
0.1257709
0.1254780
0.1251791
0.1249287
0.1246432
0.1243957
0.1241557
0.1238645
0.1236399
0.1233745
0.1231060
0.1228340
0.1225943
0.1223433
0.1221227
0.1218679
0.1216441
0.1213905
0.1211390
0.1208983
0.1206708
0.1204396
0.1202113
0.1199760
