2.3020925
2.3014794
2.3004019
2.2994171
2.2983919
2.2971893
2.2956651
2.2935071
2.2900836
2.2835584
2.2674718
2.2186423
2.1098347
1.9691484
1.7980181
1.5962409
1.3880175
1.1974693
1.0416870
0.9235936
0.8335713
0.7632372
0.7062564
0.6587337
0.6184440
0.5840574
0.5544507
0.5286226
0.5060188
0.4860548
0.4681165
0.4517591
0.4370230
0.4232688
0.4103445
0.3984760
0.3872871
0.3767760
0.3668762
0.3574067
0.3485627
0.3399954
0.3319796
0.3242782
0.3170295
0.3101718
0.3036231
0.2973383
0.2914435
0.2857265
0.2803301
0.2751366
0.2702795
0.2655139
0.2609723
0.2565460
0.2524089
0.2483876
0.2445346
0.2408860
0.2373349
0.2339348
0.2306462
0.2274470
0.2244662
0.2215904
0.2187617
0.2161957
0.2136167
0.2111427
0.2087823
0.2065214
0.2042921
0.2021105
0.2000619
0.1980929
0.1961908
0.1943675
0.1925532
0.1907498
0.1890994
0.1874362
0.1858473
0.1843128
0.1828032
0.1813945
0.1799970
0.1785449
0.1771770
0.1758883
0.1744914
0.1732416
0.1720009
0.1708213
0.1697255
0.1685349
0.1674275
0.1663229
0.1652651
0.1641957
0.1631611
0.1622003
0.1612361
0.1602825
0.1592990
0.1583959
0.1575480
0.1566985
0.1558380
0.1549891
0.1541403
0.1534045
0.1526451
0.1518514
0.1511674
0.1504368
0.1498035
0.1490946
0.1483888
0.1477507
0.1470964
0.1464492
0.1457995
0.1451866
0.1445687
0.1440270
0.1434399
0.1428393
0.1422681
0.1417415
0.1411200
0.1405897
0.1400705
0.1394941
0.1389580
0.1384775
0.1379760
0.1375173
0.1369863
0.1365032
0.1360384
0.1356072
0.1351785
0.1347163
0.1342881
0.1338697
0.1334798
0.1330398
0.1326554
0.1322855
0.1318602
0.1314749
0.1311103
0.1306676
0.1303306
0.1299974
0.1296302
0.1292347
0.1288803
0.1285369
0.1281661
0.1278376
0.1274710
0.1271485
0.1267798
0.1264662
0.1261844
0.1258706
0.1255293
0.1251725
0.1248456
0.1245666
0.1242520
0.1239425
0.1236737
0.1233876
0.1230770
0.1227844
0.1225462
0.1222913
0.1219798
0.1217227
0.1214749
0.1212634
0.1210621
0.1207491
0.1205193
0.1202853
0.1199738
0.1197521
0.1195176
0.1193105
0.1191352
0.1188608
0.1186508
0.1183981
0.1181235
0.1179344
0.1177170
0.1175162
0.1172610
0.1170772
