0.0003809
0.0002798
0.0002038
0.0002036
0.0002748
0.0004384
0.0007307
0.0012632
0.0022706
0.0046451
0.0118775
0.0369878
0.0868373
0.1193761
0.1356538
0.1776005
0.2147098
0.2262180
0.2134238
0.1834383
0.1479274
0.1178350
0.0950174
0.0782029
0.0652307
0.0548456
0.0463464
0.0392724
0.0331265
0.0279027
0.0235881
0.0201750
0.0171889
0.0148300
0.0130162
0.0114369
0.0101490
0.0091939
0.0083690
0.0077730
0.0072140
0.0068206
0.0064484
0.0061304
0.0058208
0.0054972
0.0052284
0.0050046
0.0047198
0.0045872
0.0043758
0.0042140
0.0040441
0.0039459
0.0038790
0.0038489
0.0038324
0.0038342
0.0037871
0.0037710
0.0038337
0.0038285
0.0038688
0.0039441
0.0039682
0.0039539
0.0039988
0.0039495
0.0039784
0.0040002
0.0040152
0.0040255
0.0040745
0.0040918
0.0040888
0.0041026
0.0040827
0.0041304
0.0041890
0.0042377
0.0042100
0.0042390
0.0042826
0.0042825
0.0042653
0.0042848
0.0042878
0.0043608
0.0043687
0.0043862
0.0044641
0.0045131
0.0045596
0.0045707
0.0045300
0.0045741
0.0045738
0.0045814
0.0046057
0.0046418
0.0046676
0.0046563
0.0046704
0.0046985
0.0047103
0.0046992
0.0046849
0.0046394
0.0046561
0.0046714
0.0046713
0.0046568
0.0046740
0.0046682
0.0046583
0.0046146
0.0045956
0.0045797
0.0045711
0.0045472
0.0045531
0.0045253
0.0045390
0.0045368
0.0045142
0.0044895
0.0044670
0.0044644
0.0044297
0.0044176
0.0044234
0.0044085
0.0044043
0.0044071
0.0043961
0.0043371
0.0043396
0.0042782
0.0042991
0.0042913
0.0042515
0.0042507
0.0042060
0.0041791
0.0041636
0.0041535
0.0041121
0.0041164
0.0040709
0.0040795
0.0040351
0.0040129
0.0040055
0.0040056
0.0039522
0.0039348
0.0039171
0.0039272
0.0039130
0.0038680
0.0038823
0.0038638
0.0038468
0.0038424
0.0038588
0.0038211
0.0037760
0.0037737
0.0037754
0.0037984
0.0037785
0.0037341
0.0037674
0.0037474
0.0037002
0.0036872
0.0037034
0.0036848
0.0036789
0.0036355
0.0036499
0.0036576
0.0036146
0.0035734
0.0035293
0.0035541
0.0035601
0.0035243
0.0035734
0.0035160
0.0035101
0.0034600
0.0034083
0.0034307
0.0034150
0.0034139
0.0034402
0.0033813
0.0033698
0.0033351
0.0033659
0.0033072
