2.3027602
2.3019700
2.3007592
2.2997740
2.2988737
2.2979579
2.2969460
2.2957217
2.2940641
2.2917016
2.2882940
2.2834848
2.2620672
2.1784240
2.0358296
1.9075883
1.7644203
1.5940469
1.4158354
1.2451751
1.0928994
0.9698111
0.8728293
0.7958295
0.7327985
0.6802060
0.6356995
0.5974702
0.5640922
0.5349704
0.5094683
0.4871274
0.4671565
0.4492669
0.4331629
0.4185257
0.4050790
0.3928937
0.3815476
0.3710334
0.3612093
0.3519524
0.3432841
0.3350253
0.3272338
0.3198088
0.3127889
0.3061117
0.2997177
0.2937682
0.2880012
0.2825241
0.2773692
0.2724315
0.2677725
0.2632935
0.2591273
0.2551093
0.2511737
0.2474968
0.2440557
0.2406464
0.2374284
0.2343613
0.2314229
0.2285219
0.2257719
0.2231195
0.2205911
0.2181554
0.2158213
0.2135785
0.2114350
0.2092837
0.2072298
0.2052851
0.2033481
0.2016084
0.1998969
0.1981788
0.1964798
0.1948676
0.1933551
0.1918204
0.1902805
0.1889061
0.1875137
0.1861898
0.1848356
0.1835776
0.1823173
0.1811535
0.1799943
0.1788342
0.1776669
0.1765537
0.1754458
0.1743545
0.1733393
0.1723332
0.1713438
0.1703631
0.1694236
0.1685194
0.1675565
0.1666340
0.1657611
0.1648316
0.1640005
0.1631785
0.1623294
0.1615681
0.1608390
0.1600351
0.1593339
0.1585265
0.1578599
0.1571231
0.1564023
0.1557222
0.1550783
0.1543824
0.1537567
0.1531399
0.1524824
0.1518975
0.1512709
0.1506657
0.1500338
0.1494858
0.1488746
0.1483182
0.1477916
0.1472201
0.1466648
0.1460807
0.1455836
0.1450173
0.1445230
0.1440262
0.1434916
0.1430591
0.1425519
0.1420426
0.1415872
0.1411512
0.1406887
0.1402561
0.1397920
0.1394372
0.1389341
0.1385099
0.1381323
0.1376897
0.1372591
0.1368954
0.1364973
0.1361194
0.1357400
0.1353178
0.1349720
0.1346111
0.1342148
0.1338845
0.1335446
0.1331648
0.1328040
0.1324861
0.1321478
0.1318314
0.1314695
0.1311128
0.1308565
0.1305119
0.1301604
0.1298515
0.1295694
0.1292442
0.1289956
0.1286647
0.1283783
0.1281347
0.1278116
0.1275279
0.1272493
0.1269798
0.1267604
0.1264637
0.1262383
0.1259160
0.1256711
0.1253761
0.1251103
0.1248750
0.1246375
0.1243830
0.1241545
0.1238621
0.1236245
0.1233630
0.1231616
0.1228749
