156.8528555
36.1542996
0.0466340
0.0055310
0.0010229
0.0005755
0.0006016
0.0007148
0.0008759
0.0010919
0.0013736
0.0017350
0.0021884
0.0027238
0.0033282
0.0039376
0.0044836
0.0048811
0.0050458
0.0049624
0.0046439
0.0041768
0.0036294
0.0030790
0.0025922
0.0021770
0.0018475
0.0015772
0.0013736
0.0012357
0.0010965
0.0010141
0.0009513
0.0008860
0.0008277
0.0007946
0.0007667
0.0007274
0.0006991
0.0006728
0.0006409
0.0006332
0.0006085
0.0005772
0.0005672
0.0005813
0.0005576
0.0005380
0.0005103
0.0005324
0.0005176
0.0004747
0.0004964
0.0004485
0.0004641
0.0004365
0.0004433
0.0004290
0.0004052
0.0004044
0.0004050
0.0003854
0.0004019
0.0003767
0.0003630
0.0003938
0.0003602
0.0003739
0.0003568
0.0003580
0.0004039
0.0003766
0.0003086
0.0003143
0.0003425
0.0003721
0.0003175
0.0003095
0.0003015
0.0003379
0.0003253
0.0003078
0.0003774
0.0003526
0.0002865
0.0003044
0.0002709
0.0002847
0.0002859
0.0003001
0.0002994
0.0002983
0.0003486
0.0002612
0.0002518
0.0002866
0.0002831
0.0003129
0.0003119
0.0003179
0.0003064
0.0002769
