156.2861508
35.8872415
0.0462079
0.0054621
0.0009809
0.0005233
0.0005338
0.0006249
0.0007578
0.0009386
0.0011750
0.0014814
0.0018725
0.0023498
0.0029100
0.0035124
0.0041035
0.0046035
0.0049131
0.0048484
0.0043963
0.0038347
0.0032487
0.0027068
0.0022708
0.0019084
0.0016427
0.0014202
0.0012529
0.0011312
0.0010238
0.0009556
0.0008858
0.0008442
0.0008001
0.0007657
0.0007260
0.0007079
0.0006803
0.0006460
0.0006247
0.0006153
0.0005915
0.0005588
0.0005494
0.0005541
0.0005195
0.0004914
0.0004938
0.0004885
0.0004881
0.0004511
0.0004595
0.0004284
0.0004297
0.0004186
0.0004100
0.0004113
0.0003887
0.0003780
0.0003776
0.0003649
0.0003696
0.0003519
0.0003385
0.0003617
0.0003345
0.0003292
0.0003351
0.0003224
0.0003602
0.0003140
0.0002951
0.0002883
0.0003130
0.0003401
0.0003051
0.0002857
0.0002769
0.0003083
0.0003001
0.0002711
0.0002825
0.0002958
0.0002664
0.0002534
0.0002460
0.0002613
0.0002667
0.0002538
0.0002538
0.0002557
0.0002634
0.0002373
0.0002359
0.0002382
0.0002397
0.0002632
0.0001942
0.0002237
0.0002460
0.0002329
