0.9143254
0.4308734
0.0006875
0.0001111
0.0000678
0.0000843
0.0001094
0.0001450
0.0001905
0.0002474
0.0003204
0.0004091
0.0005097
0.0006034
0.0006748
0.0006861
0.0006134
0.0004479
0.0002142
0.0001839
0.0003995
0.0005519
0.0006141
0.0006005
0.0005186
0.0004334
0.0003305
0.0002533
0.0001948
0.0001686
0.0001172
0.0000945
0.0001057
0.0000675
0.0000446
0.0000467
0.0000658
0.0000315
0.0000304
0.0000431
0.0000261
0.0000290
0.0000274
0.0000297
0.0000286
0.0000438
0.0000614
0.0000751
0.0000267
0.0000709
0.0000477
0.0000381
0.0000595
0.0000325
0.0000554
0.0000287
0.0000536
0.0000286
0.0000266
0.0000426
0.0000442
0.0000331
0.0000521
0.0000400
0.0000395
0.0000517
0.0000414
0.0000723
0.0000350
0.0000576
0.0000705
0.0001011
0.0000217
0.0000419
0.0000477
0.0000517
0.0000199
0.0000384
0.0000396
0.0000478
0.0000408
0.0000592
0.0001532
0.0000917
0.0000323
0.0000823
0.0000401
0.0000377
0.0000309
0.0000747
0.0000735
0.0000688
0.0001375
0.0000385
0.0000256
0.0000781
0.0000701
0.0000802
0.0001898
0.0001518
0.0000975
0.0000709
