157.4195603
36.4213577
0.0470602
0.0055999
0.0010650
0.0006277
0.0006694
0.0008046
0.0009940
0.0012452
0.0015721
0.0019886
0.0025043
0.0030978
0.0037464
0.0043629
0.0048638
0.0051587
0.0051785
0.0050764
0.0048915
0.0045189
0.0040100
0.0034512
0.0029137
0.0024457
0.0020523
0.0017342
0.0014944
0.0013402
0.0011691
0.0010727
0.0010168
0.0009279
0.0008553
0.0008235
0.0008075
0.0007470
0.0007179
0.0006995
0.0006570
0.0006512
0.0006255
0.0005956
0.0005849
0.0006084
0.0005957
0.0005845
0.0005268
0.0005763
0.0005471
0.0004984
0.0005333
0.0004687
0.0004984
0.0004543
0.0004765
0.0004467
0.0004216
0.0004308
0.0004324
0.0004059
0.0004343
0.0004015
0.0003874
0.0004258
0.0003859
0.0004187
0.0003785
0.0003937
0.0004475
0.0004393
0.0003220
0.0003402
0.0003721
0.0004041
0.0003298
0.0003332
0.0003260
0.0003676
0.0003506
0.0003445
0.0004724
0.0004094
0.0003065
0.0003554
0.0002957
0.0003080
0.0003051
0.0003464
0.0003449
0.0003410
0.0004339
0.0002850
0.0002677
0.0003350
0.0003265
0.0003626
0.0004295
0.0004120
0.0003669
0.0003209
