155.3703046
45.8146645
0.0002599
0.0003384
0.0002536
0.0003824
0.0001854
0.0001599
0.0001542
0.0001616
0.0001749
0.0001317
0.0001477
0.0001306
0.0000913
0.0001328
0.0000770
0.0001345
0.0001095
0.0001032
0.0000789
0.0000960
0.0001067
0.0000724
0.0000712
0.0000704
0.0000703
0.0000666
0.0000778
0.0000551
0.0000680
0.0000580
0.0000775
0.0000750
0.0000639
0.0000463
0.0000675
0.0000660
0.0000536
0.0000555
0.0000665
0.0000500
0.0000601
0.0000593
0.0000666
0.0000471
0.0000399
0.0000441
0.0000394
0.0000358
0.0000400
0.0000365
0.0000452
0.0000343
0.0000432
0.0000431
0.0000438
0.0000319
0.0000503
0.0000437
0.0000213
0.0000348
0.0000273
0.0000506
0.0000436
0.0000493
0.0000414
0.0000435
0.0000327
0.0000443
0.0000289
0.0000314
0.0000299
0.0000447
0.0000330
0.0000306
0.0000230
0.0000226
0.0000319
0.0000340
0.0000263
0.0000254
0.0000246
0.0000268
0.0000395
0.0000310
0.0000262
0.0000199
0.0000273
0.0000241
0.0000216
0.0000323
0.0000254
0.0000217
0.0000360
0.0000270
0.0000220
0.0000329
0.0000209
0.0000211
0.0000314
0.0000190
