155.0991462
45.6849836
0.0001950
0.0002328
0.0001262
0.0002740
0.0001508
0.0001123
0.0001170
0.0000904
0.0001224
0.0001044
0.0000817
0.0000748
0.0000734
0.0000792
0.0000556
0.0000744
0.0000705
0.0000812
0.0000556
0.0000515
0.0000523
0.0000506
0.0000510
0.0000547
0.0000548
0.0000490
0.0000488
0.0000419
0.0000404
0.0000403
0.0000463
0.0000520
0.0000448
0.0000346
0.0000521
0.0000326
0.0000372
0.0000284
0.0000500
0.0000295
0.0000377
0.0000374
0.0000473
0.0000336
0.0000294
0.0000337
0.0000255
0.0000229
0.0000282
0.0000282
0.0000323
0.0000178
0.0000296
0.0000295
0.0000225
0.0000241
0.0000312
0.0000294
0.0000169
0.0000270
0.0000207
0.0000253
0.0000258
0.0000350
0.0000226
0.0000229
0.0000241
0.0000314
0.0000128
0.0000217
0.0000202
0.0000213
0.0000230
0.0000240
0.0000172
0.0000170
0.0000254
0.0000214
0.0000178
0.0000173
0.0000176
0.0000179
0.0000233
0.0000220
0.0000186
0.0000163
0.0000204
0.0000152
0.0000157
0.0000199
0.0000166
0.0000179
0.0000218
0.0000163
0.0000167
0.0000225
0.0000149
0.0000136
0.0000181
0.0000128
