0.4374889
0.2092282
0.0001048
0.0001703
0.0002055
0.0001749
0.0000558
0.0000767
0.0000600
0.0001149
0.0000847
0.0000440
0.0001064
0.0000900
0.0000289
0.0000865
0.0000345
0.0000970
0.0000629
0.0000355
0.0000376
0.0000719
0.0000877
0.0000351
0.0000327
0.0000254
0.0000249
0.0000283
0.0000468
0.0000214
0.0000446
0.0000285
0.0000503
0.0000372
0.0000309
0.0000189
0.0000249
0.0000539
0.0000265
0.0000438
0.0000266
0.0000330
0.0000362
0.0000353
0.0000312
0.0000218
0.0000169
0.0000167
0.0000223
0.0000208
0.0000190
0.0000134
0.0000208
0.0000266
0.0000220
0.0000219
0.0000343
0.0000126
0.0000308
0.0000231
0.0000071
0.0000126
0.0000106
0.0000408
0.0000287
0.0000231
0.0000303
0.0000332
0.0000139
0.0000208
0.0000259
0.0000155
0.0000157
0.0000378
0.0000161
0.0000105
0.0000093
0.0000089
0.0000104
0.0000204
0.0000138
0.0000130
0.0000112
0.0000143
0.0000262
0.0000145
0.0000122
0.0000059
0.0000111
0.0000144
0.0000095
0.0000200
0.0000142
0.0000061
0.0000230
0.0000174
0.0000085
0.0000167
0.0000096
0.0000120
0.0000213
0.0000100
