155.6414630
45.9443455
0.0003249
0.0004439
0.0003810
0.0004908
0.0002200
0.0002074
0.0001914
0.0002329
0.0002274
0.0001590
0.0002136
0.0001864
0.0001092
0.0001865
0.0000983
0.0001947
0.0001485
0.0001252
0.0001022
0.0001406
0.0001610
0.0000942
0.0000914
0.0000861
0.0000858
0.0000841
0.0001068
0.0000684
0.0000957
0.0000756
0.0001087
0.0000981
0.0000831
0.0000580
0.0000829
0.0000994
0.0000700
0.0000827
0.0000829
0.0000705
0.0000825
0.0000812
0.0000859
0.0000606
0.0000504
0.0000544
0.0000532
0.0000487
0.0000518
0.0000448
0.0000580
0.0000508
0.0000569
0.0000566
0.0000651
0.0000397
0.0000694
0.0000581
0.0000257
0.0000426
0.0000338
0.0000758
0.0000614
0.0000636
0.0000601
0.0000641
0.0000413
0.0000573
0.0000449
0.0000410
0.0000396
0.0000681
0.0000430
0.0000371
0.0000287
0.0000281
0.0000383
0.0000467
0.0000349
0.0000335
0.0000315
0.0000356
0.0000557
0.0000399
0.0000338
0.0000236
0.0000341
0.0000330
0.0000275
0.0000447
0.0000343
0.0000255
0.0000502
0.0000378
0.0000273
0.0000432
0.0000268
0.0000285
0.0000446
0.0000252
