2.3084873
2.2993050
2.3009859
2.3001022
2.2993085
2.2985168
2.2976663
2.2966634
2.2953780
2.2935358
2.2904360
2.2840239
2.2672199
2.2214786
2.1494613
2.0551772
1.9147557
1.7566482
1.6052520
1.4585082
1.3181525
1.1893971
1.0743990
0.9735880
0.8860581
0.8102800
0.7460440
0.6918159
0.6463031
0.6076875
0.5744913
0.5455956
0.5201979
0.4977355
0.4777648
0.4598619
0.4436516
0.4287295
0.4150649
0.4025142
0.3907948
0.3799189
0.3697347
0.3601815
0.3511655
0.3426788
0.3346768
0.3271335
0.3199731
0.3131253
0.3067160
0.3005626
0.2947422
0.2892176
0.2838790
0.2788550
0.2740266
0.2693560
0.2649580
0.2606544
0.2565895
0.2526466
0.2488974
0.2453389
0.2419273
0.2386099
0.2353991
0.2323271
0.2293995
0.2265340
0.2238315
0.2212083
0.2186668
0.2162012
0.2138563
0.2115513
0.2093826
0.2072795
0.2052002
0.2031695
0.2012651
0.1993797
0.1975811
0.1958450
0.1941503
0.1925063
0.1908954
0.1893578
0.1878596
0.1863771
0.1849606
0.1835788
0.1821991
0.1809046
0.1796360
0.1783730
0.1771531
0.1759388
0.1747666
0.1736571
0.1725280
0.1714028
0.1703250
0.1693092
0.1682562
0.1672560
0.1662967
0.1653198
0.1644193
0.1635025
0.1626385
0.1617193
0.1608852
0.1600364
0.1592086
0.1583716
0.1575641
0.1568094
0.1560305
0.1552954
0.1545773
0.1538687
0.1531458
0.1524740
0.1517622
0.1511278
0.1504472
0.1498356
0.1492248
0.1485926
0.1479640
0.1473491
0.1468059
0.1461970
0.1456108
0.1450517
0.1444895
0.1439897
0.1434704
0.1429135
0.1423735
0.1418644
0.1413471
0.1408419
0.1403469
0.1398423
0.1393913
0.1389139
0.1384921
0.1380246
0.1375710
0.1371103
0.1367145
0.1362736
0.1358123
0.1354315
0.1350329
0.1346337
0.1342343
0.1338300
0.1334600
0.1330757
0.1326966
0.1322909
0.1319324
0.1315671
0.1312199
0.1308639
0.1304994
0.1301378
0.1298122
0.1294613
0.1291378
0.1287854
0.1284764
0.1281921
0.1278423
0.1275393
0.1271780
0.1269006
0.1265789
0.1262581
0.1259393
0.1256560
0.1253717
0.1250857
0.1248074
0.1245399
0.1242743
0.1239922
0.1237113
0.1234541
0.1231733
0.1229492
0.1226571
0.1224001
0.1221800
0.1219388
0.1216809
0.1213879
0.1211683
0.1209438
