2.3070877
2.2990145
2.3008222
2.2999695
2.2991172
2.2981955
2.2971539
2.2958471
2.2940713
2.2913536
2.2864048
2.2751761
2.2431381
2.1549225
2.0318569
1.8959626
1.7181503
1.5233003
1.3350531
1.1656933
1.0234628
0.9116778
0.8250171
0.7561859
0.7009966
0.6558188
0.6175547
0.5842382
0.5553279
0.5298117
0.5071911
0.4869273
0.4686944
0.4520809
0.4369627
0.4231417
0.4102750
0.3982523
0.3869400
0.3764679
0.3665464
0.3572477
0.3484067
0.3400047
0.3320459
0.3244695
0.3172974
0.3104696
0.3040107
0.2977619
0.2919344
0.2863125
0.2809742
0.2758786
0.2708927
0.2662617
0.2617835
0.2574661
0.2533796
0.2493860
0.2456548
0.2419874
0.2385509
0.2352807
0.2321556
0.2291229
0.2261835
0.2233587
0.2207035
0.2180854
0.2155767
0.2131915
0.2108587
0.2086172
0.2064651
0.2044023
0.2024226
0.2004932
0.1986071
0.1967380
0.1950011
0.1932992
0.1916517
0.1900853
0.1885202
0.1870313
0.1855451
0.1841352
0.1827333
0.1813576
0.1801331
0.1788450
0.1775821
0.1763746
0.1752071
0.1740499
0.1729248
0.1717765
0.1706506
0.1696411
0.1685807
0.1675219
0.1665165
0.1655487
0.1645566
0.1636207
0.1627095
0.1617750
0.1609555
0.1600703
0.1592251
0.1583319
0.1575121
0.1566796
0.1558560
0.1550415
0.1542297
0.1534877
0.1527209
0.1519875
0.1512870
0.1505741
0.1498510
0.1491706
0.1484726
0.1478260
0.1471302
0.1465050
0.1459255
0.1452629
0.1446460
0.1440032
0.1434471
0.1428227
0.1422300
0.1416604
0.1410742
0.1405869
0.1400434
0.1394710
0.1389465
0.1384601
0.1379400
0.1374035
0.1368906
0.1364053
0.1359242
0.1354665
0.1350273
0.1345551
0.1341073
0.1336145
0.1332332
0.1327801
0.1322776
0.1319306
0.1315227
0.1311122
0.1307258
0.1303492
0.1299759
0.1295851
0.1292057
0.1288057
0.1284422
0.1280984
0.1277401
0.1274255
0.1270352
0.1266650
0.1263557
0.1259953
0.1256839
0.1253265
0.1250333
0.1247517
0.1243715
0.1240903
0.1237489
0.1234609
0.1231421
0.1228310
0.1225184
0.1222474
0.1219799
0.1216911
0.1214019
0.1211468
0.1208706
0.1206231
0.1203723
0.1200708
0.1198043
0.1195919
0.1193108
0.1190674
0.1188527
0.1186222
0.1183397
0.1180804
0.1178618
0.1176239
