0.0015968
0.0003314
0.0001867
0.0001513
0.0002182
0.0003665
0.0005846
0.0009314
0.0014908
0.0024896
0.0045990
0.0100940
0.0274737
0.0759306
0.1341692
0.1816402
0.2242975
0.2662151
0.3082566
0.3340582
0.3361971
0.3168364
0.2845076
0.2480234
0.2111275
0.1762172
0.1465872
0.1227301
0.1037892
0.0888446
0.0767794
0.0669318
0.0587578
0.0520851
0.0465491
0.0418922
0.0380777
0.0347700
0.0320863
0.0297150
0.0276638
0.0258645
0.0243321
0.0230187
0.0218126
0.0207741
0.0198273
0.0190110
0.0182108
0.0175273
0.0168636
0.0162572
0.0157072
0.0152178
0.0148154
0.0143671
0.0139676
0.0135646
0.0132092
0.0128556
0.0124748
0.0121606
0.0118039
0.0114749
0.0111481
0.0108232
0.0105136
0.0102316
0.0099209
0.0096386
0.0094174
0.0091460
0.0089080
0.0086522
0.0084323
0.0081559
0.0079403
0.0077422
0.0075218
0.0073374
0.0071464
0.0069370
0.0067646
0.0065710
0.0064232
0.0062461
0.0061040
0.0059582
0.0058483
0.0057264
0.0055075
0.0054005
0.0052674
0.0051681
0.0050528
0.0049320
0.0048238
0.0047486
0.0046957
0.0045816
0.0045033
0.0044275
0.0043449
0.0042902
0.0042207
0.0041474
0.0040924
0.0040441
0.0039517
0.0039156
0.0038943
0.0038645
0.0038482
0.0038295
0.0038249
0.0037991
0.0038041
0.0037896
0.0037757
0.0037739
0.0037536
0.0037586
0.0037588
0.0037687
0.0037529
0.0037669
0.0037842
0.0037997
0.0037640
0.0037986
0.0037853
0.0038171
0.0038319
0.0038495
0.0038570
0.0038690
0.0038964
0.0038821
0.0039097
0.0039274
0.0039096
0.0038839
0.0038870
0.0039227
0.0039430
0.0039211
0.0039554
0.0039330
0.0039528
0.0039581
0.0039516
0.0039882
0.0039716
0.0039855
0.0040326
0.0039940
0.0040045
0.0040176
0.0040026
0.0039711
0.0039748
0.0039823
0.0039826
0.0039761
0.0039818
0.0039572
0.0039699
0.0039226
0.0039522
0.0039619
0.0039434
0.0039542
0.0039404
0.0039461
0.0039280
0.0039250
0.0039597
0.0039348
0.0039122
0.0039243
0.0039208
0.0039098
0.0039028
0.0038887
0.0038695
0.0038727
0.0038853
0.0038710
0.0038830
0.0038437
0.0038092
0.0038598
0.0038435
0.0038302
0.0038176
0.0038021
0.0037959
0.0037838
0.0038118
0.0037734
0.0037722
0.0037875
