2.3098869
2.2995955
2.3011496
2.3002348
2.2994998
2.2988380
2.2981788
2.2974798
2.2966847
2.2957181
2.2944673
2.2928717
2.2913017
2.2880347
2.2670658
2.2143919
2.1113611
1.9899960
1.8754508
1.7513231
1.6128423
1.4671165
1.3237810
1.1909901
1.0711195
0.9647411
0.8745334
0.7993936
0.7372784
0.6855632
0.6417914
0.6042639
0.5717014
0.5433902
0.5185669
0.4965821
0.4770281
0.4592067
0.4431897
0.4285605
0.4150432
0.4025902
0.3910627
0.3803583
0.3702851
0.3608881
0.3520561
0.3437974
0.3359356
0.3284887
0.3214976
0.3148127
0.3085101
0.3025566
0.2968653
0.2914484
0.2862697
0.2812459
0.2765364
0.2719229
0.2675242
0.2633059
0.2592440
0.2553971
0.2516990
0.2480968
0.2446146
0.2412955
0.2380955
0.2349826
0.2320863
0.2292252
0.2264750
0.2237852
0.2212476
0.2187003
0.2163426
0.2140659
0.2117934
0.2096011
0.2075292
0.2054602
0.2035104
0.2016047
0.1997805
0.1979813
0.1962458
0.1945804
0.1929859
0.1913965
0.1897881
0.1883126
0.1868162
0.1854346
0.1840649
0.1826961
0.1813814
0.1801012
0.1788825
0.1776731
0.1764754
0.1752837
0.1741334
0.1730697
0.1719558
0.1708914
0.1698839
0.1688647
0.1678832
0.1669347
0.1660520
0.1651067
0.1642583
0.1633931
0.1625613
0.1617016
0.1608985
0.1601312
0.1593400
0.1586033
0.1578675
0.1571633
0.1564405
0.1557774
0.1550518
0.1544296
0.1537642
0.1531662
0.1525241
0.1519222
0.1512820
0.1506949
0.1501648
0.1495713
0.1489916
0.1484430
0.1479048
0.1473925
0.1468974
0.1463560
0.1458004
0.1452688
0.1447542
0.1442803
0.1438031
0.1432792
0.1428584
0.1423613
0.1419569
0.1414940
0.1410347
0.1406062
0.1401958
0.1397671
0.1393471
0.1389324
0.1385430
0.1381552
0.1377427
0.1373108
0.1369441
0.1365664
0.1361875
0.1357760
0.1354227
0.1350357
0.1346997
0.1343022
0.1339637
0.1336106
0.1332688
0.1329273
0.1325918
0.1322443
0.1319194
0.1316325
0.1313132
0.1309884
0.1306072
0.1303404
0.1300156
0.1296851
0.1293603
0.1290645
0.1287635
0.1284803
0.1282130
0.1279330
0.1276779
0.1273613
0.1270502
0.1268374
0.1265423
0.1263065
0.1260034
0.1257328
0.1255073
0.1252554
0.1250221
0.1246954
0.1244747
0.1242637
