0.9999200
0.9999280
0.9456058
0.8813515
0.8212795
0.7634946
0.7116433
0.6668373
0.6339624
0.6215994
0.6361695
0.6693483
0.7419912
0.8129148
0.8711076
0.9040944
0.9242623
0.9356178
0.9446781
0.9485406
0.9477249
0.9481248
0.9465174
0.9474050
0.9432947
0.9423111
0.9405998
0.9377609
0.9363695
0.9324670
0.9336585
0.9293643
0.9291643
0.9289804
0.9240384
0.9246222
0.9246461
0.9205598
0.9207197
0.9168413
0.9149940
0.9148421
0.9116673
0.9075010
0.9054938
0.9058936
0.9007837
0.8970332
0.9004318
0.8964894
0.8920112
0.8929548
0.8895482
0.8830868
0.8800320
0.8789284
0.8802479
0.8771691
0.8758657
0.8716194
0.8652139
0.8646222
0.8614874
0.8622071
0.8564014
0.8607677
0.8545862
0.8544342
0.8507397
0.8487485
0.8518992
0.8480448
0.8438784
0.8454858
0.8434066
0.8437825
0.8393842
0.8399520
0.8424230
0.8395762
0.8417273
0.8330028
0.8340344
0.8336905
0.8311955
0.8313794
0.8322431
0.8307717
0.8309636
0.8277089
0.8297801
0.8294842
0.8257577
0.8227269
0.8254058
0.8244142
0.8227829
0.8269092
0.8199280
0.8205758
0.8184726
0.8195602
0.8180248
0.8221751
0.8166333
0.8155458
0.8135306
0.8136345
0.8114594
0.8135946
0.8118433
0.8087165
0.8118513
0.8045102
0.8084126
0.8072611
0.8070852
0.8034226
0.8059016
0.8027829
0.7991523
0.8022551
0.8041263
0.8049900
0.7987205
0.7982807
0.7983127
0.7966094
0.7986405
0.7963774
0.7947781
0.7933946
0.7968413
0.7926110
0.7905158
0.7929228
0.7896521
0.7887085
0.7895402
0.7880608
0.7900120
0.7866054
0.7874130
0.7856537
0.7882447
0.7837185
0.7823111
0.7846621
0.7829108
0.7805678
0.7754258
0.7772011
0.7755218
0.7838145
0.7780088
0.7738425
0.7729068
0.7721152
0.7692443
0.7729388
0.7699400
0.7735466
0.7701399
0.7695562
0.7699160
0.7672291
0.7620312
0.7649260
0.7637105
0.7637185
0.7593523
0.7604478
0.7605998
0.7570412
0.7559936
0.7550580
0.7516114
0.7583687
0.7556018
0.7558337
0.7478529
0.7493403
0.7551140
0.7488365
0.7476210
0.7462855
0.7466773
0.7479248
0.7472131
0.7395442
0.7445822
0.7419992
0.7379688
0.7324350
0.7354898
0.7360896
0.7372011
0.7251020
0.7320272
0.7310436
0.7265174
0.7301879
