0.9998979
0.9998720
0.9442290
0.8793196
0.8184031
0.7613373
0.7060969
0.6567521
0.6162644
0.5878453
0.5816991
0.5883415
0.6568969
0.7380869
0.8139135
0.8552575
0.8843171
0.9041298
0.9186473
0.9312963
0.9298161
0.9337059
0.9299705
0.9322030
0.9256710
0.9262303
0.9236774
0.9219237
0.9203298
0.9162234
0.9173566
0.9130691
0.9124250
0.9118906
0.9077799
0.9071509
0.9072970
0.9029530
0.9033954
0.9014083
0.8995918
0.8962490
0.8954903
0.8905815
0.8885444
0.8908326
0.8843624
0.8808245
0.8833354
0.8831817
0.8767015
0.8774799
0.8768223
0.8678644
0.8647214
0.8652291
0.8661549
0.8560828
0.8605945
0.8574669
0.8487456
0.8490909
0.8425899
0.8460027
0.8365127
0.8445391
0.8353934
0.8315870
0.8265201
0.8270307
0.8288573
0.8236024
0.8174408
0.8221455
0.8191740
0.8205759
0.8126596
0.8140502
0.8185282
0.8140426
0.8151491
0.8059556
0.8065826
0.8066838
0.8054743
0.8031061
0.8043714
0.8000561
0.8035959
0.7995918
0.8033853
0.8011194
0.7973661
0.7951336
0.7986494
0.7945553
0.7940195
0.8006839
0.7901317
0.7905838
0.7910523
0.7915475
0.7871171
0.7917071
0.7861873
0.7869241
0.7839235
0.7830394
0.7826081
0.7824481
0.7792343
0.7779499
0.7821566
0.7724807
0.7761229
0.7745531
0.7801540
0.7695074
0.7735546
0.7712223
0.7695185
0.7697730
0.7717078
0.7736216
0.7701101
0.7648395
0.7660120
0.7647490
0.7657344
0.7669202
0.7621235
0.7587489
0.7639272
0.7624658
0.7575070
0.7618514
0.7574234
0.7602496
0.7607951
0.7579778
0.7598355
0.7533679
0.7567761
0.7550545
0.7580521
0.7504730
0.7505168
0.7568401
0.7517717
0.7490415
0.7477949
0.7458043
0.7406144
0.7538043
0.7480297
0.7432264
0.7425079
0.7418208
0.7409367
0.7449706
0.7446055
0.7493484
0.7435223
0.7435136
0.7443327
0.7363778
0.7391455
0.7401814
0.7404075
0.7403172
0.7343739
0.7361321
0.7322324
0.7346555
0.7340044
0.7308349
0.7315122
0.7318658
0.7326693
0.7284642
0.7246339
0.7273974
0.7308884
0.7258326
0.7299720
0.7238377
0.7258414
0.7256504
0.7241416
0.7148613
0.7162678
0.7220046
0.7134641
0.7128803
0.7095380
0.7153174
0.7142758
0.7075590
0.7085837
0.7071112
0.7016084
0.7079003
