0.0000253
0.0000640
0.0015706
0.0023181
0.0032816
0.0024611
0.0063277
0.0115056
0.0201908
0.0385084
0.0621427
0.0924166
0.0970800
0.0853675
0.0652499
0.0557156
0.0455715
0.0359231
0.0296973
0.0196732
0.0204312
0.0164498
0.0188776
0.0173433
0.0201060
0.0183458
0.0193059
0.0180679
0.0182988
0.0185316
0.0185981
0.0185903
0.0190971
0.0194969
0.0185485
0.0199321
0.0197928
0.0200867
0.0197645
0.0176067
0.0175716
0.0212119
0.0184556
0.0193027
0.0193367
0.0171824
0.0187343
0.0184917
0.0195045
0.0151821
0.0174661
0.0176545
0.0145184
0.0173664
0.0174670
0.0156289
0.0160780
0.0240564
0.0174221
0.0161458
0.0187879
0.0177189
0.0215593
0.0184869
0.0226901
0.0185144
0.0218961
0.0260653
0.0276310
0.0247768
0.0262874
0.0278851
0.0301614
0.0266278
0.0276458
0.0264753
0.0304889
0.0295501
0.0272605
0.0291300
0.0303218
0.0308568
0.0313184
0.0308107
0.0293441
0.0322557
0.0317974
0.0350419
0.0312225
0.0320774
0.0301125
0.0323600
0.0323906
0.0314799
0.0305251
0.0340646
0.0328148
0.0299192
0.0339932
0.0342163
0.0312825
0.0319583
0.0352611
0.0347595
0.0347344
0.0326531
0.0337772
0.0349045
0.0329150
0.0355335
0.0372020
0.0351001
0.0338771
0.0365409
0.0368377
0.0373149
0.0307244
0.0386922
0.0369032
0.0360059
0.0338078
0.0370572
0.0369848
0.0357867
0.0326402
0.0381514
0.0368503
0.0363480
0.0375410
0.0336063
0.0372540
0.0395256
0.0375500
0.0343911
0.0376581
0.0354479
0.0367681
0.0324674
0.0327939
0.0343202
0.0344268
0.0379189
0.0349522
0.0349092
0.0344453
0.0379282
0.0362725
0.0317408
0.0355251
0.0359668
0.0315228
0.0358191
0.0398241
0.0342372
0.0342017
0.0349284
0.0346807
0.0345613
0.0322948
0.0319075
0.0289029
0.0276066
0.0303668
0.0297107
0.0291867
0.0351967
0.0261092
0.0282299
0.0265853
0.0266974
0.0284966
0.0277406
0.0323629
0.0255387
0.0250864
0.0276349
0.0229302
0.0302358
0.0261625
0.0312245
0.0264894
0.0250336
0.0276378
0.0262440
0.0201348
0.0256095
0.0237707
0.0254118
0.0263212
0.0281595
0.0323024
0.0228108
0.0279562
0.0223090
0.0296072
0.0236979
0.0261544
0.0200139
0.0267455
0.0273033
0.0284174
0.0254268
