0.9999422
0.9999841
0.9469825
0.8833833
0.8241559
0.7656519
0.7171898
0.6769224
0.6516604
0.6553535
0.6906400
0.7503550
0.8270855
0.8877428
0.9283016
0.9529312
0.9642074
0.9671057
0.9707090
0.9657849
0.9656337
0.9625436
0.9630643
0.9626071
0.9609184
0.9583919
0.9575221
0.9535981
0.9524091
0.9487107
0.9499605
0.9456594
0.9459037
0.9460702
0.9402968
0.9420934
0.9419953
0.9381665
0.9380440
0.9322742
0.9303962
0.9334351
0.9278443
0.9244205
0.9224432
0.9209547
0.9172050
0.9132418
0.9175283
0.9097971
0.9073209
0.9084297
0.9022741
0.8983091
0.8953425
0.8926278
0.8943409
0.8982555
0.8911368
0.8857718
0.8816822
0.8801534
0.8803849
0.8784116
0.8762902
0.8769962
0.8737790
0.8772814
0.8749593
0.8704663
0.8749411
0.8724871
0.8703161
0.8688261
0.8676393
0.8669891
0.8661089
0.8658538
0.8663179
0.8651098
0.8683055
0.8600500
0.8614862
0.8606973
0.8569168
0.8596528
0.8601148
0.8614873
0.8583314
0.8558260
0.8561749
0.8578490
0.8541493
0.8503202
0.8521623
0.8542731
0.8515463
0.8531346
0.8497244
0.8505677
0.8458929
0.8475729
0.8489325
0.8526432
0.8470794
0.8441675
0.8431376
0.8442297
0.8403107
0.8447410
0.8444522
0.8394831
0.8415459
0.8365397
0.8407023
0.8399691
0.8340163
0.8373379
0.8382487
0.8343435
0.8287861
0.8347372
0.8365449
0.8363584
0.8273309
0.8317219
0.8306134
0.8284697
0.8315467
0.8258347
0.8274327
0.8280404
0.8297553
0.8227561
0.8235246
0.8239943
0.8218808
0.8171675
0.8182853
0.8181438
0.8201884
0.8198428
0.8180500
0.8162530
0.8184373
0.8169641
0.8141053
0.8124842
0.8140500
0.8120941
0.8030568
0.8085979
0.8104291
0.8138247
0.8079879
0.8044585
0.8033058
0.8024095
0.7975519
0.8009070
0.7952745
0.7977448
0.7967576
0.7955987
0.7954993
0.7980804
0.7849169
0.7896707
0.7870135
0.7871198
0.7843306
0.7847635
0.7889671
0.7794269
0.7779828
0.7792811
0.7717105
0.7848715
0.7785342
0.7832032
0.7710718
0.7712832
0.7793395
0.7718403
0.7652699
0.7687332
0.7675133
0.7701993
0.7702846
0.7642271
0.7728965
0.7619938
0.7624735
0.7519898
0.7614417
0.7568617
0.7601264
0.7426449
0.7554707
0.7549760
0.7514263
0.7524755
