0.9999200
0.9999920
0.8893962
0.7684046
0.6794162
0.6054298
0.5406877
0.4904278
0.4479808
0.4130428
0.3820072
0.3551779
0.3336985
0.3163055
0.2987285
0.2845342
0.2733387
0.2633187
0.2532427
0.2466613
0.2424310
0.2337145
0.2271891
0.2182647
0.2118193
0.2061096
0.2015674
0.1987605
0.1934826
0.1887165
0.1843663
0.1793683
0.1775850
0.1732827
0.1720752
0.1677409
0.1660376
0.1631667
0.1593762
0.1581367
0.1541463
0.1511076
0.1500120
0.1475810
0.1450140
0.1429428
0.1434306
0.1420632
0.1403039
0.1375770
0.1392083
0.1377449
0.1352339
0.1328429
0.1319632
0.1329228
0.1346102
0.1319072
0.1312515
0.1291963
0.1286845
0.1263495
0.1276289
0.1273011
0.1258537
0.1233906
0.1226549
0.1231827
0.1234706
0.1234466
0.1207757
0.1254458
0.1246062
0.1201359
0.1184646
0.1175930
0.1177689
0.1176569
0.1169612
0.1187445
0.1185446
0.1172171
0.1145142
0.1126749
0.1148021
0.1176809
0.1185366
0.1171371
0.1152259
0.1122351
0.1134746
0.1128189
0.1106437
0.1101959
0.1087485
0.1110836
0.1082847
0.1064854
0.1072691
0.1087725
0.1086525
0.1085166
0.1059016
0.1055498
0.1102679
0.1117153
0.1120272
0.1116273
0.1111715
0.1125950
0.1112115
0.1081407
0.1066373
0.1062055
0.1071891
0.1084206
0.1070532
0.1057977
0.1077009
0.1102919
0.1121232
0.1102759
0.1100040
0.1092923
0.1102999
0.1101160
0.1131627
0.1122751
0.1105718
0.1086285
0.1063175
0.1053579
0.1050700
0.1055258
0.1044862
0.1091803
0.1111395
0.1120672
0.1106837
0.1082527
0.1076210
0.1056058
0.1051979
0.1040944
0.1036305
0.1034226
0.1030068
0.1035106
0.1054218
0.1069572
0.1063814
0.1053099
0.1049260
0.1027429
0.1035906
0.1035106
0.1019032
0.1023191
0.1002879
0.0984726
0.0987525
0.1014874
0.1060376
0.1087165
0.1074290
0.1062215
0.1052699
0.1044782
0.1045422
0.1028549
0.1022391
0.1027909
0.1018473
0.1011675
0.1007517
0.1006957
0.1007037
0.1024550
0.1035906
0.1053179
0.1034546
0.1046701
0.1038065
0.1042463
0.1049100
0.1039824
0.1054858
0.1038145
0.1031267
0.1013115
0.1023031
0.0998641
0.1000960
0.0989764
0.0960496
0.0962175
0.1004478
0.0975530
0.0976250
0.0992563
0.0982327
0.0968812
