0.9998979
0.9999780
0.8824689
0.7577941
0.6712339
0.5946656
0.5296413
0.4804311
0.4362093
0.4036230
0.3726527
0.3458334
0.3252678
0.3094672
0.2911971
0.2769655
0.2657737
0.2564474
0.2464596
0.2392365
0.2352307
0.2275059
0.2200856
0.2122792
0.2065760
0.2007094
0.1961958
0.1926265
0.1886157
0.1850581
0.1799809
0.1758951
0.1737375
0.1686422
0.1687756
0.1631596
0.1611922
0.1599186
0.1554343
0.1543872
0.1501374
0.1469418
0.1458240
0.1429460
0.1418139
0.1397357
0.1395422
0.1395492
0.1385967
0.1350138
0.1361655
0.1361189
0.1319143
0.1313355
0.1281942
0.1286575
0.1309629
0.1292812
0.1273690
0.1253305
0.1245740
0.1234866
0.1241787
0.1228531
0.1207195
0.1174034
0.1174700
0.1185415
0.1205716
0.1200100
0.1171692
0.1218466
0.1230177
0.1165236
0.1164223
0.1150352
0.1132223
0.1131331
0.1123880
0.1144816
0.1120228
0.1094608
0.1076240
0.1080949
0.1088791
0.1115242
0.1140971
0.1122844
0.1120694
0.1090714
0.1072281
0.1076644
0.1066982
0.1048512
0.1051253
0.1050096
0.1022892
0.1009128
0.0994421
0.1016268
0.1023419
0.1026641
0.1017660
0.1020299
0.1021612
0.1016648
0.1025235
0.1008308
0.1008213
0.1047673
0.1030109
0.1008516
0.1000641
0.0993585
0.1017558
0.1018327
0.0992551
0.0965535
0.0984601
0.1039267
0.1032924
0.1037642
0.1052820
0.1023473
0.1030019
0.1032314
0.1012676
0.1035672
0.1033582
0.1015546
0.0996163
0.0999381
0.0999373
0.1023825
0.1002978
0.1043123
0.1037435
0.1054478
0.1026931
0.1003144
0.1013297
0.0989860
0.0990624
0.0958783
0.0961439
0.0967257
0.0953776
0.0974583
0.0974640
0.0995855
0.0979913
0.0989132
0.0984007
0.0973387
0.0968901
0.0971426
0.0963563
0.0994807
0.0968656
0.0945706
0.0940102
0.0955265
0.0940374
0.0911260
0.0931617
0.0960975
0.0973972
0.0976608
0.0967888
0.0955540
0.0959313
0.0954026
0.0952842
0.0945856
0.0954315
0.0968049
0.0960675
0.0972582
0.0980970
0.0998051
0.0987687
0.0992412
0.0969024
0.0973768
0.0971135
0.0954249
0.0988283
0.0974276
0.0962844
0.0955528
0.0963674
0.0954764
0.0951526
0.0925970
0.0904305
0.0914510
0.0942107
0.0905463
0.0907519
0.0915206
0.0911795
0.0917290
