0.0000253
0.0000160
0.0079030
0.0121050
0.0093348
0.0122804
0.0126023
0.0114048
0.0134296
0.0107465
0.0106721
0.0106607
0.0096182
0.0078015
0.0085922
0.0086348
0.0086305
0.0078391
0.0077385
0.0084707
0.0082145
0.0070831
0.0081041
0.0068285
0.0059818
0.0061608
0.0061282
0.0069980
0.0055524
0.0041737
0.0050030
0.0039623
0.0043894
0.0052941
0.0037643
0.0052265
0.0055278
0.0037057
0.0044972
0.0042777
0.0045736
0.0047525
0.0047779
0.0052878
0.0036508
0.0036588
0.0044361
0.0028681
0.0019477
0.0029242
0.0034713
0.0018550
0.0037872
0.0017197
0.0042999
0.0048661
0.0041610
0.0029959
0.0044294
0.0044103
0.0046895
0.0032661
0.0039363
0.0050745
0.0058573
0.0068306
0.0059153
0.0052949
0.0033073
0.0039207
0.0041145
0.0041062
0.0018122
0.0041212
0.0023300
0.0029180
0.0051869
0.0051610
0.0052174
0.0048634
0.0074404
0.0088488
0.0078607
0.0052252
0.0067573
0.0070239
0.0050648
0.0055363
0.0036011
0.0036093
0.0071263
0.0058805
0.0045012
0.0060975
0.0041335
0.0069295
0.0068399
0.0063575
0.0089294
0.0081521
0.0071995
0.0066769
0.0047182
0.0040157
0.0092485
0.0114661
0.0108423
0.0123172
0.0118080
0.0089302
0.0093557
0.0083159
0.0074991
0.0078114
0.0061987
0.0075158
0.0088965
0.0105462
0.0105424
0.0072617
0.0100745
0.0074289
0.0053871
0.0079232
0.0083259
0.0078543
0.0135706
0.0099345
0.0082296
0.0080704
0.0076450
0.0061831
0.0058556
0.0035860
0.0047783
0.0055536
0.0084378
0.0075517
0.0091161
0.0090564
0.0071774
0.0075522
0.0069997
0.0093732
0.0085412
0.0076402
0.0087038
0.0069048
0.0090787
0.0084101
0.0095719
0.0072977
0.0074444
0.0061654
0.0076442
0.0072649
0.0063283
0.0032382
0.0039043
0.0044516
0.0054102
0.0068005
0.0136905
0.0200681
0.0162768
0.0115500
0.0089816
0.0077777
0.0088455
0.0083292
0.0071962
0.0084289
0.0074875
0.0075090
0.0060695
0.0044388
0.0052892
0.0059288
0.0062673
0.0062892
0.0053459
0.0061936
0.0078765
0.0078370
0.0088947
0.0097628
0.0075953
0.0072865
0.0078061
0.0065698
0.0067718
0.0050057
0.0056397
0.0072780
0.0064105
0.0054379
0.0071156
0.0079935
0.0078411
0.0088252
0.0080467
0.0058779
