0.9999422
1.0000060
0.8963235
0.7790151
0.6875986
0.6161941
0.5517341
0.5004246
0.4597523
0.4224625
0.3913617
0.3645224
0.3421293
0.3231438
0.3062599
0.2921029
0.2809037
0.2701899
0.2600258
0.2540862
0.2496313
0.2399231
0.2342927
0.2242501
0.2170625
0.2115098
0.2069390
0.2048945
0.1983495
0.1923749
0.1887516
0.1828414
0.1814325
0.1779231
0.1753747
0.1723222
0.1708830
0.1664149
0.1633182
0.1618863
0.1581553
0.1552733
0.1542000
0.1522159
0.1482141
0.1461499
0.1473191
0.1445771
0.1420111
0.1401401
0.1422511
0.1393709
0.1385535
0.1343502
0.1357323
0.1371882
0.1382574
0.1345332
0.1351340
0.1330621
0.1327950
0.1292123
0.1310792
0.1317491
0.1309878
0.1293779
0.1278399
0.1278239
0.1263696
0.1268833
0.1243822
0.1290450
0.1261946
0.1237483
0.1205069
0.1201507
0.1223154
0.1221807
0.1215345
0.1230074
0.1250663
0.1249734
0.1214044
0.1172550
0.1207251
0.1238376
0.1229761
0.1219899
0.1183824
0.1153988
0.1197211
0.1179733
0.1145893
0.1155406
0.1123717
0.1171575
0.1142801
0.1120580
0.1150961
0.1159182
0.1149631
0.1143691
0.1100373
0.1090697
0.1183746
0.1217658
0.1215309
0.1224239
0.1215217
0.1204226
0.1194122
0.1154299
0.1132106
0.1130525
0.1126225
0.1150085
0.1148513
0.1150418
0.1169417
0.1166570
0.1209539
0.1167876
0.1147260
0.1162372
0.1175979
0.1170005
0.1250579
0.1209830
0.1177853
0.1157025
0.1130186
0.1107776
0.1102026
0.1086691
0.1086746
0.1140483
0.1185356
0.1186866
0.1186744
0.1161910
0.1139122
0.1122255
0.1113335
0.1123104
0.1111172
0.1101195
0.1106360
0.1095629
0.1133797
0.1143290
0.1147716
0.1117066
0.1114513
0.1081471
0.1102910
0.1098786
0.1074502
0.1051574
0.1037102
0.1023746
0.1034947
0.1074483
0.1180378
0.1263070
0.1216963
0.1163455
0.1131426
0.1112957
0.1122956
0.1101557
0.1085469
0.1101792
0.1084104
0.1077494
0.1060719
0.1045865
0.1053399
0.1076519
0.1090841
0.1108306
0.1081405
0.1100991
0.1107105
0.1111158
0.1127066
0.1125399
0.1121433
0.1102014
0.1099691
0.1070702
0.1082388
0.1042517
0.1050394
0.1053558
0.1016686
0.1009840
0.1066849
0.1045596
0.1044980
0.1069920
0.1052859
0.1020334
