272.5848748
1779.2514618
0.0003976
0.0000733
0.0000340
0.0000171
0.0000175
0.0000076
0.0000082
0.0000047
0.0000026
0.0000028
0.0000015
0.0000014
0.0000020
0.0000010
0.0000021
0.0000008
0.0000006
0.0000006
0.0000009
0.0000005
0.0000009
0.0000003
0.0000004
0.0000003
0.0000006
0.0000010
0.0000002
0.0000005
0.0000002
0.0000002
0.0000002
0.0000003
0.0000003
0.0000002
0.0000006
0.0000001
0.0000001
0.0000002
0.0000001
0.0000003
0.0000001
0.0000016
0.0000001
0.0000002
0.0000002
0.0000001
0.0000001
0.0000001
0.0000001
0.0000001
0.0000001
0.0000001
0.0000004
0.0000001
0.0000005
0.0000001
0.0000005
0.0000003
0.0000001
0.0000010
0.0000001
0.0000001
0.0000022
0.0000001
0.0000001
0.0000001
0.0000002
0.0000002
0.0000002
0.0000002
0.0000003
0.0000000
0.0000000
0.0000000
0.0000001
0.0000002
0.0000002
0.0000008
0.0000001
0.0000001
0.0000001
0.0000001
0.0000001
0.0000001
0.0000003
0.0000002
0.0000000
0.0000001
0.0000001
0.0000001
0.0000002
0.0000002
0.0000001
0.0000001
0.0000001
0.0000000
0.0000002
0.0000001
0.0000001
0.0000004
0.0000000
0.0000005
0.0000000
0.0000013
0.0000005
0.0000001
0.0000003
0.0000003
0.0000001
0.0000001
0.0000000
0.0000000
0.0000001
0.0000003
0.0000000
0.0000001
0.0000003
0.0000001
0.0000003
0.0000002
0.0000001
0.0000002
0.0000003
0.0000000
0.0000002
0.0000001
0.0000000
0.0000002
0.0000001
0.0000003
0.0000000
0.0000007
0.0000001
0.0000005
0.0000001
0.0000000
0.0000006
0.0000000
0.0000000
0.0000000
0.0000000
0.0000043
0.0000000
0.0000000
0.0000003
0.0000004
0.0000001
0.0000001
0.0000000
0.0000000
0.0000000
0.0000000
0.0000000
0.0000001
0.0000000
0.0000000
0.0000000
0.0000000
0.0000000
0.0000002
0.0000001
0.0000001
0.0000004
0.0000001
0.0000000
0.0000001
0.0000000
0.0000001
0.0000002
0.0000000
0.0000000
0.0000000
0.0000000
0.0000001
0.0000003
0.0000005
0.0000001
0.0000000
0.0000005
0.0000000
0.0000000
0.0000001
0.0000001
0.0000000
0.0000000
0.0000001
0.0000000
0.0000001
0.0000002
0.0000001
0.0000000
0.0000001
0.0000000
0.0000000
0.0000001
0.0000000
0.0000000
0.0000000
0.0000001
0.0000000
