272.1885857
1657.6094089
0.0003357
0.0000605
0.0000285
0.0000137
0.0000084
0.0000056
0.0000005
0.0000025
0.0000019
0.0000014
0.0000011
0.0000010
0.0000001
0.0000007
-0.0000003
0.0000006
0.0000004
0.0000005
0.0000003
0.0000003
0.0000001
0.0000002
0.0000004
0.0000002
0.0000001
-0.0000004
0.0000001
0.0000001
0.0000002
0.0000001
0.0000001
0.0000002
0.0000001
0.0000001
-0.0000000
0.0000001
0.0000001
0.0000001
0.0000001
0.0000000
0.0000001
-0.0000011
0.0000001
-0.0000001
0.0000000
0.0000001
0.0000000
0.0000000
0.0000001
0.0000000
0.0000000
0.0000000
-0.0000002
0.0000001
-0.0000002
0.0000001
-0.0000000
0.0000001
0.0000000
-0.0000006
0.0000000
0.0000001
-0.0000011
0.0000000
0.0000000
0.0000001
-0.0000001
-0.0000000
0.0000000
0.0000001
0.0000002
0.0000000
0.0000000
0.0000000
0.0000000
-0.0000000
-0.0000001
-0.0000004
-0.0000000
0.0000000
0.0000000
0.0000000
0.0000000
0.0000001
-0.0000000
-0.0000000
0.0000000
0.0000000
0.0000000
0.0000000
0.0000000
0.0000000
0.0000000
0.0000000
-0.0000000
0.0000000
-0.0000001
0.0000000
0.0000000
-0.0000003
0.0000000
-0.0000003
0.0000000
-0.0000001
-0.0000003
0.0000000
-0.0000001
-0.0000001
0.0000000
0.0000001
0.0000000
0.0000000
-0.0000000
-0.0000001
0.0000000
0.0000000
-0.0000002
-0.0000000
-0.0000001
-0.0000001
0.0000000
-0.0000000
-0.0000002
0.0000000
0.0000000
0.0000000
0.0000000
-0.0000000
-0.0000000
-0.0000002
0.0000000
-0.0000003
-0.0000000
-0.0000002
0.0000000
0.0000000
-0.0000000
0.0000000
0.0000000
0.0000000
0.0000000
-0.0000031
0.0000000
0.0000000
-0.0000001
-0.0000002
-0.0000000
0.0000000
0.0000000
0.0000000
0.0000000
0.0000000
0.0000000
0.0000000
0.0000000
-0.0000000
0.0000000
-0.0000000
0.0000000
-0.0000001
-0.0000000
-0.0000000
-0.0000003
-0.0000000
0.0000000
-0.0000000
0.0000000
-0.0000000
0.0000000
0.0000000
0.0000000
0.0000000
0.0000000
0.0000000
-0.0000001
-0.0000003
0.0000000
0.0000000
-0.0000002
0.0000000
-0.0000000
-0.0000000
0.0000000
0.0000000
0.0000000
0.0000000
0.0000000
-0.0000000
0.0000000
-0.0000001
0.0000000
-0.0000000
-0.0000000
-0.0000000
-0.0000000
0.0000000
0.0000000
-0.0000000
-0.0000000
0.0000000
