0.4521068
138.7754587
0.0000706
0.0000145
0.0000062
0.0000039
0.0000104
0.0000023
0.0000087
0.0000025
0.0000007
0.0000017
0.0000005
0.0000004
0.0000022
0.0000004
0.0000028
0.0000002
0.0000003
0.0000001
0.0000007
0.0000002
0.0000010
0.0000001
0.0000001
0.0000001
0.0000006
0.0000016
0.0000001
0.0000005
0.0000001
0.0000001
0.0000001
0.0000002
0.0000003
0.0000001
0.0000007
0.0000001
0.0000000
0.0000000
0.0000000
0.0000003
0.0000000
0.0000031
0.0000001
0.0000003
0.0000002
0.0000000
0.0000000
0.0000001
0.0000000
0.0000000
0.0000001
0.0000001
0.0000006
0.0000001
0.0000008
0.0000000
0.0000006
0.0000002
0.0000000
0.0000018
0.0000001
0.0000001
0.0000038
0.0000001
0.0000000
0.0000000
0.0000003
0.0000003
0.0000002
0.0000001
0.0000001
0.0000000
0.0000000
0.0000000
0.0000000
0.0000002
0.0000003
0.0000014
0.0000002
0.0000001
0.0000002
0.0000001
0.0000000
0.0000001
0.0000004
0.0000002
0.0000000
0.0000000
0.0000001
0.0000000
0.0000002
0.0000002
0.0000001
0.0000000
0.0000001
0.0000000
0.0000004
0.0000000
0.0000000
0.0000008
0.0000000
0.0000009
0.0000000
0.0000016
0.0000009
0.0000001
0.0000005
0.0000004
0.0000001
0.0000000
0.0000000
0.0000000
0.0000001
0.0000004
0.0000000
0.0000001
0.0000005
0.0000001
0.0000005
0.0000004
0.0000001
0.0000003
0.0000005
0.0000000
0.0000001
0.0000001
0.0000000
0.0000002
0.0000002
0.0000005
0.0000000
0.0000012
0.0000001
0.0000008
0.0000000
0.0000000
0.0000007
0.0000000
0.0000000
0.0000000
0.0000000
0.0000085
0.0000000
0.0000000
0.0000005
0.0000007
0.0000002
0.0000001
0.0000000
0.0000000
0.0000000
0.0000000
0.0000000
0.0000001
0.0000000
0.0000000
0.0000000
0.0000001
0.0000000
0.0000003
0.0000001
0.0000002
0.0000008
0.0000001
0.0000000
0.0000002
0.0000000
0.0000001
0.0000002
0.0000000
0.0000000
0.0000000
0.0000000
0.0000000
0.0000004
0.0000009
0.0000001
0.0000000
0.0000008
0.0000000
0.0000001
0.0000002
0.0000001
0.0000000
0.0000000
0.0000000
0.0000000
0.0000001
0.0000002
0.0000002
0.0000000
0.0000001
0.0000001
0.0000000
0.0000001
0.0000000
0.0000000
0.0000000
0.0000001
0.0000000
