272.9811639
1900.8935146
0.0004595
0.0000860
0.0000394
0.0000204
0.0000265
0.0000097
0.0000158
0.0000068
0.0000032
0.0000043
0.0000020
0.0000018
0.0000039
0.0000013
0.0000045
0.0000010
0.0000009
0.0000007
0.0000015
0.0000006
0.0000018
0.0000005
0.0000005
0.0000005
0.0000012
0.0000024
0.0000003
0.0000009
0.0000003
0.0000003
0.0000003
0.0000004
0.0000006
0.0000003
0.0000012
0.0000002
0.0000001
0.0000002
0.0000002
0.0000005
0.0000001
0.0000043
0.0000002
0.0000005
0.0000004
0.0000002
0.0000001
0.0000001
0.0000001
0.0000001
0.0000002
0.0000002
0.0000009
0.0000002
0.0000012
0.0000001
0.0000011
0.0000004
0.0000001
0.0000026
0.0000003
0.0000002
0.0000055
0.0000002
0.0000001
0.0000001
0.0000005
0.0000004
0.0000004
0.0000002
0.0000004
0.0000001
0.0000001
0.0000001
0.0000001
0.0000003
0.0000005
0.0000020
0.0000003
0.0000001
0.0000003
0.0000002
0.0000001
0.0000002
0.0000006
0.0000003
0.0000001
0.0000001
0.0000002
0.0000001
0.0000003
0.0000003
0.0000002
0.0000001
0.0000002
0.0000000
0.0000006
0.0000001
0.0000001
0.0000012
0.0000000
0.0000012
0.0000001
0.0000027
0.0000013
0.0000001
0.0000007
0.0000007
0.0000001
0.0000001
0.0000000
0.0000001
0.0000001
0.0000007
0.0000001
0.0000002
0.0000008
0.0000001
0.0000008
0.0000006
0.0000002
0.0000004
0.0000007
0.0000000
0.0000003
0.0000002
0.0000001
0.0000004
0.0000003
0.0000008
0.0000001
0.0000018
0.0000002
0.0000012
0.0000001
0.0000001
0.0000013
0.0000000
0.0000000
0.0000000
0.0000000
0.0000117
0.0000000
0.0000000
0.0000008
0.0000010
0.0000003
0.0000002
0.0000001
0.0000001
0.0000001
0.0000001
0.0000000
0.0000002
0.0000000
0.0000001
0.0000000
0.0000001
0.0000001
0.0000004
0.0000001
0.0000003
0.0000011
0.0000001
0.0000000
0.0000003
0.0000000
0.0000002
0.0000003
0.0000000
0.0000001
0.0000001
0.0000000
0.0000001
0.0000006
0.0000012
0.0000001
0.0000000
0.0000012
0.0000001
0.0000001
0.0000002
0.0000002
0.0000001
0.0000001
0.0000001
0.0000000
0.0000001
0.0000003
0.0000003
0.0000000
0.0000002
0.0000001
0.0000000
0.0000002
0.0000000
0.0000001
0.0000001
0.0000001
0.0000000
