272.5862212
484.0765865
0.0068206
0.0041961
0.0038181
0.0037265
0.0038378
0.0036135
0.0037954
0.0037771
0.0038633
0.0036346
0.0035633
0.0034826
0.0033781
0.0032692
0.0031682
0.0031530
0.0029971
0.0029849
0.0030045
0.0029406
0.0028829
0.0028381
0.0027743
0.0027360
0.0027913
0.0026070
0.0025214
0.0025403
0.0025077
0.0024790
0.0024213
0.0024479
0.0023525
0.0023428
0.0023356
0.0023286
0.0023057
0.0022760
0.0022105
0.0022030
0.0021735
0.0022014
0.0022142
0.0020821
0.0020494
0.0020808
0.0020557
0.0020899
0.0021445
0.0020663
0.0019762
0.0019775
0.0019471
0.0019228
0.0019192
0.0019405
0.0020025
0.0019555
0.0018843
0.0019926
0.0019468
0.0019774
0.0018691
0.0019157
0.0018666
0.0018875
0.0018750
0.0018253
0.0018474
0.0018159
0.0018518
0.0018099
0.0018490
0.0017765
0.0017742
0.0017663
0.0017692
0.0018122
0.0017900
0.0017252
0.0016927
0.0018119
0.0017477
0.0017198
0.0017020
0.0017380
0.0016642
0.0018246
0.0017171
0.0017044
0.0018212
0.0018392
0.0017408
0.0017152
0.0016845
0.0018618
0.0017334
0.0017562
0.0017047
0.0017883
0.0018501
0.0017256
0.0016853
0.0017594
0.0017346
0.0016744
0.0016332
0.0015930
0.0015768
0.0016263
0.0016478
0.0016662
0.0015865
0.0015524
0.0015422
0.0015880
0.0016711
0.0016289
0.0016498
0.0015981
0.0015345
0.0015645
0.0015491
0.0015405
0.0015279
0.0014844
0.0015124
0.0015708
0.0016220
0.0015455
0.0015250
0.0014452
0.0015017
0.0015440
0.0015387
0.0015542
0.0016398
0.0016702
0.0016037
0.0015889
0.0016397
0.0017277
0.0016317
0.0016239
0.0015535
0.0014886
0.0014350
0.0015813
0.0015357
0.0015426
0.0017294
0.0015925
0.0018280
0.0017457
0.0016398
0.0015576
0.0014861
0.0014309
0.0015074
0.0015126
0.0015630
0.0015348
0.0015358
0.0015238
0.0015214
0.0017897
0.0016478
0.0015756
0.0014731
0.0014782
0.0014703
0.0016265
0.0016448
0.0017127
0.0015971
0.0017802
0.0018290
0.0016779
0.0015359
0.0014868
0.0014571
0.0014768
0.0014560
0.0014964
0.0014032
0.0013921
0.0014448
0.0015139
0.0014368
0.0015235
0.0015035
0.0014986
0.0014566
0.0015305
0.0016316
0.0015935
0.0016546
0.0016568
0.0015660
0.0015323
