272.1898312
447.0578732
0.0052627
0.0039309
0.0035078
0.0034489
0.0036434
0.0035223
0.0036010
0.0036799
0.0037492
0.0034823
0.0034394
0.0033330
0.0033184
0.0032053
0.0031240
0.0030734
0.0029648
0.0028796
0.0029762
0.0028646
0.0028277
0.0027621
0.0026961
0.0026258
0.0025957
0.0025582
0.0024623
0.0024740
0.0024636
0.0023738
0.0023707
0.0023349
0.0022538
0.0022568
0.0022253
0.0022721
0.0022143
0.0021815
0.0021574
0.0021277
0.0020896
0.0021262
0.0021509
0.0019935
0.0020076
0.0020176
0.0019904
0.0019808
0.0020302
0.0020229
0.0019528
0.0018944
0.0018592
0.0018777
0.0018264
0.0018295
0.0018441
0.0018542
0.0017855
0.0018839
0.0018467
0.0018904
0.0017706
0.0017903
0.0017676
0.0017698
0.0017404
0.0016743
0.0017600
0.0016712
0.0016940
0.0017196
0.0016530
0.0016241
0.0016945
0.0016887
0.0016841
0.0017587
0.0017499
0.0016735
0.0016344
0.0016540
0.0016307
0.0016501
0.0016357
0.0016516
0.0016130
0.0016932
0.0016376
0.0016719
0.0016985
0.0016480
0.0016412
0.0016504
0.0015774
0.0016707
0.0015982
0.0015975
0.0015462
0.0016833
0.0017052
0.0016176
0.0016192
0.0016011
0.0015549
0.0016078
0.0015626
0.0014943
0.0014863
0.0014992
0.0015238
0.0015178
0.0015128
0.0015162
0.0014606
0.0015086
0.0015557
0.0015651
0.0015468
0.0014828
0.0014383
0.0014873
0.0015010
0.0014669
0.0014259
0.0014354
0.0014893
0.0014617
0.0015150
0.0014475
0.0014240
0.0013422
0.0013865
0.0013581
0.0013553
0.0014137
0.0014739
0.0014996
0.0014456
0.0014598
0.0014851
0.0014270
0.0014723
0.0015035
0.0014818
0.0013902
0.0013621
0.0014393
0.0013940
0.0013722
0.0014192
0.0014111
0.0014400
0.0014066
0.0013926
0.0013855
0.0014185
0.0013186
0.0013716
0.0013549
0.0013608
0.0013664
0.0013443
0.0013662
0.0013776
0.0014325
0.0014617
0.0014312
0.0012998
0.0013177
0.0013388
0.0014779
0.0014964
0.0013429
0.0013708
0.0014992
0.0015835
0.0015113
0.0014275
0.0013566
0.0013736
0.0013597
0.0013504
0.0013673
0.0013184
0.0013150
0.0012708
0.0012638
0.0012642
0.0013140
0.0013465
0.0013517
0.0012959
0.0013088
0.0013410
0.0013667
0.0013410
0.0013801
0.0013946
0.0013012
