272.9826112
521.0952998
0.0083784
0.0044613
0.0041283
0.0040042
0.0040322
0.0037048
0.0039897
0.0038743
0.0039774
0.0037868
0.0036872
0.0036322
0.0034378
0.0033331
0.0032124
0.0032327
0.0030295
0.0030901
0.0030328
0.0030166
0.0029382
0.0029140
0.0028525
0.0028462
0.0029868
0.0026558
0.0025806
0.0026067
0.0025517
0.0025841
0.0024719
0.0025609
0.0024511
0.0024288
0.0024460
0.0023852
0.0023972
0.0023705
0.0022637
0.0022783
0.0022573
0.0022765
0.0022775
0.0021707
0.0020911
0.0021441
0.0021210
0.0021990
0.0022589
0.0021096
0.0019996
0.0020607
0.0020349
0.0019680
0.0020119
0.0020516
0.0021610
0.0020568
0.0019831
0.0021012
0.0020470
0.0020645
0.0019677
0.0020412
0.0019656
0.0020051
0.0020097
0.0019763
0.0019348
0.0019605
0.0020097
0.0019002
0.0020449
0.0019289
0.0018538
0.0018439
0.0018544
0.0018656
0.0018301
0.0017768
0.0017509
0.0019699
0.0018646
0.0017895
0.0017682
0.0018245
0.0017154
0.0019560
0.0017966
0.0017369
0.0019440
0.0020303
0.0018403
0.0017799
0.0017917
0.0020529
0.0018686
0.0019149
0.0018632
0.0018933
0.0019950
0.0018336
0.0017514
0.0019176
0.0019142
0.0017409
0.0017038
0.0016917
0.0016673
0.0017534
0.0017718
0.0018146
0.0016602
0.0015885
0.0016238
0.0016675
0.0017865
0.0016926
0.0017529
0.0017134
0.0016307
0.0016418
0.0015972
0.0016141
0.0016300
0.0015334
0.0015354
0.0016800
0.0017291
0.0016434
0.0016261
0.0015483
0.0016170
0.0017299
0.0017220
0.0016947
0.0018058
0.0018408
0.0017618
0.0017180
0.0017943
0.0020283
0.0017910
0.0017442
0.0016253
0.0015870
0.0015080
0.0017234
0.0016773
0.0017129
0.0020395
0.0017739
0.0022160
0.0020848
0.0018870
0.0017296
0.0015538
0.0015433
0.0016432
0.0016703
0.0017651
0.0017031
0.0017272
0.0016814
0.0016653
0.0021470
0.0018339
0.0017201
0.0016463
0.0016386
0.0016018
0.0017751
0.0017931
0.0020824
0.0018235
0.0020612
0.0020744
0.0018445
0.0016443
0.0016170
0.0015407
0.0015939
0.0015615
0.0016256
0.0014879
0.0014691
0.0016187
0.0017640
0.0016094
0.0017331
0.0016605
0.0016455
0.0016173
0.0017521
0.0019223
0.0018204
0.0019683
0.0019335
0.0017374
0.0017633
