45.5972000
71.9120000
75.3954000
82.7550000
82.9237000
83.0686000
83.2584000
83.3911000
83.5185000
83.6145000
83.6968000
83.7488000
83.7911000
83.8313000
83.8666000
83.8936000
83.9234000
83.9353000
83.9513000
83.9610000
83.9709000
83.9865000
84.0006000
83.9970000
84.0032000
84.0077000
84.0209000
84.0313000
84.0374000
84.0391000
84.0441000
84.0399000
84.0490000
84.0582000
84.0631000
84.0618000
84.0587000
84.0678000
84.0816000
84.0807000
84.0860000
84.0852000
84.0850000
84.0945000
84.0985000
84.0963000
84.1013000
84.0987000
84.1017000
84.1066000
84.1081000
84.1078000
84.1140000
84.1169000
84.1183000
84.1149000
84.1185000
84.1185000
84.1217000
84.1195000
84.1246000
84.1243000
84.1961000
84.1993000
84.2356000
84.2364000
84.2361000
84.2732000
84.2770000
84.2763000
84.2813000
84.2833000
84.2879000
84.2907000
84.2899000
84.2911000
84.3320000
84.3343000
84.3344000
84.3761000
84.3767000
84.3781000
84.3801000
84.3851000
84.4278000
84.4306000
84.4274000
84.4340000
84.4383000
84.4404000
84.4420000
84.4841000
84.4850000
84.4888000
84.4909000
84.4950000
84.4977000
84.5004000
84.5022000
84.5095000
84.5471000
84.5476000
