32.3058383
71.9120000
74.1877709
82.6637541
82.9026301
83.0475791
83.2398944
83.3738844
83.5059614
83.6042207
83.6871589
83.7413840
83.7813611
83.8196350
83.8543216
83.8867417
83.9174796
83.9251380
83.9441679
83.9553465
83.9606499
83.9704657
83.9886385
83.9829617
83.9907674
83.9969788
84.0092997
84.0246184
84.0315252
84.0329240
84.0340582
84.0268798
84.0407168
84.0512604
84.0547731
84.0527339
84.0487442
84.0551894
84.0710116
84.0704739
84.0766247
84.0718007
84.0724744
84.0856203
84.0895600
84.0873008
84.0916778
84.0861008
84.0900251
84.0942716
84.0937760
84.0962018
84.1006720
84.1054564
84.1082101
84.1015132
84.1023868
84.1026682
84.1051893
84.1038513
84.1092864
84.1077870
84.0964289
84.1008783
84.1218770
84.1227446
84.1205273
84.1473806
84.1526977
84.1557356
84.1584382
84.1635287
84.1656653
84.1667099
84.1653530
84.1652889
84.2001571
84.1988219
84.1990872
84.2454327
84.2482223
84.2500199
84.2497064
84.2522434
84.3071277
84.3097307
84.3043063
84.3118660
84.3146953
84.3153897
84.3174880
84.3758617
84.3772403
84.3801676
84.3814514
84.3842102
84.3859147
84.3902504
84.3894764
84.3960249
84.4559411
84.4563738
