21.4443757
0.0000000
1.9483971
0.1472168
0.0339943
0.0339152
0.0298570
0.0277757
0.0202299
0.0165846
0.0155551
0.0119649
0.0157127
0.0188205
0.0198101
0.0110653
0.0095520
0.0163954
0.0115070
0.0091214
0.0165375
0.0258699
0.0192987
0.0226495
0.0200589
0.0172977
0.0187160
0.0107801
0.0094784
0.0099644
0.0162015
0.0210069
0.0133641
0.0111964
0.0134347
0.0146274
0.0160627
0.0203460
0.0170833
0.0164988
0.0151261
0.0216185
0.0202089
0.0143265
0.0144239
0.0145193
0.0155245
0.0203276
0.0188364
0.0198907
0.0231104
0.0187126
0.0215035
0.0184632
0.0162791
0.0215984
0.0259971
0.0255431
0.0266385
0.0252478
0.0247071
0.0266423
0.1608101
0.1587942
0.1834814
0.1833724
0.1864658
0.2029979
0.2005502
0.1945194
0.1982262
0.1932398
0.1972143
0.2000465
0.2009450
0.2029845
0.2127162
0.2185814
0.2183145
0.2108196
0.2072868
0.2066453
0.2103780
0.2143518
0.1946935
0.1950114
0.1986002
0.1970518
0.1994247
0.2016924
0.2008885
0.1746324
0.1738603
0.1752683
0.1765851
0.1787490
0.1803552
0.1777162
0.1818691
0.1830815
0.1470765
0.1471851
