58.8885617
71.9120000
76.6030291
82.8462459
82.9447699
83.0896209
83.2769056
83.4083156
83.5310386
83.6247793
83.7064411
83.7562160
83.8008389
83.8429650
83.8788784
83.9004583
83.9293204
83.9454620
83.9584321
83.9666535
83.9811501
84.0025343
84.0125615
84.0110383
84.0156326
84.0184212
84.0325003
84.0379816
84.0432748
84.0452760
84.0541418
84.0529202
84.0572832
84.0651396
84.0714269
84.0708661
84.0686558
84.0804106
84.0921884
84.0909261
84.0953753
84.0985993
84.0975256
84.1033797
84.1074400
84.1052992
84.1109222
84.1112992
84.1133749
84.1189284
84.1224240
84.1193982
84.1273280
84.1283436
84.1283899
84.1282868
84.1346132
84.1343318
84.1382107
84.1351487
84.1399136
84.1408130
84.2957711
84.2977217
84.3493230
84.3500554
84.3516727
84.3990194
84.4013023
84.3968644
84.4041618
84.4030713
84.4101347
84.4146901
84.4144470
84.4169111
84.4638429
84.4697781
84.4697128
84.5067673
84.5051777
84.5061801
84.5104936
84.5179566
84.5484723
84.5514693
84.5504937
84.5561340
84.5619047
84.5654103
84.5665120
84.5923383
84.5927597
84.5974324
84.6003486
84.6057898
84.6094853
84.6105496
84.6149236
84.6229751
84.6382589
84.6388262
