2.3084873
6.7934556
0.3007193
0.2273445
0.1901266
0.1676539
0.1532294
0.1440263
0.1372120
0.1326561
0.1289195
0.1259285
0.1232217
0.1210776
0.1189767
0.1173226
0.1159963
0.1147892
0.1135039
0.1124576
0.1109732
0.1103882
0.1093801
0.1084124
0.1075725
0.1067471
0.1060743
0.1056084
0.1048697
0.1039602
0.1033354
0.1027926
0.1023363
0.1017624
0.1012796
0.1008580
0.1003740
0.0996706
0.0990248
0.0986238
0.0984694
0.0979590
0.0973505
0.0971021
0.0967678
0.0963637
0.0959580
0.0954360
0.0951441
0.0951497
0.0947724
0.0945945
0.0942937
0.0944780
0.0945717
0.0942603
0.0940224
0.0931976
0.0924673
0.0917957
0.0915349
0.0912376
0.0910281
0.0907552
0.0904561
0.0903587
0.0901826
0.0898180
0.0896048
0.0893466
0.0893222
0.0890395
0.0887113
0.0885625
0.0883938
0.0880788
0.0881027
0.0880679
0.0877203
0.0873910
0.0868312
0.0862622
0.0860903
0.0859876
0.0857218
0.0857036
0.0857717
0.0859443
0.0862618
0.0861349
0.0857634
0.0855132
0.0854663
0.0851982
0.0846969
0.0846290
0.0845904
0.0846474
0.0844559
0.0842736
0.0840872
0.0836000
0.0836122
0.0835164
0.0834060
0.0833382
0.0833226
0.0829134
0.0824688
0.0821235
0.0818411
0.0816002
0.0813448
0.0815352
0.0813707
0.0813841
0.0813080
0.0812560
0.0814918
0.0817352
0.0816456
0.0812418
0.0808514
0.0806634
0.0804447
0.0806078
0.0805157
0.0804813
0.0804153
0.0803199
0.0801506
0.0799405
0.0800669
0.0800855
0.0801073
0.0799060
0.0796704
0.0795785
0.0792776
0.0790335
0.0792370
0.0793361
0.0792864
0.0792271
0.0790336
0.0791322
0.0793203
0.0792101
0.0799960
0.0802434
0.0801907
0.0796747
0.0791362
0.0787766
0.0786427
0.0784568
0.0781659
0.0778683
0.0779859
0.0781657
0.0788182
0.0790192
0.0789261
0.0786076
0.0781477
0.0776363
0.0772354
0.0771953
0.0772481
0.0771547
0.0772184
0.0773102
0.0772384
0.0771308
0.0772272
0.0776868
0.0778409
0.0782043
0.0781874
0.0779740
0.0777249
0.0773284
0.0778710
0.0779343
0.0775034
0.0771608
0.0770060
0.0767960
0.0768879
0.0766864
0.0765910
0.0764281
0.0761786
0.0760781
0.0761860
0.0760635
0.0761167
0.0760952
0.0768946
0.0769734
0.0768155
0.0770262
