2.3070877
6.0983625
0.2597803
0.2018167
0.1711333
0.1538108
0.1421573
0.1351397
0.1297285
0.1261005
0.1232998
0.1211634
0.1191665
0.1172866
0.1153883
0.1138717
0.1121193
0.1108514
0.1094892
0.1081241
0.1066250
0.1059522
0.1050406
0.1040278
0.1029593
0.1021042
0.1012445
0.1007060
0.1000876
0.0991818
0.0986920
0.0979857
0.0974274
0.0966249
0.0961745
0.0957926
0.0951666
0.0945249
0.0940309
0.0936649
0.0935227
0.0929152
0.0923984
0.0922405
0.0919484
0.0915377
0.0909447
0.0903677
0.0901354
0.0901965
0.0897138
0.0891424
0.0891089
0.0892074
0.0891319
0.0887911
0.0887061
0.0881918
0.0874982
0.0870143
0.0868522
0.0865743
0.0864102
0.0860272
0.0855378
0.0857108
0.0857285
0.0852499
0.0850718
0.0848804
0.0847920
0.0845116
0.0839997
0.0840577
0.0839317
0.0836217
0.0840790
0.0844935
0.0841093
0.0836957
0.0829210
0.0821937
0.0820645
0.0819616
0.0816947
0.0815583
0.0815862
0.0818753
0.0827523
0.0828239
0.0821875
0.0818827
0.0819015
0.0817172
0.0812228
0.0809377
0.0808696
0.0806828
0.0804595
0.0804036
0.0805151
0.0802648
0.0802589
0.0800728
0.0799097
0.0796546
0.0792186
0.0787113
0.0785460
0.0784740
0.0783209
0.0781466
0.0779767
0.0779962
0.0780115
0.0779929
0.0780286
0.0780803
0.0782708
0.0784794
0.0784703
0.0781244
0.0778647
0.0779316
0.0777397
0.0782267
0.0781288
0.0779347
0.0778277
0.0776668
0.0773999
0.0771949
0.0774672
0.0773499
0.0771731
0.0770516
0.0769196
0.0767280
0.0764739
0.0763194
0.0764103
0.0764213
0.0764203
0.0764545
0.0761885
0.0762971
0.0763053
0.0762358
0.0771441
0.0775244
0.0776705
0.0772106
0.0765622
0.0761570
0.0760016
0.0759000
0.0755324
0.0752568
0.0753791
0.0753248
0.0754366
0.0754623
0.0757639
0.0756113
0.0751572
0.0745860
0.0742121
0.0741300
0.0740694
0.0738634
0.0742234
0.0742559
0.0742518
0.0741917
0.0741263
0.0748905
0.0752453
0.0756164
0.0754146
0.0751713
0.0749624
0.0747324
0.0750951
0.0752274
0.0748265
0.0744422
0.0743237
0.0741323
0.0739116
0.0735205
0.0732598
0.0730621
0.0729631
0.0728077
0.0725849
0.0723118
0.0727152
0.0730117
0.0741471
0.0742102
0.0741103
0.0743370
