0.0015968
0.7929977
0.0467053
0.0291234
0.0216685
0.0157929
0.0126317
0.0101382
0.0085376
0.0074790
0.0064112
0.0054363
0.0046263
0.0043250
0.0040938
0.0039370
0.0044230
0.0044925
0.0045802
0.0049439
0.0049607
0.0050608
0.0049508
0.0050022
0.0052630
0.0052969
0.0055101
0.0055929
0.0054556
0.0054514
0.0052974
0.0054840
0.0056004
0.0058611
0.0058242
0.0057789
0.0059409
0.0058704
0.0056973
0.0056574
0.0056435
0.0057542
0.0056496
0.0055464
0.0054982
0.0055057
0.0057195
0.0057822
0.0057141
0.0056509
0.0057711
0.0062201
0.0059151
0.0060130
0.0062061
0.0062395
0.0060650
0.0057109
0.0056690
0.0054548
0.0053423
0.0053202
0.0052683
0.0053940
0.0056110
0.0053025
0.0050814
0.0052116
0.0051715
0.0050952
0.0051683
0.0051656
0.0053752
0.0051393
0.0050905
0.0050850
0.0045904
0.0040779
0.0041196
0.0042158
0.0044610
0.0046416
0.0045928
0.0045931
0.0045943
0.0047291
0.0047751
0.0046421
0.0040038
0.0037774
0.0040796
0.0041419
0.0040669
0.0039712
0.0039635
0.0042112
0.0042449
0.0045230
0.0045592
0.0044151
0.0040753
0.0038049
0.0038255
0.0039287
0.0039888
0.0042025
0.0046820
0.0047940
0.0044753
0.0041635
0.0040160
0.0039400
0.0038426
0.0040375
0.0038323
0.0038689
0.0037413
0.0036230
0.0036747
0.0037144
0.0036226
0.0035565
0.0034073
0.0031167
0.0030860
0.0027165
0.0027232
0.0029052
0.0029521
0.0030267
0.0031382
0.0031324
0.0029658
0.0031209
0.0033474
0.0032564
0.0031382
0.0032520
0.0031986
0.0030964
0.0032248
0.0033253
0.0032698
0.0031631
0.0032459
0.0032345
0.0034396
0.0033933
0.0032536
0.0031019
0.0028752
0.0028111
0.0029366
0.0029886
0.0030132
0.0029170
0.0030043
0.0029794
0.0029740
0.0032411
0.0038580
0.0040578
0.0036076
0.0034184
0.0034117
0.0034799
0.0034492
0.0034970
0.0036264
0.0037549
0.0034169
0.0034845
0.0034073
0.0033531
0.0035377
0.0031902
0.0029613
0.0029524
0.0031634
0.0031974
0.0031515
0.0029616
0.0031669
0.0030882
0.0030539
0.0031016
0.0030601
0.0030389
0.0033955
0.0036118
0.0038004
0.0038401
0.0036684
0.0037310
0.0041083
0.0042801
0.0038807
0.0035179
0.0031345
0.0031523
0.0030863
0.0030679
