2.3098869
7.4885487
0.3416583
0.2528723
0.2091199
0.1814970
0.1643016
0.1529128
0.1446956
0.1392117
0.1345392
0.1306936
0.1272768
0.1248686
0.1225651
0.1207735
0.1198732
0.1187271
0.1175187
0.1167912
0.1153214
0.1148242
0.1137197
0.1127970
0.1121858
0.1113900
0.1109042
0.1105108
0.1096518
0.1087386
0.1079787
0.1075996
0.1072453
0.1068998
0.1063848
0.1059234
0.1055815
0.1048162
0.1040187
0.1035828
0.1034162
0.1030028
0.1023026
0.1019638
0.1015871
0.1011897
0.1009714
0.1005043
0.1001527
0.1001029
0.0998311
0.1000467
0.0994785
0.0997487
0.1000116
0.0997294
0.0993386
0.0982035
0.0974364
0.0965770
0.0962177
0.0959010
0.0956460
0.0954833
0.0953744
0.0950065
0.0946366
0.0943861
0.0941379
0.0938128
0.0938523
0.0935673
0.0934228
0.0930673
0.0928558
0.0925360
0.0921263
0.0916423
0.0913314
0.0910863
0.0907414
0.0903308
0.0901160
0.0900136
0.0897489
0.0898488
0.0899573
0.0900132
0.0897712
0.0894459
0.0893393
0.0891437
0.0890311
0.0886791
0.0881711
0.0883203
0.0883113
0.0886119
0.0884522
0.0881436
0.0876594
0.0869351
0.0869654
0.0869600
0.0869023
0.0870219
0.0874266
0.0871155
0.0863916
0.0857730
0.0853613
0.0850537
0.0847130
0.0850742
0.0847299
0.0847753
0.0845874
0.0844317
0.0847129
0.0849910
0.0848209
0.0843592
0.0838380
0.0833953
0.0831497
0.0829889
0.0829027
0.0830278
0.0830030
0.0829729
0.0829014
0.0826862
0.0826665
0.0828210
0.0830414
0.0827604
0.0824211
0.0824289
0.0820813
0.0817477
0.0820637
0.0822508
0.0821526
0.0819997
0.0818788
0.0819674
0.0823352
0.0821844
0.0828479
0.0829623
0.0827109
0.0821387
0.0817103
0.0813962
0.0812839
0.0810136
0.0807993
0.0804799
0.0805928
0.0810067
0.0821999
0.0825760
0.0820883
0.0816040
0.0811382
0.0806866
0.0802588
0.0802606
0.0804268
0.0804460
0.0802135
0.0803645
0.0802251
0.0800700
0.0803282
0.0804831
0.0804366
0.0807921
0.0809602
0.0807767
0.0804873
0.0799243
0.0806469
0.0806412
0.0801802
0.0798795
0.0796883
0.0794597
0.0798642
0.0798523
0.0799222
0.0797941
0.0793941
0.0793484
0.0797871
0.0798152
0.0795183
0.0791788
0.0796422
0.0797365
0.0795208
0.0797154
