44.0275720
38.6857869
71.9120000
71.9120000
71.9120000
71.9120000
71.9120000
71.9120000
71.9120000
71.9120000
71.9120000
71.9120000
71.9120000
71.9120000
71.9120000
71.9120000
71.9120000
71.9120000
71.9120000
71.9120000
71.9120000
71.9120000
71.9120000
71.9120000
71.9120000
71.9120000
71.9120000
71.9120000
71.9120000
71.9120000
71.9120000
71.9120000
71.9120000
71.9120000
71.9117422
71.8667588
71.8511195
72.0485288
72.8317255
74.2044612
75.6367900
76.8664999
77.8910962
78.7295498
79.4239538
80.0028464
80.4230139
80.7821296
81.1008112
81.3615854
81.5637132
81.7265088
81.8729098
81.9970930
82.1102552
82.2120105
82.3100311
82.3966108
82.4770276
82.5364727
82.5926599
82.6457955
82.6842378
82.7145919
82.7380117
82.7574735
82.7648555
82.7842135
82.8037436
82.8295860
82.8518129
82.8609954
82.8735432
82.8811553
82.9019491
82.9087682
82.9163209
82.9276670
82.9358169
82.9487337
82.9591655
82.9721476
82.9887416
82.9998055
83.0203487
83.0391179
83.0497695
83.0644923
83.0785959
83.0935586
83.1077746
83.1252212
83.1401919
83.1558442
83.1696245
83.1799841
83.1558740
82.2349666
80.6596173
81.2705365
82.5703567
83.1415934
