50.4102280
48.4046131
71.9120000
71.9120000
71.9120000
71.9120000
71.9120000
71.9120000
71.9120000
71.9120000
71.9120000
71.9120000
71.9120000
71.9120000
71.9120000
71.9120000
71.9120000
71.9120000
71.9120000
71.9120000
71.9120000
71.9120000
71.9120000
71.9120000
71.9120000
71.9120000
71.9120000
71.9120000
71.9120000
71.9120000
71.9120000
71.9120000
71.9120000
71.9120000
71.9128578
72.0644412
72.5780805
73.4802712
74.7080745
76.0401388
77.2158100
78.2111001
79.0295038
79.6716502
80.2034462
80.6249536
80.9655861
81.2612704
81.4923888
81.6898146
81.8364868
81.9694912
82.1018902
82.2119070
82.3119448
82.4103895
82.4915689
82.5627892
82.6219724
82.6639273
82.6993401
82.7308045
82.7537622
82.7844081
82.8021883
82.8267265
82.8401445
82.8625865
82.8772564
82.8910140
82.9055871
82.9206046
82.9270568
82.9376447
82.9502509
82.9570318
82.9680791
82.9815330
82.9915831
83.0056663
83.0234345
83.0424524
83.0612584
83.0757945
83.0850513
83.0988821
83.1132305
83.1281077
83.1460041
83.1556414
83.1774254
83.1993788
83.2168081
83.2319558
83.2419755
83.2566159
83.2587260
83.3842334
83.4917827
83.4830635
83.5140433
83.3212066
