156.8528555
4.4785054
0.0050816
0.0016729
0.0009567
0.0007376
0.0006977
0.0004979
0.0004525
0.0004350
0.0003429
0.0003189
0.0004165
0.0003118
0.0002912
0.0002658
0.0002543
0.0002978
0.0002574
0.0002668
0.0002315
0.0002534
0.0002444
0.0002260
0.0002598
0.0002576
0.0002447
0.0002234
0.0002474
0.0002106
0.0002208
0.0002618
0.0002886
0.0002089
0.0002198
0.0001933
0.0001842
0.0001976
0.0002102
0.0002059
0.0001905
0.0001754
0.0001782
0.0001906
0.0001814
0.0001939
0.0001669
0.0001715
0.0001893
0.0001745
0.0001490
0.0001790
0.0002198
0.0002051
0.0001551
0.0001458
0.0001685
0.0001788
0.0001584
0.0001686
0.0001427
0.0001461
0.0001624
0.0001504
0.0001637
0.0001649
0.0001619
0.0001520
0.0001411
0.0001490
0.0001370
0.0001454
0.0001532
0.0001694
0.0001528
0.0001744
0.0001654
0.0001553
0.0001556
0.0001486
0.0001678
0.0002138
0.0002023
0.0001897
0.0001715
0.0001322
0.0001283
0.0001516
0.0001388
0.0001566
0.0001216
0.0001474
0.0001442
0.0001432
0.0001375
0.0001538
0.0001379
0.0001483
0.0001356
0.0001220
0.0001403
0.0001438
