0.9143254
0.1138040
0.0001464
0.0001624
0.0001442
0.0001949
0.0001473
0.0000622
0.0000771
0.0001213
0.0000374
0.0000277
0.0001087
0.0000728
0.0000618
0.0000535
0.0000325
0.0000861
0.0000729
0.0000594
0.0000241
0.0000739
0.0000776
0.0000604
0.0001344
0.0000624
0.0000704
0.0000517
0.0000826
0.0000284
0.0001049
0.0000939
0.0000987
0.0000397
0.0000647
0.0000496
0.0000413
0.0000658
0.0000606
0.0001044
0.0000596
0.0000337
0.0000229
0.0000523
0.0000655
0.0000584
0.0000247
0.0000253
0.0000514
0.0000392
0.0000155
0.0000334
0.0001324
0.0001112
0.0000321
0.0000160
0.0000528
0.0000820
0.0000286
0.0000522
0.0000222
0.0000312
0.0000393
0.0000284
0.0000311
0.0000304
0.0000594
0.0000344
0.0000216
0.0000518
0.0000239
0.0000246
0.0000261
0.0000416
0.0000382
0.0000318
0.0000719
0.0000348
0.0000428
0.0000347
0.0000916
0.0002333
0.0001286
0.0000950
0.0000755
0.0000169
0.0000210
0.0000608
0.0000375
0.0000706
0.0000192
0.0000373
0.0000606
0.0000754
0.0000243
0.0000612
0.0000539
0.0000623
0.0000291
0.0000236
0.0000429
0.0000462
