2.3024263
2.3024267
1.6032906
0.8353856
0.5397192
0.4254948
0.3640888
0.3252057
0.2972228
0.2761132
0.2593470
0.2458149
0.2344419
0.2250047
0.2167441
0.2094676
0.2033078
0.1979292
0.1932306
0.1889711
0.1850651
0.1816496
0.1784972
0.1755337
0.1727990
0.1703464
0.1680949
0.1659700
0.1639451
0.1621134
0.1602920
0.1587511
0.1570050
0.1555648
0.1541599
0.1527369
0.1514674
0.1501330
0.1489827
0.1478950
0.1468746
0.1458340
0.1448792
0.1438811
0.1430362
0.1421458
0.1412752
0.1404139
0.1396107
0.1388108
0.1381457
0.1374205
0.1367491
0.1360780
0.1354248
0.1347690
0.1341252
0.1335453
0.1329470
0.1323860
0.1318518
0.1313446
0.1307704
0.1302713
0.1297522
0.1293172
0.1288399
0.1283715
0.1279449
0.1275320
0.1270347
0.1266270
0.1262767
0.1258047
0.1254273
0.1250241
0.1246348
0.1242642
0.1239460
0.1235643
0.1231967
0.1228597
0.1224980
0.1221854
0.1218807
0.1215430
0.1212359
0.1209696
0.1206475
0.1203725
0.1200604
0.1197847
0.1194765
0.1192173
0.1189604
0.1186825
0.1184802
0.1182052
0.1179148
0.1176186
0.1174176
0.1171617
0.1169006
0.1166971
0.1164694
0.1162249
0.1160285
0.1158293
0.1155696
0.1153632
0.1151403
0.1149267
0.1146993
0.1145241
0.1143144
0.1141433
0.1139360
0.1137454
0.1135638
0.1134045
0.1132398
0.1129954
0.1128626
0.1126831
0.1125055
0.1123290
0.1121586
0.1119750
0.1118296
0.1117047
0.1115154
0.1113886
0.1112019
0.1110399
0.1109055
0.1107420
0.1105871
0.1104617
0.1103470
0.1102068
0.1100536
0.1099107
0.1097970
0.1096305
0.1094906
0.1093647
0.1092049
0.1090910
0.1089248
0.1087883
0.1086905
0.1085838
0.1084351
0.1083108
0.1081993
0.1080992
0.1079873
0.1078397
0.1077225
0.1076274
0.1075079
0.1074018
0.1072827
0.1071875
0.1070513
0.1069610
0.1068496
0.1067378
0.1066125
0.1065235
0.1064148
0.1062941
0.1061987
0.1061006
0.1060002
0.1059178
0.1058139
0.1057028
0.1056081
0.1055205
0.1054112
0.1053377
0.1052183
0.1051450
0.1050419
0.1049809
0.1048707
0.1048187
0.1047105
0.1046084
0.1045263
0.1044410
0.1043594
0.1042723
0.1041613
0.1041074
0.1040182
0.1039375
0.1038822
0.1037878
0.1037051
0.1036271
