2.3020925
2.3020960
1.2086272
0.5639760
0.4264408
0.3608498
0.3189222
0.2904375
0.2686242
0.2524462
0.2393593
0.2288566
0.2200739
0.2125308
0.2059524
0.2000477
0.1948836
0.1902980
0.1863450
0.1825216
0.1789682
0.1758977
0.1731463
0.1704071
0.1678087
0.1655408
0.1633578
0.1613605
0.1594139
0.1577755
0.1558887
0.1545462
0.1527762
0.1513135
0.1499611
0.1485745
0.1473323
0.1460770
0.1449477
0.1438797
0.1428677
0.1418452
0.1409804
0.1399842
0.1392007
0.1382870
0.1374583
0.1366200
0.1358340
0.1350152
0.1343978
0.1337047
0.1330683
0.1324626
0.1317860
0.1311483
0.1305442
0.1299543
0.1294117
0.1288777
0.1283698
0.1279131
0.1273228
0.1268927
0.1263857
0.1260041
0.1255543
0.1250742
0.1246772
0.1242730
0.1237859
0.1234042
0.1231023
0.1226445
0.1223124
0.1218868
0.1215513
0.1212073
0.1209419
0.1205336
0.1201861
0.1198321
0.1195040
0.1192049
0.1188829
0.1185794
0.1183132
0.1180762
0.1177637
0.1175134
0.1172199
0.1169599
0.1166794
0.1164394
0.1161780
0.1159154
0.1157341
0.1154437
0.1151803
0.1148990
0.1147171
0.1144724
0.1142012
0.1139898
0.1137920
0.1135529
0.1133621
0.1131866
0.1129140
0.1127293
0.1125525
0.1123290
0.1121086
0.1119566
0.1117509
0.1115647
0.1113682
0.1112093
0.1110348
0.1109131
0.1107278
0.1105214
0.1103837
0.1102340
0.1100451
0.1098766
0.1097426
0.1095582
0.1094269
0.1092814
0.1091223
0.1090413
0.1088454
0.1086691
0.1085523
0.1083882
0.1082401
0.1081009
0.1080169
0.1078594
0.1076988
0.1075714
0.1074723
0.1073098
0.1071435
0.1070563
0.1068874
0.1067662
0.1066069
0.1064767
0.1063755
0.1062845
0.1061451
0.1060315
0.1059201
0.1058434
0.1057409
0.1055923
0.1054768
0.1053904
0.1052540
0.1051660
0.1050864
0.1050000
0.1048504
0.1047672
0.1046643
0.1045633
0.1044566
0.1043641
0.1042476
0.1041431
0.1040532
0.1039658
0.1038627
0.1037812
0.1036792
0.1036012
0.1035041
0.1034098
0.1033162
0.1032532
0.1031112
0.1030476
0.1029519
0.1029033
0.1027901
0.1027627
0.1026387
0.1025333
0.1024498
0.1023919
0.1023245
0.1022020
0.1021251
0.1020680
0.1019859
0.1019064
0.1018628
0.1017656
0.1016761
0.1015887
