0.0003809
0.0003773
0.4502521
0.3096379
0.1292338
0.0737503
0.0515284
0.0396654
0.0326268
0.0270006
0.0228030
0.0193470
0.0163917
0.0142309
0.0123117
0.0107467
0.0096107
0.0087061
0.0078555
0.0073580
0.0069556
0.0065621
0.0061046
0.0058487
0.0056932
0.0054824
0.0054043
0.0052587
0.0051693
0.0049490
0.0050235
0.0047972
0.0048244
0.0048501
0.0047902
0.0047486
0.0047175
0.0046273
0.0046033
0.0045808
0.0045712
0.0045506
0.0044479
0.0044458
0.0043757
0.0044024
0.0043545
0.0043282
0.0043086
0.0043302
0.0042758
0.0042391
0.0041993
0.0041247
0.0041513
0.0041306
0.0040854
0.0040968
0.0040333
0.0040024
0.0039724
0.0039148
0.0039332
0.0038545
0.0038407
0.0037798
0.0037483
0.0037617
0.0037280
0.0037180
0.0037065
0.0036767
0.0036216
0.0036053
0.0035537
0.0035792
0.0035178
0.0034875
0.0034272
0.0034575
0.0034346
0.0034540
0.0034157
0.0034004
0.0034201
0.0033811
0.0033344
0.0033009
0.0032900
0.0032618
0.0032406
0.0032226
0.0031910
0.0031692
0.0031743
0.0031569
0.0031328
0.0031505
0.0031197
0.0031026
0.0030809
0.0030681
0.0030796
0.0030887
0.0030545
0.0030483
0.0030420
0.0030149
0.0030296
0.0030049
0.0029523
0.0029636
0.0029556
0.0029292
0.0029246
0.0029418
0.0029295
0.0028932
0.0028853
0.0028423
0.0028659
0.0028224
0.0028281
0.0027941
0.0028070
0.0027978
0.0027563
0.0027572
0.0027411
0.0027647
0.0027301
0.0026779
0.0026884
0.0027048
0.0026846
0.0026853
0.0026776
0.0026933
0.0026583
0.0026780
0.0026865
0.0026688
0.0026522
0.0026476
0.0026777
0.0026336
0.0026440
0.0026522
0.0026444
0.0026372
0.0026412
0.0026232
0.0026125
0.0026003
0.0026003
0.0025736
0.0025628
0.0025639
0.0025620
0.0025520
0.0025713
0.0025507
0.0025056
0.0024955
0.0025110
0.0025028
0.0024931
0.0024808
0.0024596
0.0024636
0.0024724
0.0024540
0.0024478
0.0024355
0.0024386
0.0024375
0.0024354
0.0023977
0.0024004
0.0024080
0.0023901
0.0023781
0.0024039
0.0023928
0.0023844
0.0023702
0.0023736
0.0023455
0.0023635
0.0023673
0.0023690
0.0023377
0.0023215
0.0023619
0.0023230
0.0023266
0.0023185
0.0023171
0.0023038
0.0023071
0.0023147
0.0023255
