2.3027602
2.3027574
1.9979540
1.1067952
0.6529976
0.4901397
0.4092555
0.3599739
0.3258215
0.2997803
0.2793347
0.2627733
0.2488099
0.2374786
0.2275358
0.2188874
0.2117320
0.2055605
0.2001162
0.1954207
0.1911619
0.1874016
0.1838482
0.1806603
0.1777893
0.1751520
0.1728320
0.1705795
0.1684762
0.1664514
0.1646953
0.1629561
0.1612338
0.1598162
0.1583586
0.1568992
0.1556024
0.1541890
0.1530177
0.1519103
0.1508814
0.1498227
0.1487779
0.1477780
0.1468716
0.1460047
0.1450921
0.1442077
0.1433873
0.1426064
0.1418937
0.1411363
0.1404300
0.1396935
0.1390636
0.1383897
0.1377062
0.1371363
0.1364824
0.1358943
0.1353338
0.1347761
0.1342180
0.1336499
0.1331188
0.1326303
0.1321254
0.1316688
0.1312127
0.1307910
0.1302836
0.1298498
0.1294512
0.1289650
0.1285422
0.1281614
0.1277183
0.1273212
0.1269500
0.1265949
0.1262072
0.1258873
0.1254920
0.1251659
0.1248785
0.1245067
0.1241586
0.1238630
0.1235314
0.1232316
0.1229010
0.1226095
0.1222735
0.1219952
0.1217428
0.1214497
0.1212262
0.1209667
0.1206493
0.1203381
0.1201181
0.1198510
0.1196000
0.1194045
0.1191468
0.1188969
0.1186949
0.1184719
0.1182252
0.1179971
0.1177281
0.1175244
0.1172900
0.1170917
0.1168779
0.1167218
0.1165038
0.1162814
0.1160929
0.1158959
0.1157519
0.1154694
0.1153416
0.1151322
0.1149659
0.1147814
0.1145746
0.1143918
0.1142322
0.1141281
0.1139084
0.1137360
0.1135584
0.1134108
0.1132587
0.1130958
0.1129341
0.1128225
0.1126771
0.1125542
0.1124084
0.1122500
0.1121217
0.1119512
0.1118376
0.1116732
0.1115224
0.1114158
0.1112428
0.1110999
0.1110056
0.1108832
0.1107250
0.1105900
0.1104786
0.1103550
0.1102337
0.1100870
0.1099682
0.1098643
0.1097618
0.1096376
0.1094790
0.1093749
0.1092523
0.1091548
0.1090349
0.1089123
0.1087685
0.1086830
0.1085819
0.1084452
0.1083443
0.1082354
0.1081377
0.1080544
0.1079486
0.1078045
0.1077121
0.1076312
0.1075063
0.1074222
0.1073254
0.1072423
0.1071320
0.1070585
0.1069512
0.1068746
0.1067822
0.1066834
0.1066028
0.1064900
0.1063943
0.1063425
0.1061975
0.1061467
0.1060504
0.1059685
0.1059016
0.1058100
0.1057340
0.1056654
