155.5162904
45.9022531
0.0390063
0.0051997
0.0011768
0.0080838
0.0181125
0.0282624
0.0375739
0.0459598
0.0536717
0.0611229
0.0686878
0.0765794
0.0846111
0.0918653
0.0963759
0.0953357
0.0866777
0.0714432
0.0542720
0.0400556
0.0306651
0.0252521
0.0222556
0.0205039
0.0193602
0.0184888
0.0177498
0.0170800
0.0164455
0.0158295
0.0152215
0.0146186
0.0140250
0.0134320
0.0128420
0.0122603
0.0116874
0.0111291
0.0105876
0.0100666
0.0095703
0.0090981
0.0086508
0.0082272
0.0078285
0.0074559
0.0071076
0.0067828
0.0064835
0.0062054
0.0059470
0.0057078
0.0054863
0.0052817
0.0050919
0.0049163
0.0047550
0.0046049
0.0044651
0.0043347
0.0042139
0.0040997
0.0039934
0.0038928
0.0037993
0.0037123
0.0036298
0.0035515
0.0034767
0.0034059
0.0033396
0.0032740
0.0032150
0.0031560
0.0031003
0.0030479
0.0029961
0.0029476
0.0028995
0.0028532
0.0028103
0.0027678
0.0027263
0.0026873
0.0026473
0.0026091
0.0025739
0.0025364
0.0025023
0.0024681
0.0024357
0.0024034
0.0023725
0.0023420
0.0023125
0.0022836
0.0022557
0.0022285
0.0022017
0.0021755
