0.4383248
0.2043268
0.0027724
0.0005023
0.0002372
0.0008565
0.0014429
0.0019256
0.0023226
0.0027027
0.0031351
0.0036854
0.0044161
0.0052929
0.0061392
0.0065950
0.0062601
0.0054619
0.0061451
0.0078728
0.0079329
0.0061598
0.0040310
0.0025084
0.0016701
0.0012663
0.0010743
0.0009737
0.0009194
0.0008897
0.0008763
0.0008770
0.0008860
0.0009037
0.0009256
0.0009475
0.0009671
0.0009845
0.0009966
0.0010043
0.0010073
0.0010042
0.0009965
0.0009853
0.0009690
0.0009508
0.0009294
0.0009068
0.0008838
0.0008593
0.0008350
0.0008104
0.0007866
0.0007638
0.0007424
0.0007215
0.0007019
0.0006835
0.0006668
0.0006508
0.0006358
0.0006226
0.0006105
0.0005987
0.0005871
0.0005777
0.0005684
0.0005603
0.0005532
0.0005453
0.0005392
0.0005335
0.0005281
0.0005225
0.0005172
0.0005132
0.0005091
0.0005058
0.0005012
0.0004992
0.0004957
0.0004925
0.0004907
0.0004878
0.0004853
0.0004839
0.0004812
0.0004796
0.0004779
0.0004759
0.0004744
0.0004734
0.0004716
0.0004700
0.0004689
0.0004687
0.0004667
0.0004655
0.0004647
0.0004641
0.0004627
0.0004615
