0.6959552
0.5762101
0.5237372
0.4781671
0.4335580
0.4040671
0.3866412
0.3760839
0.3690152
0.3638783
0.3599522
0.3567834
0.3541937
0.3519484
0.3500264
0.3483529
0.3468785
0.3455955
0.3444660
0.3434029
0.3424876
0.3416162
0.3408566
0.3401152
0.3394742
0.3388761
0.3383205
0.3378225
0.3373405
0.3368799
0.3364634
0.3360891
0.3357013
0.3353666
0.3350478
0.3347495
0.3344839
0.3342112
0.3339667
0.3337527
0.3335321
0.3332811
0.3330878
0.3328970
0.3327044
0.3325386
0.3323859
0.3322074
0.3320552
0.3319114
0.3317633
0.3316488
0.3314910
0.3313587
0.3312485
0.3311428
0.3310291
0.3309196
0.3308391
0.3306941
0.3305962
0.3305005
0.3304207
0.3303235
0.3302541
0.3301623
0.3300673
0.3299855
0.3299302
0.3298413
0.3297601
0.3296944
0.3296318
0.3295570
0.3294929
0.3294478
0.3293744
0.3293275
0.3292467
0.3291971
0.3291323
0.3291060
0.3290307
0.3289755
0.3289300
0.3288700
0.3288398
0.3287742
0.3287270
0.3286833
0.3286422
0.3286056
0.3285643
0.3285275
0.3284870
0.3284552
0.3284141
0.3283764
0.3283345
0.3282891
0.3282600
0.3282303
