0.6890064
0.5727484
0.5214102
0.4740647
0.4299802
0.4015865
0.3850323
0.3749510
0.3681562
0.3631523
0.3593239
0.3562374
0.3537178
0.3515134
0.3496263
0.3479864
0.3465411
0.3452780
0.3441730
0.3431427
0.3422450
0.3413905
0.3406605
0.3399197
0.3392988
0.3387220
0.3381564
0.3376570
0.3371990
0.3367541
0.3363307
0.3359651
0.3355835
0.3352495
0.3349291
0.3346431
0.3343886
0.3341071
0.3338676
0.3336509
0.3334424
0.3331896
0.3329879
0.3328047
0.3326101
0.3324483
0.3322841
0.3321207
0.3319720
0.3318284
0.3316731
0.3315642
0.3314121
0.3312781
0.3311747
0.3310772
0.3309396
0.3308561
0.3307455
0.3306159
0.3305156
0.3304267
0.3303438
0.3302486
0.3301610
0.3300867
0.3299893
0.3299143
0.3298473
0.3297671
0.3296852
0.3296318
0.3295547
0.3294831
0.3294206
0.3293929
0.3293047
0.3292570
0.3291760
0.3291305
0.3290610
0.3290259
0.3289717
0.3289159
0.3288670
0.3288082
0.3287564
0.3287098
0.3286667
0.3286296
0.3285809
0.3285382
0.3285039
0.3284653
0.3284167
0.3283982
0.3283541
0.3283073
0.3282764
0.3282296
0.3282016
0.3281741
