0.0112112
0.0055851
0.0037544
0.0066188
0.0057724
0.0040022
0.0025958
0.0018278
0.0013860
0.0011714
0.0010138
0.0008810
0.0007677
0.0007020
0.0006456
0.0005912
0.0005443
0.0005122
0.0004727
0.0004199
0.0003914
0.0003641
0.0003163
0.0003154
0.0002829
0.0002486
0.0002647
0.0002671
0.0002282
0.0002030
0.0002141
0.0002001
0.0001901
0.0001889
0.0001916
0.0001718
0.0001538
0.0001679
0.0001599
0.0001644
0.0001446
0.0001476
0.0001612
0.0001489
0.0001521
0.0001458
0.0001643
0.0001399
0.0001342
0.0001339
0.0001456
0.0001365
0.0001274
0.0001299
0.0001191
0.0001059
0.0001444
0.0001024
0.0001510
0.0001261
0.0001301
0.0001190
0.0001241
0.0001209
0.0001502
0.0001220
0.0001260
0.0001149
0.0001337
0.0001198
0.0001207
0.0001010
0.0001243
0.0001191
0.0001166
0.0000886
0.0001125
0.0001137
0.0001141
0.0001074
0.0001149
0.0001292
0.0000952
0.0000963
0.0001016
0.0000997
0.0001345
0.0001039
0.0000974
0.0000866
0.0000990
0.0001088
0.0000976
0.0001004
0.0001134
0.0000919
0.0000968
0.0001115
0.0000939
0.0000959
0.0000943
0.0000907
