0.7029040
0.5796717
0.5260642
0.4822694
0.4371357
0.4065476
0.3882501
0.3772167
0.3698742
0.3646043
0.3605806
0.3573295
0.3546695
0.3523835
0.3504266
0.3487193
0.3472159
0.3459129
0.3447590
0.3436631
0.3427302
0.3418419
0.3410526
0.3403107
0.3396495
0.3390302
0.3384846
0.3379881
0.3374819
0.3370057
0.3365961
0.3362131
0.3358191
0.3354837
0.3351666
0.3348560
0.3345792
0.3343152
0.3340658
0.3338546
0.3336217
0.3333726
0.3331877
0.3329893
0.3327986
0.3326289
0.3324878
0.3322941
0.3321384
0.3319944
0.3318535
0.3317334
0.3315699
0.3314392
0.3313224
0.3312085
0.3311186
0.3309831
0.3309327
0.3307723
0.3306768
0.3305743
0.3304976
0.3303984
0.3303471
0.3302380
0.3301454
0.3300567
0.3300131
0.3299156
0.3298349
0.3297570
0.3297089
0.3296308
0.3295652
0.3295027
0.3294441
0.3293980
0.3293174
0.3292636
0.3292035
0.3291861
0.3290897
0.3290352
0.3289929
0.3289318
0.3289231
0.3288386
0.3287874
0.3287369
0.3287036
0.3286730
0.3286248
0.3285898
0.3285573
0.3285122
0.3284741
0.3284455
0.3283927
0.3283485
0.3283185
0.3282865
