0.6927270
0.5863519
0.5237269
0.4781459
0.4335395
0.4040363
0.3866288
0.3760692
0.3689948
0.3638625
0.3599351
0.3567695
0.3541788
0.3519371
0.3500174
0.3483359
0.3468723
0.3455814
0.3444477
0.3433896
0.3424783
0.3416061
0.3408415
0.3401088
0.3394652
0.3388676
0.3383143
0.3378152
0.3373307
0.3368700
0.3364549
0.3360821
0.3356897
0.3353525
0.3350428
0.3347449
0.3344777
0.3342021
0.3339595
0.3337472
0.3335175
0.3332762
0.3330801
0.3328872
0.3326948
0.3325314
0.3323833
0.3322007
0.3320480
0.3319084
0.3317615
0.3316427
0.3314845
0.3313533
0.3312434
0.3311352
0.3310214
0.3309154
0.3308336
0.3306875
0.3305935
0.3304953
0.3304165
0.3303172
0.3302471
0.3301552
0.3300626
0.3299778
0.3299232
0.3298330
0.3297559
0.3296887
0.3296256
0.3295502
0.3294864
0.3294453
0.3293691
0.3293233
0.3292428
0.3291918
0.3291291
0.3291016
0.3290268
0.3289729
0.3289235
0.3288640
0.3288374
0.3287712
0.3287215
0.3286794
0.3286375
0.3286005
0.3285601
0.3285226
0.3284806
0.3284505
0.3284120
0.3283693
0.3283287
0.3282858
0.3282511
0.3282271
