0.6864690
0.5827147
0.5213950
0.4740372
0.4299716
0.4015530
0.3850222
0.3749390
0.3681327
0.3631378
0.3593092
0.3562237
0.3536941
0.3514966
0.3496183
0.3479723
0.3465359
0.3452655
0.3441564
0.3431304
0.3422323
0.3413799
0.3406428
0.3399157
0.3392884
0.3387091
0.3381508
0.3376510
0.3371891
0.3367468
0.3363219
0.3359585
0.3355739
0.3352372
0.3349257
0.3346364
0.3343831
0.3340944
0.3338594
0.3336458
0.3334259
0.3331822
0.3329823
0.3327936
0.3326015
0.3324397
0.3322815
0.3321132
0.3319638
0.3318259
0.3316729
0.3315590
0.3314063
0.3312734
0.3311694
0.3310673
0.3309335
0.3308518
0.3307395
0.3306097
0.3305144
0.3304201
0.3303411
0.3302394
0.3301539
0.3300795
0.3299867
0.3299055
0.3298389
0.3297571
0.3296830
0.3296256
0.3295501
0.3294783
0.3294153
0.3293917
0.3292983
0.3292534
0.3291725
0.3291255
0.3290594
0.3290204
0.3289669
0.3289128
0.3288610
0.3288020
0.3287544
0.3287080
0.3286619
0.3286262
0.3285772
0.3285352
0.3284985
0.3284616
0.3284113
0.3283928
0.3283511
0.3283021
0.3282712
0.3282262
0.3281931
0.3281699
