0.0100966
0.0058683
0.0037623
0.0066290
0.0057565
0.0040065
0.0025922
0.0018234
0.0013909
0.0011692
0.0010098
0.0008806
0.0007821
0.0007107
0.0006440
0.0005866
0.0005427
0.0005097
0.0004699
0.0004181
0.0003968
0.0003649
0.0003206
0.0003116
0.0002851
0.0002557
0.0002637
0.0002649
0.0002285
0.0001988
0.0002146
0.0001995
0.0001868
0.0001861
0.0001889
0.0001751
0.0001526
0.0001737
0.0001615
0.0001635
0.0001477
0.0001517
0.0001578
0.0001510
0.0001505
0.0001479
0.0001643
0.0001411
0.0001359
0.0001331
0.0001430
0.0001351
0.0001262
0.0001289
0.0001194
0.0001096
0.0001419
0.0001027
0.0001519
0.0001255
0.0001275
0.0001212
0.0001216
0.0001254
0.0001504
0.0001221
0.0001225
0.0001165
0.0001360
0.0001225
0.0001176
0.0001019
0.0001217
0.0001159
0.0001147
0.0000864
0.0001142
0.0001128
0.0001135
0.0001069
0.0001125
0.0001309
0.0000966
0.0000970
0.0001008
0.0001000
0.0001340
0.0001019
0.0000960
0.0000857
0.0000973
0.0001054
0.0000994
0.0000984
0.0001118
0.0000931
0.0000983
0.0001084
0.0000929
0.0000960
0.0000935
0.0000923
