0.6989849
0.5899891
0.5260588
0.4822546
0.4371074
0.4065195
0.3882355
0.3771994
0.3698569
0.3645871
0.3605609
0.3573153
0.3546636
0.3523776
0.3504166
0.3486995
0.3472087
0.3458973
0.3447390
0.3436487
0.3427242
0.3418322
0.3410402
0.3403019
0.3396419
0.3390261
0.3384777
0.3379793
0.3374724
0.3369933
0.3365880
0.3362057
0.3358055
0.3354679
0.3351599
0.3348534
0.3345722
0.3343097
0.3340596
0.3338485
0.3336090
0.3333702
0.3331779
0.3329808
0.3327881
0.3326230
0.3324852
0.3322882
0.3321322
0.3319909
0.3318502
0.3317264
0.3315627
0.3314332
0.3313174
0.3312032
0.3311094
0.3309790
0.3309278
0.3307652
0.3306725
0.3305704
0.3304918
0.3303949
0.3303403
0.3302308
0.3301385
0.3300500
0.3300075
0.3299089
0.3298288
0.3297519
0.3297010
0.3296220
0.3295575
0.3294988
0.3294399
0.3293933
0.3293131
0.3292580
0.3291988
0.3291827
0.3290867
0.3290331
0.3289859
0.3289259
0.3289205
0.3288343
0.3287810
0.3287325
0.3286978
0.3286659
0.3286217
0.3285836
0.3285499
0.3285081
0.3284729
0.3284365
0.3283863
0.3283453
0.3283090
0.3282843
