0.999975009996
0.984181327469
0.945381847261
0.926854258297
0.925009996002
0.905607756897
0.893637544982
0.892787884846
0.879068372651
0.877858856457
0.875259896042
0.870571771291
0.870446821271
0.869487205118
0.864154338265
0.853693522591
0.869832067173
0.856167532987
0.859441223511
0.863589564174
0.855002998800
0.831252499000
0.852693922431
0.848900439824
0.836820271891
0.844607157137
0.838114754098
0.834821071571
0.836870251899
0.818492602959
0.815188924430
0.840428828469
0.838339664134
0.832022191124
0.813929428229
0.836315473810
0.815478808477
0.811255497801
0.818362654938
0.806652339064
0.823945421831
0.814174330268
0.799425229908
0.810510795682
0.772291083567
0.798740503798
0.805362854858
0.798825469812
0.788524590164
0.785320871651
0.764264294282
0.788479608157
0.796906237505
0.791258496601
0.791108556577
0.793222710916
0.780662734906
0.780722710916
0.774030387845
0.778393642543
0.782082167133
0.794697121152
0.763529588165
0.773230707717
0.788299680128
0.776289484206
0.756667333067
0.780167932827
0.769487205118
0.766353458617
0.758756497401
0.758511595362
0.752389044382
0.759121351459
0.760340863655
0.750979608157
0.766963214714
0.766908236705
0.770856657337
0.764799080368
0.745671731307
0.770291883247
0.738744502199
0.761785285886
0.756132546981
0.743012794882
0.766783286685
0.744402239104
0.749445221911
0.731257497001
0.748330667733
0.737165133946
0.742003198721
0.741043582567
0.755902638944
0.742617952819
0.735975609756
0.739729108357
0.738064774090
0.723995401839
0.723305677729
0.726474410236
0.732422031188
0.732222111156
0.726489404238
0.738129748101
0.724320271891
0.734291283487
0.709206317473
0.717223110756
0.715203918433
0.718467612955
0.716633346661
0.720801679328
0.709981007597
0.726029588165
0.705122950820
0.704288284686
0.722820871651
0.714334266293
0.720001999200
0.712115153938
0.719167333067
0.715013994402
0.712594962015
0.697910835666
0.700269892043
0.712559976010
0.708736505398
0.695126949220
0.700924630148
0.691028588565
0.717098160736
0.706072570972
0.695231907237
0.689559176329
0.700814674130
0.711805277889
0.706932227109
0.689119352259
0.673950419832
0.689019392243
0.674690123950
0.687270091963
0.695786685326
0.680327868852
0.677474010396
0.694397241104
0.667672930828
0.674890043982
0.690438824470
0.676384446222
0.687574970012
0.669857057177
0.676054578169
0.686165533786
0.678178728509
0.687110155938
0.672226109556
0.677469012395
0.663169732107
0.676779288285
0.669137345062
0.655767692923
0.657691923231
0.662365053978
0.654838064774
0.660145941623
0.679408236705
0.660655737705
0.677873850460
0.665153938425
0.657252099160
0.650104958017
0.661855257897
0.649115353858
0.666873250700
0.664219312275
0.645486805278
0.646331467413
0.672945821671
0.643952419032
0.663654538185
0.653993402639
0.660230907637
0.640458816473
0.650064974010
0.671076569372
0.662719912035
0.655452818872
0.660090963615
0.674255297881
0.639239304278
0.652958816473
0.657561975210
0.643987405038
0.645216913235
0.667058176729
0.647810875650
0.645701719312
0.639264294282
0.647615953619
