0.999975009996
0.998470611755
0.896141543383
0.843717512995
0.802868852459
0.772660935626
0.744857057177
0.720656737305
0.699620151939
0.681632347061
0.662569972011
0.646171531387
0.631737305078
0.619062375050
0.608421631347
0.600984606158
0.592063174730
0.583351659336
0.575799680128
0.571481407437
0.569832067173
0.568022790884
0.566148540584
0.564654138345
0.573125749700
0.568792483007
0.586970211915
0.586960215914
0.598945421831
0.608546581367
0.626604358257
0.630302878848
0.641378448621
0.661025589764
0.668977409036
0.687150139944
0.686000599760
0.702698920432
0.711040583766
0.728618552579
0.726159536186
0.729948020792
0.738404638145
0.740018992403
0.753213714514
0.749120351859
0.763839464214
0.776674330268
0.772520991603
0.784521191523
0.780167932827
0.799460215914
0.786355457817
0.790018992403
0.796436425430
0.797880847661
0.796246501399
0.805612754898
0.813234706118
0.814584166333
0.813464614154
0.812879848061
0.810265893643
0.811385445822
0.812070171931
0.825234906038
0.821826269492
0.822720911635
0.821746301479
0.826749300280
0.831152538984
0.827883846461
0.830542782887
0.825824670132
0.831617353059
0.833761495402
0.841623350660
0.840153938425
0.836525389844
0.826779288285
0.830267892843
0.826309476210
0.836840263894
0.830332866853
0.838144742103
0.823095761695
0.833481607357
0.834436225510
0.839284286285
0.826064574170
0.835580767693
0.831572371052
0.827359056377
0.829203318673
0.827803878449
0.825114954018
0.827898840464
0.821801279488
0.825429828069
0.816383446621
0.816663334666
0.818032786885
0.830942622951
0.822885845662
0.825484806078
0.811930227909
0.808846461415
0.822166133547
0.802324070372
0.811180527789
0.805807676929
0.807082167133
0.804628148741
0.814284286285
0.806817273091
0.812360055978
0.803013794482
0.810270891643
0.813604558177
0.799250299880
0.806567373051
0.802039184326
0.807022191124
0.809471211515
0.809006397441
0.802818872451
0.803173730508
0.800344862055
0.805647740904
0.798660535786
0.799205317873
0.804458216713
0.795481807277
0.801874250300
0.792398040784
0.800779688125
0.794247301080
0.792652938824
0.790548780488
0.794842063175
0.781807277089
0.777698920432
0.785775689724
0.798965413834
0.789864054378
0.791643342663
0.776619352259
0.790438824470
0.785885645742
0.778878448621
0.782671931228
0.781697321072
0.788884446222
0.773090763695
0.785990603758
0.776214514194
0.784401239504
0.782546981208
0.781557377049
0.768727508996
0.775504798081
0.771106557377
0.777419032387
0.770021991204
0.763689524190
0.763084766094
0.771761295482
0.757077169132
0.767258096761
0.769337265094
0.770036985206
0.764819072371
0.766078568573
0.758251699320
0.766283486605
0.764014394242
0.757706917233
0.755012994802
0.760330867653
0.761690323870
0.767258096761
0.757961815274
0.761605357857
0.747660935626
0.755077968812
0.745441823271
0.753948420632
0.743117752899
0.756512395042
0.753413634546
0.757691923231
0.744492203119
0.750054978009
0.745701719312
0.747171131547
0.734466213515
0.751499400240
0.736660335866
0.749860055978
0.737130147941
0.731687325070
0.736850259896
