0.999975009996
0.999840063974
0.990563774490
0.985315873651
0.981372451020
0.977983806477
0.975229908037
0.972890843663
0.970421831267
0.968342662935
0.966388444622
0.964339264294
0.962504998001
0.959746101559
0.957387045182
0.955737704918
0.954343262695
0.952818872451
0.951229508197
0.949980007997
0.948480607757
0.946881247501
0.944987005198
0.943702518992
0.942353058776
0.941188524590
0.940258896441
0.938944422231
0.937684926030
0.936565373850
0.935330867653
0.934201319472
0.933026789284
0.932232107157
0.931152538984
0.930472810876
0.929673130748
0.928628548581
0.927758896441
0.926079568173
0.925044982007
0.923955417833
0.922950819672
0.922231107557
0.921401439424
0.920481807277
0.919752099160
0.918842463015
0.918232706917
0.917557976809
0.916683326669
0.916033586565
0.914834066373
0.914274290284
0.913354658137
0.912594962015
0.911555377849
0.910755697721
0.909961015594
0.908756497401
0.907881847261
0.907037185126
0.906327469012
0.905487804878
0.904613154738
0.903958416633
0.903518592563
0.902998800480
0.902064174330
0.901159536186
0.900479808077
0.899605157937
0.898880447821
0.897920831667
0.896981207517
0.896001599360
0.895281887245
0.894602159136
0.894087365054
0.893517592963
0.892922830868
0.892358056777
0.891483406637
0.890923630548
0.890283886445
0.889804078369
0.888924430228
0.888164734106
0.887485005998
0.886805277889
0.886165533786
0.885605757697
0.884646141543
0.883761495402
0.883181727309
0.882526989204
0.881687325070
0.881287485006
0.880607756897
0.880047980808
0.879408236705
0.878928428629
0.878208716513
0.877369052379
0.876849260296
0.876489404238
0.875969612155
0.875449820072
0.874890043982
0.874170331867
0.873370651739
0.872610955618
0.872211115554
0.871571371451
0.871171531387
0.870571771291
0.870051979208
0.869452219112
0.868892443023
0.868132746901
0.867493002799
0.867013194722
0.866253498601
0.865653738505
0.865013994402
0.864494202319
0.864114354258
0.863689524190
0.862934826070
0.862455017993
0.862015193922
0.861335465814
0.860695721711
0.860095961615
0.859716113555
0.859336265494
0.858856457417
0.858336665334
0.857576969212
0.857177129148
0.856657337065
0.856017592963
0.855497800880
0.855137944822
0.854498200720
0.853938424630
0.853288684526
0.852778888445
0.852259096361
0.851579368253
0.851219512195
0.850779688125
0.850059976010
0.849780087965
0.849140343862
0.848580567773
0.847980807677
0.847461015594
0.846901239504
0.846221511395
0.845661735306
0.844942023191
0.844542183127
0.844142343063
0.843742502999
0.843182726909
0.842702918832
0.842223110756
0.841743302679
0.841383446621
0.841058576569
0.840783686525
0.840353858457
0.839864054378
0.839264294282
0.838824470212
0.838184726110
0.837824870052
0.837145141943
0.836745301879
0.835985605758
0.835545781687
0.835145941623
0.834786085566
0.834306277489
0.833906437425
0.833426629348
0.833146741303
0.832506997201
0.832067173131
0.831787285086
0.831067572971
0.830587764894
0.830107956817
0.829668132747
0.829068372651
0.828428628549
0.827908836465
0.827668932427
0.826989204318
0.826669332267
0.826389444222
