0.999975009996
0.992283086765
0.917882846861
0.953263694522
0.946566373451
0.944137345062
0.934371251499
0.932482007197
0.927324070372
0.923255697721
0.921646341463
0.911030587765
0.913989404238
0.896216513395
0.911025589764
0.896036585366
0.908661535386
0.907412035186
0.893872451020
0.892672930828
0.893447620952
0.894497201120
0.896701319472
0.888179728109
0.893287684926
0.882297081168
0.888599560176
0.882397041184
0.875849660136
0.874535185926
0.878408636545
0.859191323471
0.876904238305
0.873095761695
0.873660535786
0.867907836865
0.870906637345
0.863514594162
0.869692123151
0.866368452619
0.858931427429
0.868952419032
0.852324070372
0.855242902839
0.851329468213
0.856737305078
0.868422630948
0.842178128749
0.842028188725
0.857197121152
0.856082566973
0.845046981208
0.848280687725
0.851949220312
0.835760695722
0.848835465814
0.825884646142
0.844462215114
0.838244702119
0.833451619352
0.832207117153
0.838199720112
0.834336265494
0.832766893243
0.825099960016
0.832831867253
0.832087165134
0.829678128749
0.837524990004
0.818692522991
0.819692123151
0.820001999200
0.832621951220
0.833906437425
0.822196121551
0.831812275090
0.826759296281
0.826024590164
0.815378848461
0.808516593363
0.830937624950
0.823520591763
0.808351659336
0.808321671331
0.806937225110
0.817453018792
0.813924430228
0.814204318273
0.819277289084
0.807976809276
0.804768092763
0.807996801279
0.821971211515
0.808246701319
0.809921031587
0.799015393842
0.808376649340
0.809906037585
0.808241703319
0.803748500600
0.799395241903
0.794597161136
0.816003598561
0.784361255498
0.799540183926
0.819122351060
0.802229108357
0.791203518593
0.782811875250
0.803388644542
0.785675729708
0.796201519392
0.784031387445
0.798985405838
0.798015793683
0.785730707717
0.795341863255
0.786565373850
0.786915233906
0.789389244302
0.783001799280
0.802059176329
0.791493402639
0.791693322671
0.788484606158
0.776959216313
0.797491003599
0.805177928828
0.787554978009
0.775864654138
0.769207317073
0.776134546182
0.789289284286
0.783946421431
0.790798680528
0.767582966813
0.763694522191
0.776314474210
0.771326469412
0.777838864454
0.762684926030
0.751124550180
0.769037385046
0.760415833667
0.759366253499
0.770231907237
0.760135945622
0.755442822871
0.779333266693
0.744787085166
0.776824270292
0.754198320672
0.768587564974
0.744847061176
0.766303478609
0.761655337865
0.762824870052
0.743707516993
0.747006197521
0.744352259096
0.747271091563
0.758591563375
0.749910035986
0.761515393842
0.759906037585
0.749855057977
0.729708116753
0.750614754098
0.752059176329
0.762579968013
0.742203118752
0.737135145942
0.743627548980
0.759141343463
0.764464214314
0.753768492603
0.744162335066
0.744042383047
0.732821871251
0.751344462215
0.736355457817
0.747640943623
0.733641543383
0.727703918433
0.728658536585
0.727598960416
0.733016793283
0.758546581367
0.731277489004
0.744792083167
0.738284686126
0.736530387845
0.740293882447
0.742443022791
0.730357856857
0.753943422631
0.722146141543
0.730272890844
0.727064174330
0.734311275490
0.732511995202
0.722351059576
