272.579838935823
10.986425375739
0.000000268118
0.000000196167
0.000000090023
0.000000137635
0.000000037102
0.000000057330
0.000000052685
0.000000047423
0.000000046594
0.000000045914
0.000000037386
0.000000027767
0.000000022576
0.000000023710
0.000000019978
0.000000022235
0.000000014130
0.000000020579
0.000000010618
0.000000013982
0.000000022052
0.000000014381
0.000000023858
0.000000016420
0.000000025277
0.000000027304
0.000000021260
0.000000019855
0.000000028777
0.000000022296
0.000000020828
0.000000022156
0.000000047477
0.000000050609
0.000000052439
0.000000039268
0.000000062102
0.000000064556
0.000000062560
0.000000062816
0.000000040549
0.000000051526
0.000000053549
0.000000060969
0.000000107956
0.000000071996
0.000000072684
0.000000086700
0.000000116804
0.000000102710
0.000000067791
0.000000096671
0.000000088481
0.000000094914
0.000000076159
0.000000130501
0.000000102580
0.000000117474
0.000000108949
0.000000114801
0.000000112452
0.000000109078
0.000000075006
0.000000126756
0.000000078492
0.000000117751
0.000000110934
0.000000115896
0.000000124431
0.000000082775
0.000000108854
0.000000086108
0.000000096387
0.000000136429
0.000000124807
0.000000120211
0.000000102329
0.000000115493
0.000000119383
0.000000082990
0.000000108197
0.000000093736
0.000000112902
0.000000068262
0.000000094806
0.000000108415
0.000000124080
0.000000113220
0.000000169604
0.000000108944
0.000000108910
0.000000146683
0.000000128566
0.000000098643
0.000000102119
0.000000113175
0.000000108350
0.000000094800
0.000000092815
0.000000089222
0.000000165784
0.000000152249
0.000000073017
0.000000073638
0.000000084328
0.000000142504
0.000000077932
0.000000079735
0.000000060590
0.000000092033
0.000000078981
0.000000118385
0.000000080130
0.000000090951
0.000000085116
0.000000101220
0.000000078453
0.000000093974
0.000000077126
0.000000088630
0.000000078522
0.000000107559
0.000000078359
0.000000095316
0.000000080444
0.000000077098
0.000000094632
0.000000096186
0.000000076736
0.000000118400
0.000000084119
0.000000076347
0.000000082012
0.000000075171
0.000000064945
0.000000062811
0.000000066880
0.000000079778
0.000000072424
0.000000076129
0.000000079001
0.000000106324
0.000000089252
0.000000080264
0.000000090685
0.000000085463
0.000000103585
0.000000075006
0.000000060269
0.000000081859
0.000000065967
0.000000079131
0.000000081671
0.000000061396
0.000000072025
0.000000072033
0.000000102268
0.000000068640
0.000000080165
0.000000081910
0.000000072557
0.000000075613
0.000000067848
0.000000063304
0.000000075093
0.000000065944
0.000000059972
0.000000075192
0.000000067691
0.000000078598
0.000000079357
0.000000066734
0.000000066145
0.000000069194
0.000000068671
0.000000058605
0.000000083153
0.000000064485
0.000000078182
0.000000072231
0.000000078317
0.000000053934
0.000000079792
0.000000065749
0.000000083069
0.000000052314
0.000000084419
0.000000062989
0.000000073530
0.000000052019
0.000000085630
0.000000071495
0.000000069529
0.000000051820
0.000000062864
0.000000060408
0.000000064047
0.000000064371
0.000000043746
0.000000068059
