272.579838935823
11.029049039236
0.000000002249
0.000000001626
0.000000001878
0.000000000516
0.000000000534
0.000000000581
0.000000000643
0.000000000537
0.000000000726
0.000000000474
0.000000000338
0.000000000301
0.000000000222
0.000000000300
0.000000000247
0.000000000286
0.000000000193
0.000000000151
0.000000000297
0.000000000244
0.000000000162
0.000000000146
0.000000000144
0.000000000106
0.000000000077
0.000000000192
0.000000000208
0.000000000211
0.000000000129
0.000000000113
0.000000000097
0.000000000131
0.000000000080
0.000000000113
0.000000000087
0.000000000098
0.000000000103
0.000000000104
0.000000000120
0.000000000096
0.000000000089
0.000000000094
0.000000000084
0.000000000081
0.000000000076
0.000000000087
0.000000000065
0.000000000082
0.000000000046
0.000000000051
0.000000000087
0.000000000040
0.000000000062
0.000000000046
0.000000000073
0.000000000076
0.000000000055
0.000000000047
0.000000000059
0.000000000057
0.000000000049
0.000000000051
0.000000000070
0.000000000041
0.000000000027
0.000000000046
0.000000000042
0.000000000054
0.000000000037
0.000000000050
0.000000000056
0.000000000060
0.000000000059
0.000000000046
0.000000000044
0.000000000033
0.000000000062
0.000000000017
0.000000000027
0.000000000052
0.000000000047
0.000000000043
0.000000000047
0.000000000054
0.000000000047
0.000000000046
0.000000000051
0.000000000050
0.000000000033
0.000000000034
0.000000000036
0.000000000043
0.000000000037
0.000000000041
0.000000000035
0.000000000022
0.000000000021
0.000000000043
0.000000000036
0.000000000041
0.000000000015
0.000000000022
0.000000000042
0.000000000027
0.000000000043
0.000000000025
0.000000000028
0.000000000050
0.000000000046
0.000000000022
0.000000000033
0.000000000043
0.000000000024
0.000000000033
0.000000000018
0.000000000026
0.000000000033
0.000000000044
0.000000000059
0.000000000035
0.000000000040
0.000000000029
0.000000000020
0.000000000037
0.000000000026
0.000000000036
0.000000000028
0.000000000032
0.000000000017
0.000000000027
0.000000000016
0.000000000025
0.000000000031
0.000000000033
0.000000000030
0.000000000025
0.000000000021
0.000000000020
0.000000000023
0.000000000017
0.000000000026
0.000000000032
0.000000000028
0.000000000019
0.000000000030
0.000000000026
0.000000000029
0.000000000019
0.000000000025
0.000000000027
0.000000000025
0.000000000023
0.000000000034
0.000000000027
0.000000000026
0.000000000024
0.000000000019
0.000000000023
0.000000000029
0.000000000029
0.000000000033
0.000000000035
0.000000000021
0.000000000015
0.000000000016
0.000000000025
0.000000000022
0.000000000021
0.000000000025
0.000000000014
0.000000000027
0.000000000022
0.000000000021
0.000000000029
0.000000000025
0.000000000029
0.000000000027
0.000000000016
0.000000000016
0.000000000014
0.000000000021
0.000000000024
0.000000000022
0.000000000015
0.000000000019
0.000000000023
0.000000000017
0.000000000017
0.000000000015
0.000000000014
0.000000000022
0.000000000014
0.000000000019
0.000000000023
0.000000000018
0.000000000017
0.000000000014
0.000000000017
0.000000000016
0.000000000016
