272.579838935823
10.798825485581
0.000142304682
0.000168871642
0.000088659693
0.000074723665
0.000059884901
0.000046779467
0.000052863899
0.000037673850
0.000029352530
0.000034590556
0.000027453454
0.000022644267
0.000029277828
0.000021866654
0.000023654887
0.000021028025
0.000014094129
0.000017709970
0.000016240215
0.000016579288
0.000016199507
0.000013948337
0.000015144739
0.000011639726
0.000011677918
0.000011432406
0.000007246996
0.000009990904
0.000012487999
0.000006309839
0.000009719294
0.000008827935
0.000010671295
0.000008869895
0.000011064055
0.000007344166
0.000007648731
0.000009698328
0.000008218671
0.000007242909
0.000006158557
0.000005570737
0.000006604690
0.000006332097
0.000007656576
0.000004839627
0.000004786603
0.000006303843
0.000005087716
0.000008443052
0.000005986242
0.000006016428
0.000004000392
0.000008392532
0.000004583650
0.000005329965
0.000004302721
0.000003928972
0.000003481336
0.000005127697
0.000005157320
0.000004716478
0.000005465877
0.000003855165
0.000003739067
0.000003532788
0.000004947400
0.000004253730
0.000004220698
0.000004520889
0.000003845860
0.000003551873
0.000003726773
0.000003705972
0.000003728739
0.000003884110
0.000003275590
0.000003731495
0.000003404120
0.000003735154
0.000003070661
0.000002674830
0.000004022071
0.000002938523
0.000003222732
0.000003738356
0.000002928579
0.000002947369
0.000002539667
0.000002831057
0.000003034918
0.000002798795
0.000003011875
0.000002872993
0.000002629626
0.000002778270
0.000002738780
0.000002205354
0.000002118451
0.000002242759
0.000003094906
0.000002841877
0.000002114296
0.000003217279
0.000002278244
0.000001971529
0.000002273650
0.000004172323
0.000001932877
0.000002229426
0.000002101368
0.000002674204
0.000002204599
0.000002757930
0.000002407114
0.000002143240
0.000002423088
0.000001723170
0.000002212171
0.000002858750
0.000001908304
0.000002270857
0.000002773531
0.000002031147
0.000002259900
0.000002046044
0.000002670009
0.000002032801
0.000001788501
0.000002174946
0.000002176602
0.000002249631
0.000001663365
0.000002380731
0.000002067304
0.000002101453
0.000001464708
0.000002265777
0.000001445509
0.000001744080
0.000001355606
0.000002151906
0.000001831461
0.000001804698
0.000001498791
0.000001985391
0.000002428236
0.000001412511
0.000002294928
0.000001686477
0.000001867686
0.000001285648
0.000001920388
0.000001905816
0.000001644734
0.000001401469
0.000001355672
0.000001675263
0.000001417009
0.000001515297
0.000002144637
0.000001307005
0.000001453233
0.000001737477
0.000001456337
0.000001524732
0.000001499938
0.000001729853
0.000001321303
0.000001335252
0.000001218464
0.000001925312
0.000001671410
0.000001612264
0.000001667996
0.000001379870
0.000001353913
0.000001525839
0.000001306373
0.000001869761
0.000001363184
0.000001543551
0.000001256192
0.000001181561
0.000001547096
0.000001590204
0.000001203784
0.000001573559
0.000001467994
0.000001517399
0.000001403039
0.000001788606
0.000001305688
0.000001514356
0.000001280412
0.000001209076
0.000000942985
0.000001398617
0.000001374253
0.000001284225
