272.579838935823
10.568633187279
0.000921198095
0.000704874496
0.000405293727
0.000259933857
0.000194563247
0.000174230430
0.000178068341
0.000128022789
0.000100798380
0.000085111533
0.000085957947
0.000096934470
0.000065772007
0.000061027527
0.000065646269
0.000073676118
0.000090152003
0.000089454099
0.000044584722
0.000046390137
0.000059536914
0.000053529955
0.000039575422
0.000046805616
0.000040230078
0.000045059318
0.000038661886
0.000038040277
0.000035591551
0.000057838070
0.000034370645
0.000039645864
0.000028935022
0.000035680140
0.000028655471
0.000033739976
0.000033845124
0.000027210263
0.000029286701
0.000030993491
0.000024855277
0.000024654670
0.000015901902
0.000027843753
0.000031328385
0.000021844226
0.000021445050
0.000016930344
0.000016039961
0.000021052487
0.000020351163
0.000018510142
0.000019271272
0.000017854282
0.000015919408
0.000015875318
0.000018207418
0.000017641508
0.000018281509
0.000022680424
0.000011333304
0.000017118605
0.000016365353
0.000017254811
0.000015001753
0.000013728219
0.000013941156
0.000016750225
0.000012247453
0.000014706331
0.000014518923
0.000016118984
0.000013938849
0.000014009416
0.000014170856
0.000015373648
0.000017284608
0.000011954505
0.000009257647
0.000016701818
0.000008980410
0.000012970468
0.000012406937
0.000009433690
0.000020940510
0.000011484594
0.000011417391
0.000013315219
0.000010631649
0.000011645833
0.000010966545
0.000012618199
0.000011814341
0.000011163780
0.000012531574
0.000011654457
0.000011428188
0.000007436201
0.000010203732
0.000010372905
0.000010809093
0.000009105080
0.000008911075
0.000011407902
0.000013035147
0.000009479865
0.000008997747
0.000010274545
0.000008442680
0.000010583248
0.000007257483
0.000009780328
0.000009354657
0.000010023649
0.000006757447
0.000008273088
0.000010359424
0.000012837145
0.000008287830
0.000009892941
0.000008874213
0.000008821830
0.000008681510
0.000009191276
0.000006427233
0.000008641271
0.000007975965
0.000010379070
0.000007514022
0.000007020651
0.000010637519
0.000008733826
0.000007563007
0.000009154250
0.000006785096
0.000008706584
0.000006933613
0.000007772214
0.000006205288
0.000006099988
0.000006782430
0.000006945792
0.000007861078
0.000005772622
0.000006065160
0.000008920225
0.000007203662
0.000006056992
0.000009521955
0.000006576938
0.000007445510
0.000005840876
0.000008313056
0.000007619227
0.000005531134
0.000007001206
0.000004951743
0.000006732930
0.000005671778
0.000007078459
0.000005795725
0.000005016398
0.000005647798
0.000005373556
0.000004307437
0.000005658488
0.000007736274
0.000006343325
0.000006210923
0.000006907070
0.000005243263
0.000005048116
0.000006712395
0.000005423148
0.000007281670
0.000008323285
0.000005466610
0.000005079451
0.000007464764
0.000003630651
0.000010976045
0.000006293012
0.000006125683
0.000004245041
0.000007004701
0.000007125058
0.000005910583
0.000005493688
0.000006942198
0.000008514946
0.000005823804
0.000005800952
0.000007079106
0.000005470332
0.000005791411
0.000007686201
0.000005042032
0.000006217669
0.000004698851
0.000004695669
