4.818169275918
4.797476896905
3.863891019145
3.494599412952
3.235869896751
3.034011623822
2.868313182435
2.727786447047
2.606657013552
2.500801037317
2.407168750292
2.323645224175
2.249161573202
2.182336412645
2.122484481781
2.068948902047
2.020925539017
1.978140635827
1.940608292127
1.907753851387
1.879836955128
1.856810557214
1.838471773978
1.825109721506
1.817500709713
1.815143390616
1.819149137340
1.830033031739
1.849125456620
1.877014970086
1.915767025722
1.966187393773
2.030848052908
2.109588096187
2.205394160058
2.317940826316
2.447324799560
2.593031267959
2.751931146039
2.917047864256
3.083047165694
3.249674471360
3.413989329600
3.573602742603
3.732620180721
3.890194889151
4.048365752884
4.208334313535
4.371833599438
4.536938794675
4.710183725672
4.888768992282
5.074842410790
5.265861904203
5.461797818946
5.664454346691
5.871438570083
6.085171792924
6.304237785826
6.525776572150
6.750498785603
6.977497374648
7.207061647134
7.437215336857
7.671471254894
7.906296148686
8.144055185317
8.382326845940
8.621957342556
8.861256512418
9.100887773069
9.340108241549
9.578141230497
9.815467011648
10.051861138060
10.287608123635
10.521246170666
10.752683505661
10.983164675481
11.211139039251
11.436378231113
11.659217178085
11.879861537709
12.099025472285
12.315291210700
12.527653594973
12.736613721726
12.943393055826
13.147421089857
13.349411196921
13.547400172534
13.742936248146
13.936437033398
14.128763027591
14.316616682242
14.503358665451
14.687610703554
14.869124282048
15.049758205682
15.226681578203
15.401803416065
15.575785295808
15.746354900917
15.914800203508
16.082102753048
16.246214786494
16.407902046452
16.567874372283
16.726404356042
16.882880652183
17.038148078697
17.189095766536
17.341096047267
17.490079206027
17.638181181321
17.783222543376
17.927031790280
18.069594006911
18.208631222111
18.348508496174
18.485746083194
18.622127599639
18.756145785695
18.888963004767
19.018891584405
19.148943629066
19.277384514495
19.405084255352
19.530893122742
19.655328263155
19.778405573111
19.900273231691
20.022586163417
20.141727429933
20.259087197056
20.375997024034
20.492103654275
20.607350038010
20.721228385087
20.834377679778
20.945764382967
21.056352975154
21.166077656585
21.274068884989
21.382660406608
21.488545722700
21.595634859989
21.700671854282
21.803404734571
21.906695129076
22.008306412015
22.110490537316
22.210012587955
22.309109592472
22.408896109183
22.506566441723
22.604517138236
22.699521751709
22.794418671179
22.889640099662
22.982585469574
23.075577552267
23.169730815406
23.262963345843
23.355189466661
23.446247429327
23.536254190480
23.627736650858
23.716592169958
23.804631415521
23.891088479810
23.978494628622
24.063994109672
24.149095850521
24.233789393499
24.317874092118
24.402520267270
24.485431822160
24.567428085475
24.648475295874
24.730079097146
24.812065972310
24.892573140496
24.972234599385
25.051860555177
25.130207823612
25.207640307031
25.286322884904
25.362675749299
25.438433632137
25.514878964596
25.590948639629
25.666285396792
25.740840925238
25.815321204551
25.889251095306
25.962458224393
26.035170893173
26.107617069826
26.179413760104
26.250614059649
26.321289101235
