4.818169275918
4.733624623229
5.797171314842
14.064745800958
19.246248576582
22.679516611390
25.232288090042
27.273132819897
28.975765414227
30.422305364851
31.691432429674
32.845409647499
33.867646793604
34.828096991432
35.656517410072
36.439083165100
37.169956536499
37.855458570638
38.497662448265
39.106167330910
39.691269997933
40.239489853113
40.745881478491
41.250001495640
41.723563938849
42.179692198185
42.617563196391
43.032856954450
43.439551039225
43.831294744232
44.211899657158
44.577807954354
44.938591482756
45.277159612123
45.617565934269
45.945840687204
46.265532237009
46.575633192096
46.880584932924
47.171856965919
47.467120381769
47.743977618501
48.020728952732
48.288506854655
48.552466923060
48.810128861336
49.055680101303
49.302580551326
49.545650915059
49.780048754562
50.007887571342
50.239809124743
50.465113714640
50.675993703959
50.891112830791
51.105186322493
51.315830877394
51.514418248375
51.725386406949
51.917604160936
52.115070529424
52.299552392263
52.492174561651
52.675980723360
52.863625756862
53.047779543866
53.227324603495
53.399515018040
53.574723924571
53.750719708709
53.918820120981
54.075625851884
54.241063814740
54.401760026808
54.559302713104
54.710099764526
54.874707522791
55.027266264839
55.178946512805
55.325683372796
55.473642480827
55.625381133571
55.771797204360
55.911796312441
56.051962602066
56.192112844183
56.325884426895
56.460058627608
56.598385762862
56.732489900064
56.870223961902
57.004276663487
57.132581810915
57.260892094773
57.384800232693
57.510375932920
57.628152145102
57.747328951447
57.865658045854
57.986586423953
58.107290973145
58.224150742807
58.340062856705
58.456632515451
58.576324869079
58.693245156456
58.809616427442
58.920257878297
59.026770429838
59.139639023305
59.253726448273
59.360475068499
59.467323417116
59.575456084147
59.682637703687
59.786036977606
59.885427812709
59.984300108007
60.087229041027
60.187318848452
60.288937261764
60.390922921866
60.494312909651
60.592573748066
60.691633973104
60.786821953632
60.884976677757
60.981187477585
61.078780978504
61.170673466768
61.260972005650
61.354819340377
61.447151588925
61.540165761465
61.631956441195
61.725571145856
61.813872948228
61.904022653644
61.988136043283
62.075701260224
62.163975962189
62.246581861077
62.333923473526
62.419777749529
62.507077779002
62.590313337500
62.673208982951
62.755369661848
62.835046963233
62.915684073903
62.999814502003
63.079228281745
63.160953934098
63.240761956166
63.321556354010
63.399180202229
63.480241849726
63.555543970974
63.629892841093
63.708396099705
63.786676439695
63.865424117450
63.942994829995
64.016161903551
64.090107206312
64.159400152230
64.234729770881
64.307013975697
64.385064017464
64.460772940869
64.540122652299
64.610060027458
64.681005474676
64.751930341123
64.820846684977
64.890789778870
64.963763156375
65.035221258427
65.104418499946
65.173445175381
65.243802321324
65.313382086838
65.381741814046
65.448490247706
65.515061853991
65.584045296213
65.654977707974
65.722630883091
65.790618297083
65.852447980495
65.919388670004
65.985287556426
66.050666971852
66.113106891503
66.178469285562
66.245134547178
66.306111361574
66.370737570477
66.436091559109
66.498446356403
66.565973434390
66.629690850354
