4.818169275918
4.816014025680
4.712227430866
4.664772634257
4.628639580566
4.598324046737
4.571768866476
4.547870182119
4.526012590392
4.505744274791
4.486784060199
4.468924958946
4.451995775329
4.435873766173
4.420469400596
4.405695139857
4.391479535728
4.377778671428
4.364536060416
4.351722840974
4.339283048437
4.327194783368
4.315435239276
4.303985059233
4.292821905119
4.281926489264
4.271274381589
4.260861905840
4.250671723347
4.240689485524
4.230908699142
4.221319631846
4.211904818240
4.202663193957
4.193580200150
4.184648919256
4.175872029477
4.167230497176
4.158731881549
4.150357709220
4.142108593005
4.133980229933
4.125968425867
4.118064148919
4.110280080393
4.102590543261
4.095002044070
4.087507886011
4.080116299880
4.072813015010
4.065586030494
4.058444550653
4.051392519100
4.044419127703
4.037524428488
4.030717088260
4.023974550232
4.017299664088
4.010705338440
4.004167537350
3.997706772129
3.991302885447
3.984971361600
3.978683604278
3.972465228191
3.966308480087
3.960207702265
3.954150753398
3.948170140924
3.942226171175
3.936347185066
3.930498894944
3.924715139866
3.918974622445
3.913287152128
3.907651150880
3.902041728429
3.896491124240
3.890985493386
3.885519284017
3.880109912532
3.874719444966
3.869373740209
3.864073651217
3.858804882622
3.853580663489
3.848402990363
3.843244104991
3.838122994870
3.833052099659
3.828012082664
3.822999297918
3.818036326519
3.813105532224
3.808189096100
3.803307828844
3.798470617679
3.793659521431
3.788872225275
3.784124532161
3.779414942681
3.774720988767
3.770052655274
3.765416960413
3.760817664247
3.756239430040
3.751680645455
3.747159242856
3.742673037681
3.738211934565
3.733755424574
3.729324575829
3.724935880687
3.720567720245
3.716220501207
3.711897601623
3.707590729069
3.703324375422
3.699082935679
3.694853400919
3.690641444137
3.686447670514
3.682296140751
3.678164213245
3.674047469046
3.669949398548
3.665866533079
3.661811939731
3.657787232769
3.653782857570
3.649785675067
3.645794629137
3.641830795570
3.637894494041
3.633981068424
3.630085249333
3.626204192928
3.622336397801
3.618486219020
3.614657959871
3.610856730284
3.607077137829
3.603309495569
3.599548705206
3.595799382909
3.592065947448
3.588365933675
3.584682442163
3.581016229931
3.577360178045
3.573717341821
3.570091033880
3.566473565909
3.562880973534
3.559313368272
3.555760932102
3.552223641785
3.548686161082
3.545156426708
3.541643049770
3.538141169265
3.534668304767
3.531210916160
3.527774352073
3.524344176578
3.520926127974
3.517514520570
3.514119280871
3.510738584263
3.507371781226
3.504030301899
3.500695638400
3.497382671885
3.494071731214
3.490768438646
3.487468032170
3.484183595746
3.480909324482
3.477655801558
3.474426519398
3.471203288325
3.467995348328
3.464797031891
3.461608957525
3.458429440290
3.455254491343
3.452095718125
3.448948339968
3.445817558427
3.442709169958
3.439603177068
3.436517465894
3.433438504217
3.430362824109
3.427289647961
3.424221988730
3.421167986498
3.418120078588
3.415077871009
3.412070095168
3.409070905646
3.406077241255
