4.818169275918
4.695793618125
24.066316602966
31.221863051041
35.261454157121
38.202200877525
40.477541801312
42.343243442814
43.952294494703
45.336423198280
46.573113878868
47.733252025363
48.747827108032
49.680761662862
50.536880963357
51.358739507741
52.132265870989
52.848221677838
53.511590997897
54.158104400021
54.768057159565
55.356390723298
55.908518188660
56.433903549293
56.929667344641
57.417238572480
57.902484462357
58.352745823071
58.773755127604
59.196445037829
59.622100422343
60.036408100867
60.427035842474
60.816028286577
61.184720502790
61.540771294826
61.880921150634
62.227837413936
62.555099181154
62.887542473123
63.199754397060
63.508267983246
63.816147929946
64.100009317564
64.401874448668
64.685338515585
64.975962245495
65.252145586547
65.512037458623
65.773390646171
66.042787626201
66.296650464649
66.552466792290
66.811262122628
67.055799392811
67.295944873325
67.519738228450
67.749392373984
67.978435635468
68.210434003347
68.433659474790
68.642832157327
68.866096347280
69.064187900559
69.277663122399
69.477517423137
69.687234848566
69.874738862720
70.073260725210
70.266878786378
70.452041943180
70.654586533519
70.844012030212
71.021006563821
71.202264030809
71.381256567478
71.555498743923
71.727339099079
71.905188063512
72.066090194979
72.238093833143
72.404868227330
72.583918233052
72.755831107596
72.921186384568
73.077257545815
73.231894752233
73.393987236864
73.549254602095
73.703360245012
73.857157670015
74.011768816770
74.163491660353
74.309656959052
74.454887881423
74.602314021990
74.748514578014
74.898394359122
75.042381286008
75.185492080430
75.320929193481
75.461430804497
75.600189046684
75.739391526869
75.873632929906
76.002969948972
76.140527415853
76.265030968002
76.394539374950
76.527510898678
76.653494359034
76.785843725013
76.915828962326
77.041216469601
77.159761012550
77.290127069304
77.417758896150
77.534850704955
77.647164440065
77.770384905658
77.888970482015
78.007339226345
78.122682042335
78.228822113564
78.342659616449
78.456900170931
78.568023840633
78.687561235936
78.803865717394
78.916586673875
79.022250833880
79.131672579396
79.243092410763
79.350226416424
79.460321923958
79.572542748986
79.679077064307
79.787184254452
79.893592012317
80.000378923831
80.107730143089
80.212098429105
80.316077398603
80.422079631188
80.516911480388
80.615515574496
80.716216216253
80.825825222611
80.925582320777
81.024239777751
81.118150767210
81.220947152313
81.322601917343
81.422084768669
81.521052009359
81.610468005302
81.705822238142
81.801531559397
81.893929153818
81.988883763345
82.085735690513
82.177078798525
82.270108576491
82.361222855330
82.445082168540
82.531874555318
82.619373705012
82.704906482599
82.794358092046
82.884577130033
82.978240949832
83.065585496744
83.156675921450
83.239246107405
83.319070518247
83.405330219252
83.495312162534
83.585571610509
83.670991039139
83.757611017233
83.835846736167
83.921448060643
84.003770920493
84.087645914726
84.170952832517
84.253546611933
84.332555269444
84.413284298745
84.495541196074
84.571359408108
84.654133109162
84.733149075479
84.812352228243
84.888266617262
84.967805593794
85.046802855987
85.120464362857
85.200756361298
85.277828665249
85.356145531915
85.436202991942
85.512801764788
