0.999880047981
0.999960015994
0.896481407437
0.843622550980
0.802558976409
0.772211115554
0.744462215114
0.719712115154
0.698040783687
0.679648140744
0.660015993603
0.643982407037
0.629548180728
0.616553378649
0.605677728908
0.597321071571
0.588364654138
0.579288284686
0.570611755298
0.565893642543
0.564614154338
0.559416233507
0.556097560976
0.558736505398
0.565613754498
0.562015193922
0.577888844462
0.577968812475
0.590923630548
0.602598960416
0.617433026789
0.622870851659
0.635345861655
0.656377449020
0.661495401839
0.683606557377
0.678368652539
0.697800879648
0.700239904038
0.721271491403
0.719672131148
0.724350259896
0.730187924830
0.732946821271
0.750379848061
0.741543382647
0.758696521391
0.769972011196
0.769772091164
0.775089964014
0.774810075970
0.794882047181
0.777728908437
0.786325469812
0.787964814074
0.792443022791
0.792522990804
0.799560175930
0.810675729708
0.801639344262
0.809116353459
0.800999600160
0.805957616953
0.804998000800
0.809276289484
0.817433026789
0.818552578968
0.814194322271
0.813754498201
0.818072770892
0.819992003199
0.819232307077
0.817473010796
0.819592163135
0.822670931627
0.821151539384
0.830547780888
0.827828868453
0.829388244702
0.818112754898
0.824510195922
0.817153138745
0.823670531787
0.816193522591
0.821991203519
0.814474210316
0.826429428229
0.821031587365
0.822151139544
0.812554978009
0.818312674930
0.818992403039
0.816033586565
0.820871651339
0.810555777689
0.809316273491
0.807956817273
0.804638144742
0.810315873651
0.805677728908
0.801239504198
0.804118352659
0.806397441024
0.801559376250
0.816913234706
0.792922830868
0.793122750900
0.798040783687
0.785005997601
0.794082367053
0.793162734906
0.786605357857
0.785365853659
0.797241103559
0.782167133147
0.788404638145
0.782646941224
0.793562574970
0.788204718113
0.779088364654
0.786525389844
0.787405037985
0.784686125550
0.786405437825
0.792483006797
0.775369852059
0.782886845262
0.776649340264
0.788604558177
0.767772890844
0.778448620552
0.775169932027
0.766133546581
0.779128348661
0.770371851259
0.782167133147
0.775049980008
0.773170731707
0.765813674530
0.766613354658
0.755377848860
0.757257097161
0.762894842063
0.770851659336
0.764574170332
0.773690523790
0.758096761295
0.760175929628
0.766733306677
0.759816073571
0.755177928828
0.759216313475
0.764214314274
0.751099560176
0.760335865654
0.756337465014
0.756857257097
0.753498600560
0.753298680528
0.743742502999
0.753338664534
0.743862455018
0.752898840464
0.744742103159
0.735145941623
0.736905237905
0.751459416234
0.726389444222
0.740463814474
0.738024790084
0.739224310276
0.741903238705
0.743902439024
0.725349860056
0.734266293483
0.737864854058
0.737744902039
0.728588564574
0.730707716913
0.726349460216
0.736585365854
0.717153138745
0.737624950020
0.717313074770
0.723150739704
0.715033986405
0.720191923231
0.714114354258
0.715313874450
0.729788084766
0.727269092363
0.722510995602
0.718632546981
0.713274690124
0.707676929228
0.704918032787
0.723830467813
0.704198320672
0.721511395442
0.709956017593
0.703038784486
0.705517792883
