0.999880047981
0.999880047981
0.998600559776
0.997441023591
0.996681327469
0.995361855258
0.993682526989
0.992962814874
0.991643342663
0.989164334266
0.988804478209
0.988204718113
0.988604558177
0.987285085966
0.985925629748
0.983326669332
0.984326269492
0.982966813275
0.980407836865
0.983966413435
0.980087964814
0.971931227509
0.979448220712
0.974330267893
0.970611755298
0.971291483407
0.968012794882
0.969212315074
0.969132347061
0.957417033187
0.951739304278
0.968172730908
0.965013994402
0.956457417033
0.952259096361
0.961695321871
0.951819272291
0.946621351459
0.946501399440
0.939944022391
0.950019992003
0.943182726909
0.942023190724
0.944382247101
0.928748500600
0.932866853259
0.933186725310
0.932906837265
0.927588964414
0.931947221112
0.908196721311
0.934506197521
0.930147940824
0.928628548581
0.924070371851
0.919912035186
0.917592962815
0.915553778489
0.920431827269
0.915233906437
0.915473810476
0.911195521791
0.901919232307
0.906357457017
0.913634546182
0.902798880448
0.895681727309
0.908116753299
0.904158336665
0.895441823271
0.894202319072
0.898960415834
0.891283486605
0.900039984006
0.889084366253
0.887405037985
0.894482207117
0.890603758497
0.904958016793
0.895361855258
0.872251099560
0.888884446222
0.876129548181
0.888764494202
0.879568172731
0.869972011196
0.880527788884
0.877089164334
0.867732906837
0.860375849660
0.874810075970
0.861495401839
0.862694922031
0.857497001200
0.867133146741
0.871131547381
0.860735705718
0.866693322671
0.856977209116
0.851299480208
0.847500999600
0.852139144342
0.852499000400
0.856137544982
0.857776889244
0.860095961615
0.845461815274
0.852738904438
0.831427429028
0.840983606557
0.838704518193
0.829188324670
0.837944822071
0.835745701719
0.827109156337
0.835745701719
0.826349460216
0.825509796082
0.834706117553
0.822590963615
0.834546181527
0.833306677329
0.829708116753
0.822670931627
0.831347461016
0.814194322271
0.817712914834
0.825789684126
0.824190323870
0.808156737305
0.814794082367
0.808316673331
0.825029988005
0.814754098361
0.809556177529
0.801599360256
0.813194722111
0.812954818073
0.815233906437
0.809276289484
0.788644542183
0.799040383846
0.787924830068
0.790523790484
0.795161935226
0.800159936026
0.786645341863
0.799480207917
0.768172730908
0.782686925230
0.796281487405
0.793962415034
0.795921631347
0.782207117153
0.778968412635
0.789724110356
0.779968012795
0.791843262695
0.773090763695
0.788004798081
0.774130347861
0.775929628149
0.767333066773
0.765053978409
0.765133946421
0.767093162735
0.756977209116
0.762574970012
0.778528588565
0.764414234306
0.767213114754
0.767173130748
0.755577768892
0.755617752899
0.757257097161
0.757497001200
0.766573370652
0.755777688924
0.747900839664
0.752299080368
0.760175929628
0.749660135946
0.763454618153
0.748660535786
0.742702918832
0.740423830468
0.745581767293
0.755457816873
0.745381847261
0.756177528988
0.758176729308
0.766693322671
0.727269092363
0.746741303479
0.747580967613
0.740103958417
0.731187524990
0.751339464214
0.738824470212
0.738624550180
0.738664534186
0.735425829668
