0.999880047981
0.999920031987
0.973730507797
0.996281487405
0.995641743303
0.995241903239
0.992682926829
0.992562974810
0.991003598561
0.989764094362
0.991043582567
0.986765293882
0.985805677729
0.981207516993
0.984366253499
0.980567772891
0.983686525390
0.982167133147
0.979368252699
0.978408636545
0.976169532187
0.975569772091
0.980327868852
0.970731707317
0.971531387445
0.971891243503
0.974810075970
0.970451819272
0.965933626549
0.969212315074
0.963534586166
0.957936825270
0.964254298281
0.961295481807
0.963014794082
0.965013994402
0.958936425430
0.955257896841
0.958656537385
0.957816873251
0.948500599760
0.952499000400
0.946941223511
0.950659736106
0.951899240304
0.948700519792
0.952499000400
0.948580567773
0.940143942423
0.948740503798
0.949860055978
0.938624550180
0.945061975210
0.936025589764
0.934226309476
0.932986805278
0.924590163934
0.935345861655
0.930107956817
0.928708516593
0.927469012395
0.932267093163
0.930027988804
0.925389844062
0.919832067173
0.930427828868
0.922750899640
0.922910835666
0.925069972011
0.915633746501
0.917113154738
0.913594562175
0.918672530988
0.926269492203
0.921991203519
0.926669332267
0.919512195122
0.914954018393
0.903958416633
0.894242303079
0.922311075570
0.905077968812
0.894922031188
0.896881247501
0.897241103559
0.907716913235
0.902998800480
0.898080767693
0.901399440224
0.895121951220
0.897840863655
0.895201919232
0.903038784486
0.894642143143
0.887125149940
0.900999600160
0.889284286285
0.885925629748
0.897840863655
0.891443422631
0.876689324270
0.878968412635
0.887924830068
0.882367053179
0.876649340264
0.900639744102
0.883126749300
0.876929228309
0.872011195522
0.878808476609
0.867852858856
0.878128748501
0.865653738505
0.882207117153
0.874930027989
0.857816873251
0.871971211515
0.857616953219
0.861175529788
0.862095161935
0.859736105558
0.874770091963
0.868772491004
0.864934026389
0.853098760496
0.855057976809
0.864894042383
0.871491403439
0.876569372251
0.848260695722
0.845101959216
0.848540583766
0.855097960816
0.852339064374
0.857696921232
0.844462215114
0.835505797681
0.859176329468
0.838304678129
0.845061975210
0.840423830468
0.829908036785
0.838904438225
0.820191923231
0.826469412235
0.833066773291
0.829668132747
0.822431027589
0.832666933227
0.814594162335
0.846341463415
0.827269092363
0.837864854058
0.806277489004
0.839024390244
0.836425429828
0.826389444222
0.820631747301
0.819232307077
0.803278688525
0.817073170732
0.823870451819
0.821911235506
0.835865653739
0.823630547781
0.816633346661
0.800679728109
0.822630947621
0.814674130348
0.824230307877
0.819752099160
0.793522590964
0.815873650540
0.807676929228
0.821751299480
0.807437025190
0.808476609356
0.806077568972
0.798000799680
0.815073970412
0.785765693723
0.799120351859
0.800999600160
0.795161935226
0.788524590164
0.798000799680
0.788524590164
0.812674930028
0.790403838465
0.796801279488
0.797680927629
0.793002798880
0.803478608557
0.784366253499
0.783646541383
0.808316673331
0.780567772891
0.781647341064
0.780807676929
0.787764894042
0.781647341064
0.782367053179
