0.001172878172
0.001118518232
0.001070332664
0.001152166022
0.001259425520
0.001382975678
0.001517103658
0.001672158812
0.001842617686
0.002034738201
0.002252717256
0.002500902421
0.002787006831
0.003112027775
0.003491096691
0.003931748246
0.004443161514
0.005033563342
0.005748679024
0.006581636527
0.007591610101
0.008813196574
0.010292434317
0.012102720974
0.014368479211
0.017140309865
0.020596022232
0.024904942243
0.030375628126
0.037184229286
0.045721673277
0.056170287139
0.068769735575
0.083075537582
0.098546116420
0.113668941904
0.126352417578
0.134529020705
0.136834864593
0.133982242648
0.128116170970
0.121242488229
0.115550559706
0.112023703168
0.110713216226
0.111505652739
0.113852609454
0.117486969080
0.121894132468
0.126766264876
0.131800508588
0.136965885911
0.141941163065
0.146664952082
0.151113924207
0.155003588292
0.158419967263
0.161223084084
0.163525902928
0.165370214904
0.166826977722
0.167813511493
0.168489273607
0.168807410630
0.168731992101
0.168281350765
0.167517438710
0.166469830312
0.165057465947
0.163377798662
0.161321822043
0.159106827456
0.156493033677
0.153677614071
0.150652445915
0.147502125860
0.144181599386
0.140836348014
0.137416281737
0.134056912317
0.130653611881
0.127348302296
0.124100163120
0.120791585819
0.117691851751
0.114664074300
0.111746415375
0.108966816634
0.106402381920
0.103838556758
0.101419554056
0.098991812981
0.096796639399
0.094600942921
0.092469654605
0.090456775362
0.088528017482
0.086621746315
0.084875084670
0.083192125841
0.081489654861
0.079830212043
0.078282818840
0.076823986735
0.075265511842
0.073869235916
0.072487348828
0.071234466172
0.069916708501
0.068638937501
0.067424541176
0.066279190208
0.065187441381
0.064118266387
0.063056525168
0.062060045333
0.061125358968
0.060129876733
0.059196408268
0.058333833444
0.057454670566
0.056627902751
0.055799467034
0.055033555916
0.054236611499
0.053506643866
0.052807581508
0.052098986213
0.051425436534
0.050761096777
0.050166851102
0.049509477766
0.048948719574
0.048381557767
0.047800686702
0.047238006670
0.046694170548
0.046194231440
0.045635099014
0.045120579495
0.044637319295
0.044177905985
0.043681974321
0.043224703595
0.042795870786
0.042337859148
0.041874883219
0.041442034454
0.041027985049
0.040612885272
0.040245614430
0.039813222088
0.039423138338
0.039046086681
0.038673278988
0.038307176647
0.037930892538
0.037576093488
0.037230304514
0.036890166476
0.036559919919
0.036229932928
0.035888455339
0.035549853316
0.035237254616
0.034924003494
0.034621754745
0.034304583829
0.034007352514
0.033717187593
0.033439437018
0.033181501957
0.032897040852
0.032633306549
0.032376607207
0.032103879763
0.031884552953
0.031626337517
0.031379882680
0.031107752242
0.030859524109
0.030615695379
0.030375534631
0.030138523557
0.029916176461
0.029716934899
0.029496601725
0.029254125485
0.029047859456
0.028880442568
0.028655357699
0.028456108631
0.028245081761
0.028051005168
0.027851076866
0.027675011941
0.027479982477
0.027296587252
0.027114061228
0.026946650873
0.026763925637
0.026592668324
