0.001172878427
0.001164550728
0.001116816737
0.001096745560
0.001082493956
0.001071175970
0.001061714410
0.001053896628
0.001046373792
0.001039387070
0.001033385634
0.001027677901
0.001022513859
0.001017821054
0.001013684326
0.001010033091
0.001006547756
0.001003263602
0.001000120292
0.000996993911
0.000994042959
0.000991235478
0.000989109977
0.000986669852
0.000984401277
0.000982148155
0.000979871493
0.000977781283
0.000975734497
0.000973659865
0.000971738981
0.000969915011
0.000968169720
0.000966366590
0.000964646711
0.000963014371
0.000961557260
0.000960135650
0.000958763653
0.000957520358
0.000956278560
0.000954994972
0.000953860776
0.000952699082
0.000951477652
0.000950305123
0.000949199769
0.000948013733
0.000946874406
0.000945928125
0.000944968232
0.000944128897
0.000943397602
0.000942637996
0.000941841311
0.000941078676
0.000940316692
0.000939537660
0.000938925830
0.000938087016
0.000937174446
0.000936471500
0.000935681072
0.000934998393
0.000934201983
0.000933403067
0.000932697556
0.000932010280
0.000931356567
0.000930694333
0.000930090503
0.000929460179
0.000928966316
0.000928567368
0.000927981705
0.000927375806
0.000926783941
0.000926335914
0.000925977775
0.000925591597
0.000925279495
0.000924876922
0.000924408516
0.000923976690
0.000923566589
0.000923139262
0.000922718031
0.000922423045
0.000922089531
0.000921699189
0.000921353255
0.000920995063
0.000920624167
0.000920242159
0.000919822832
0.000919470360
0.000919147206
0.000918845904
0.000918511909
0.000918254961
0.000917982473
0.000917759795
0.000917548992
0.000917411329
0.000917216925
0.000917077933
0.000916967153
0.000916830774
0.000916721814
0.000916543498
0.000916482259
0.000916359674
0.000916151963
0.000916016322
0.000915869529
0.000915735824
0.000915612613
0.000915535962
0.000915456948
0.000915389884
0.000915335558
0.000915195920
0.000915118385
0.000914986989
0.000914938648
0.000914939437
0.000914954762
0.000914947550
0.000914945634
0.000914874533
0.000914801744
0.000914796786
0.000914749577
0.000914689749
0.000914638374
0.000914613475
0.000914590154
0.000914548020
0.000914547006
0.000914533262
0.000914610659
0.000914622939
0.000914619672
0.000914644908
0.000914610321
0.000914632741
0.000914601083
0.000914548245
0.000914455304
0.000914372281
0.000914381068
0.000914357074
0.000914364396
0.000914448545
0.000914507125
0.000914549935
0.000914605814
0.000914684679
0.000914731662
0.000914895378
0.000915003441
0.000915132923
0.000915251368
0.000915334319
0.000915377035
0.000915474531
0.000915600664
0.000915682503
0.000915781255
0.000915926576
0.000916069314
0.000916191316
0.000916212740
0.000916311973
0.000916412000
0.000916496469
0.000916623236
0.000916722716
0.000916813967
0.000916915939
0.000917022204
0.000917126218
0.000917199099
0.000917234413
0.000917273112
0.000917356718
0.000917421145
0.000917528116
0.000917648522
0.000917765438
0.000917957191
0.000918079657
0.000918251574
0.000918418879
0.000918573215
0.000918746534
0.000918913659
0.000919149578
0.000919326227
0.000919486852
0.000919691551
0.000919891301
