0.001172878427
0.001458074627
0.178485990378
0.105216996854
0.055405972287
0.040516102991
0.030351931938
0.025148534902
0.021496302998
0.019903925748
0.017275462643
0.015693590649
0.014593425661
0.014164609422
0.012985237376
0.012695507031
0.011744042070
0.011179166307
0.010622628993
0.010305793424
0.009901316160
0.009585688598
0.009269685102
0.008849919517
0.008638776170
0.008398454133
0.008548927197
0.008215428796
0.007695957737
0.007816222269
0.007906121962
0.007689110691
0.007209509096
0.007255765585
0.006854146225
0.006778499358
0.006705370837
0.006599041539
0.006732288596
0.006463686381
0.006672149398
0.006206390987
0.006122569033
0.006139133482
0.006106814117
0.006150973422
0.005890694452
0.005871490638
0.005951497448
0.005929413003
0.005689061973
0.005681607121
0.005540361165
0.005633079030
0.005516418419
0.005543112191
0.005432435106
0.005344679812
0.005437824657
0.005245944045
0.005267849156
0.005161999863
0.005124975395
0.005263562861
0.005175833836
0.005011634483
0.005013204292
0.005020089876
0.004953384570
0.004863799216
0.004835934077
0.004910502190
0.004841190277
0.004823605509
0.004874795186
0.004816618204
0.004813608211
0.004949262800
0.004686051761
0.004614466414
0.004644719885
0.004600127131
0.004619679877
0.004499184455
0.004533660368
0.004485436722
0.004488010886
0.004502601428
0.004462550340
0.004519494372
0.004425844911
0.004362178375
0.004338035642
0.004413184781
0.004312671027
0.004309772981
0.004358815118
0.004399807377
0.004265805031
0.004212972743
0.004283914824
0.004200157486
0.004188166938
0.004159185665
0.004151358146
0.004085003332
0.004191440562
0.004058975064
0.004053067485
0.004068952256
0.004021369411
0.003970572728
0.004006236187
0.003999497269
0.004031918140
0.003999089232
0.004040312325
0.004180632051
0.004000690402
0.003985802198
0.003938138107
0.004020570971
0.003875716421
0.003857310514
0.003849723543
0.003897999583
0.003850985670
0.003804126948
0.003802501290
0.003814621200
0.003840267876
0.003780936175
0.003773483767
0.003770145277
0.003834298880
0.003745123602
0.003718260495
0.003667978712
0.003724734618
0.003666176247
0.003726030209
0.003659784791
0.003649974442
0.003610488646
0.003649368146
0.003625019442
0.003637380869
0.003596156813
0.003605481677
0.003623677847
0.003579352381
0.003583792100
0.003562007875
0.003564206217
0.003552373071
0.003592526170
0.003570433562
0.003489997545
0.003567616477
0.003542916285
0.003518405751
0.003489445176
0.003452676136
0.003505606463
0.003471556274
0.003467269128
0.003488983508
0.003443675311
0.003472873800
0.003417312987
0.003422501419
0.003421517284
0.003450892801
0.003431935014
0.003405268184
0.003430111226
0.003406472621
0.003454557585
0.003364758676
0.003440747863
0.003468083434
0.003487659409
0.003419697573
0.003323869120
0.003364840791
0.003369101781
0.003321107698
0.003331268338
0.003361644658
0.003337652553
0.003362896660
0.003309686848
0.003372388422
0.003296825007
0.003283026328
0.003254886652
0.003278602562
0.003267919068
0.003241709741
0.003260040936
0.003261311316
0.003272000634
