0.001172878427
0.002981416332
0.036750768328
0.018140694077
0.015396773304
0.012862842875
0.011053182058
0.009373367353
0.007995325827
0.006959365201
0.006787788468
0.006626566419
0.006255054730
0.005759165018
0.005712993143
0.005419210955
0.005944572190
0.005854385081
0.005226206524
0.004846766771
0.005686880628
0.004758882974
0.005985031358
0.004866122152
0.004564278394
0.004755448180
0.004204564273
0.004512427695
0.004934225727
0.004103778431
0.004107829711
0.003977324835
0.003886352550
0.004221746871
0.003893090803
0.004433125255
0.004056255620
0.004010784483
0.003962755051
0.003678287206
0.003708553518
0.003830654137
0.003827607112
0.003759610092
0.003507044270
0.003554167331
0.003484010086
0.003599049506
0.004026309216
0.003454577292
0.003674182215
0.003560760686
0.003701653764
0.003429485516
0.003863576639
0.003522794255
0.003573963052
0.003390962581
0.003280429576
0.003618172329
0.003294324151
0.003322352558
0.003244289853
0.003253156006
0.003466729090
0.003469585499
0.003152847662
0.003239661148
0.003040091342
0.003198197001
0.003017514609
0.003103320922
0.003126451597
0.003022938706
0.003161438084
0.003082720867
0.003175027382
0.003001355629
0.002962345951
0.003004004876
0.002974388202
0.002903501069
0.002869861296
0.002942959638
0.002928696633
0.002822597484
0.003208262527
0.002897832699
0.003300243994
0.002889819532
0.002955059260
0.003111315833
0.002780898983
0.002829477727
0.002765745468
0.002782337186
0.002995776807
0.002941111178
0.002884463843
0.003215941409
0.002750057407
0.002844911504
0.002720018044
0.002720800304
0.002877694083
0.002822170393
0.002688804811
0.002709432672
0.002617533929
0.002650390898
0.002810097414
0.002605980778
0.002624147857
0.002771837053
0.002652411165
0.002630722362
0.002634084397
0.002647624927
0.002845349850
0.002737934382
0.002600344479
0.002759062562
0.002587453076
0.002579231770
0.002719147704
0.002880238609
0.002603824297
0.002537993405
0.002587763098
0.002612958656
0.002655051791
0.002643652403
0.002627808553
0.002541956385
0.002664303947
0.002600734304
0.002522711993
0.002608625595
0.002519258401
0.002492766703
0.002528903847
0.002682551673
0.002531447414
0.002645468525
0.002685897229
0.002639802677
0.002508769634
0.002481779101
0.002446951397
0.002508358778
0.002459228966
0.002605062330
0.002480128416
0.002538528305
0.002528281548
0.002681528003
0.002468479794
0.002401531823
0.002804043999
0.002577982490
0.002409512273
0.002587464825
0.002396425432
0.002383461161
0.002432782217
0.002403812167
0.002516616685
0.002476760096
0.002545146586
0.002436924085
0.002687357390
0.002326665100
0.002482050433
0.002350846130
0.002430306721
0.002344264158
0.002404422974
0.002347435767
0.002296816255
0.002275048961
0.002358840772
0.002337612882
0.002325810566
0.002288710434
0.002361084831
0.002349657061
0.002470176959
0.002363850835
0.002297345106
0.002338731521
0.002362445540
0.002466319196
0.002238334296
0.002295336082
0.002270899377
0.002277785807
0.002434583235
0.002524806548
0.002306075822
0.002773777510
0.002234993893
0.002280389451
