272.581011814250
11.030213589964
0.001116818986
0.001096747186
0.001082495834
0.001071176486
0.001061714944
0.001053897209
0.001046374434
0.001039387607
0.001033386360
0.001027678375
0.001022514196
0.001017821355
0.001013684548
0.001010033391
0.001006548004
0.001003263887
0.001000120484
0.000996994062
0.000994043256
0.000991235721
0.000989110138
0.000986669998
0.000984401421
0.000982148262
0.000979871570
0.000977781475
0.000975734705
0.000973660076
0.000971739111
0.000969915124
0.000968169817
0.000966366721
0.000964646791
0.000963014484
0.000961557347
0.000960135748
0.000958763757
0.000957520462
0.000956278680
0.000954995068
0.000953860865
0.000952699175
0.000951477736
0.000950305203
0.000949199845
0.000948013821
0.000946874471
0.000945928207
0.000944968278
0.000944128948
0.000943397688
0.000942638037
0.000941841373
0.000941078721
0.000940316764
0.000939537735
0.000938925885
0.000938087062
0.000937174505
0.000936471557
0.000935681122
0.000934998444
0.000934202053
0.000933403108
0.000932697583
0.000932010326
0.000931356609
0.000930694387
0.000930090540
0.000929460230
0.000928966372
0.000928567429
0.000927981764
0.000927375852
0.000926783985
0.000926335948
0.000925977837
0.000925591614
0.000925279522
0.000924876974
0.000924408563
0.000923976734
0.000923566636
0.000923139316
0.000922718077
0.000922423091
0.000922089582
0.000921699239
0.000921353288
0.000920995097
0.000920624204
0.000920242202
0.000919822869
0.000919470401
0.000919147241
0.000918845925
0.000918511930
0.000918255004
0.000917982510
0.000917759836
0.000917549008
0.000917411351
0.000917216967
0.000917077960
0.000916967196
0.000916830799
0.000916721841
0.000916543548
0.000916482304
0.000916359696
0.000916151996
0.000916016365
0.000915869552
0.000915735857
0.000915612631
0.000915535988
0.000915456981
0.000915389928
0.000915335617
0.000915195955
0.000915118425
0.000914987019
0.000914938668
0.000914939474
0.000914954788
0.000914947586
0.000914945662
0.000914874565
0.000914801761
0.000914796813
0.000914749592
0.000914689774
0.000914638405
0.000914613509
0.000914590184
0.000914548045
0.000914547027
0.000914533281
0.000914610682
0.000914622956
0.000914619698
0.000914644940
0.000914610349
0.000914632760
0.000914601112
0.000914548271
0.000914455333
0.000914372300
0.000914381093
0.000914357101
0.000914364421
0.000914448568
0.000914507159
0.000914549962
0.000914605840
0.000914684703
0.000914731681
0.000914895402
0.000915003470
0.000915132952
0.000915251401
0.000915334353
0.000915377056
0.000915474546
0.000915600680
0.000915682528
0.000915781278
0.000915926597
0.000916069339
0.000916191330
0.000916212768
0.000916311994
0.000916412020
0.000916496498
0.000916623261
0.000916722745
0.000916813994
0.000916915955
0.000917022220
0.000917126232
0.000917199120
0.000917234436
0.000917273134
0.000917356733
0.000917421165
0.000917528140
0.000917648540
0.000917765455
0.000917957205
0.000918079671
0.000918251597
0.000918418893
0.000918573235
0.000918746557
0.000918913677
0.000919149595
0.000919326241
0.000919486869
0.000919691567
0.000919891317
