272.581011814250
10.571614603611
0.037671966423
0.018845568572
0.015802067030
0.013122776731
0.011247745304
0.009547597782
0.008173394168
0.007087387991
0.006888586848
0.006711677953
0.006341012677
0.005856099488
0.005778765151
0.005480238482
0.006010218459
0.005928061199
0.005316358527
0.004936220870
0.005731465350
0.004805273111
0.006044568272
0.004919652107
0.004603853816
0.004802253796
0.004244794351
0.004557487013
0.004972887613
0.004141818709
0.004143421263
0.004035162905
0.003920723196
0.004261392735
0.003922025825
0.004468805394
0.004084911091
0.004044524459
0.003996600174
0.003705497470
0.003737840219
0.003861647628
0.003852462390
0.003784264761
0.003522946172
0.003582011085
0.003515338472
0.003620893731
0.004047754266
0.003471507636
0.003690222176
0.003581813173
0.003722004926
0.003447995658
0.003882847911
0.003540648536
0.003589882460
0.003406837899
0.003298636994
0.003635813837
0.003312605660
0.003345032982
0.003255623156
0.003270274611
0.003483094443
0.003486840311
0.003167849415
0.003253389366
0.003054032498
0.003214947226
0.003029762062
0.003118027253
0.003140970520
0.003039057690
0.003175376933
0.003096730283
0.003189198238
0.003016729277
0.002979630559
0.003015959380
0.002983645849
0.002920202886
0.002878841706
0.002955930106
0.002941103570
0.002832031174
0.003229203037
0.002909317293
0.003311661385
0.002903134750
0.002965690909
0.003122961667
0.002791865528
0.002842095927
0.002777559809
0.002793500966
0.003008308381
0.002952765635
0.002895892031
0.003223377609
0.002760261139
0.002855284410
0.002730827137
0.002729905384
0.002886605158
0.002833578295
0.002701839958
0.002718912537
0.002626531676
0.002660665444
0.002818540094
0.002616564026
0.002631405340
0.002781617380
0.002661765822
0.002640746011
0.002640841844
0.002655898015
0.002855709274
0.002750771527
0.002608632309
0.002768955503
0.002596327289
0.002588053600
0.002727829214
0.002889429885
0.002610251531
0.002546634676
0.002595739063
0.002623337725
0.002662565813
0.002650673053
0.002638446073
0.002550690211
0.002671866954
0.002609888554
0.002529497090
0.002617332179
0.002526192014
0.002500538916
0.002535109134
0.002688651661
0.002538229844
0.002652414318
0.002693758307
0.002645575299
0.002514834795
0.002490699326
0.002454155059
0.002514415771
0.002468750922
0.002611639268
0.002487573926
0.002544369181
0.002536594604
0.002689147231
0.002474010928
0.002408533029
0.002808995742
0.002584715420
0.002415184052
0.002594543284
0.002402221157
0.002388477559
0.002438430015
0.002409185722
0.002520924122
0.002482418584
0.002552882860
0.002443267410
0.002693568313
0.002333572170
0.002487293696
0.002355894246
0.002437019116
0.002349687306
0.002411704644
0.002355759051
0.002302282865
0.002280128412
0.002366305535
0.002341243533
0.002336786611
0.002295003446
0.002367210514
0.002353902101
0.002477181660
0.002370975892
0.002303255689
0.002344225209
0.002369387738
0.002474834142
0.002244158099
0.002301137034
0.002277978483
0.002283256139
0.002440374646
0.002532492749
0.002311117854
0.002779995179
0.002239692744
0.002285085121
