272.581011813995
10.987543893971
0.001070600782
0.001152362189
0.001259515543
0.001383113313
0.001517140760
0.001672216143
0.001842670372
0.002034785624
0.002252763850
0.002500948336
0.002787044217
0.003112055542
0.003491119266
0.003931771956
0.004443181492
0.005033585578
0.005748693154
0.006581657105
0.007591620720
0.008813210556
0.010292456369
0.012102735355
0.014368503069
0.017140326285
0.020596047508
0.024904969547
0.030375649385
0.037184249140
0.045721702053
0.056170309435
0.068769756403
0.083075559739
0.098546163897
0.113668992514
0.126352470017
0.134529059974
0.136834926696
0.133982307203
0.128116233530
0.121242551046
0.115550600255
0.112023754694
0.110713269775
0.111505713709
0.113852717410
0.117487041076
0.121894205153
0.126766351576
0.131800625393
0.136965988622
0.141941230856
0.146665048753
0.151114012688
0.155003683206
0.158420043422
0.161223214585
0.163526005508
0.165370332378
0.166827086671
0.167813626294
0.168489386059
0.168807519709
0.168732067107
0.168281477521
0.167517517201
0.166469948063
0.165057576881
0.163377914558
0.161321946474
0.159106910231
0.156493142530
0.153677700179
0.150652542302
0.147502262289
0.144181724193
0.140836468225
0.137416384067
0.134057027810
0.130653731264
0.127348385286
0.124100271317
0.120791679554
0.117691964653
0.114664142562
0.111746510181
0.108966925048
0.106402506000
0.103838669978
0.101419723660
0.098991921926
0.096796748309
0.094601089604
0.092469783171
0.090456874004
0.088528119601
0.086621859490
0.084875193020
0.083192220641
0.081489747676
0.079830301266
0.078282984624
0.076824138984
0.075265584858
0.073869309554
0.072487433156
0.071234608676
0.069916786433
0.068639017236
0.067424601767
0.066279282241
0.065187520361
0.064118384772
0.063056605298
0.062060136284
0.061125444085
0.060129977953
0.059196486721
0.058333927418
0.057454747692
0.056627991381
0.055799545556
0.055033663475
0.054236689858
0.053506739182
0.052807661952
0.052099063311
0.051425531166
0.050761192963
0.050166927838
0.049509596166
0.048948803693
0.048381634115
0.047800768714
0.047238081841
0.046694235493
0.046194294252
0.045635165894
0.045120659272
0.044637391719
0.044177982114
0.043682053323
0.043224809919
0.042795960039
0.042337939412
0.041874973904
0.041442119917
0.041028088634
0.040612960279
0.040245674699
0.039813303947
0.039423204305
0.039046165812
0.038673360660
0.038307238044
0.037930964563
0.037576165522
0.037230406782
0.036890235117
0.036560000083
0.036230014837
0.035888527896
0.035549928929
0.035237322464
0.034924066798
0.034621829838
0.034304649772
0.034007412487
0.033717262786
0.033439504709
0.033181580554
0.032897120209
0.032633373283
0.032376673352
0.032103948956
0.031884621624
0.031626396123
0.031379965833
0.031107816727
0.030859602291
0.030615767610
0.030375612948
0.030138577491
0.029916256253
0.029717000649
0.029496684794
0.029254177799
0.029047943875
0.028880505556
0.028655431228
0.028456160650
0.028245167391
0.028051076662
0.027851146395
0.027675063762
0.027480045341
0.027296647660
0.027114125275
0.026946715244
0.026763969383
0.026592736383
