272.581011814250
10.800283560208
0.178628295060
0.105385868496
0.055494631980
0.040590826657
0.030411816839
0.025195314369
0.021549166897
0.019941599598
0.017304815173
0.015728181205
0.014620879114
0.014187253689
0.013014515204
0.012717373685
0.011767696957
0.011200194332
0.010636723121
0.010323503394
0.009917556375
0.009602267886
0.009285884609
0.008863867854
0.008653920909
0.008410093859
0.008560605115
0.008226861203
0.007703204733
0.007826213173
0.007918609961
0.007695420531
0.007219228390
0.007264593520
0.006864817520
0.006787369253
0.006716434892
0.006606385704
0.006739937326
0.006473384709
0.006680368069
0.006213633895
0.006128727591
0.006144704219
0.006113418807
0.006157305519
0.005898351028
0.005876330265
0.005956284051
0.005935716846
0.005694149689
0.005690050174
0.005546347407
0.005639095458
0.005520418811
0.005551504723
0.005437018756
0.005350009777
0.005442127378
0.005249873017
0.005271330492
0.005167127560
0.005130132715
0.005268279338
0.005181299713
0.005015489648
0.005016943358
0.005023622665
0.004958331971
0.004868052945
0.004840154775
0.004915023079
0.004845036138
0.004827157383
0.004878521959
0.004820324176
0.004817336950
0.004953146910
0.004689327351
0.004618197909
0.004648124005
0.004603862285
0.004622750539
0.004501859285
0.004537682439
0.004488375245
0.004491233617
0.004506339784
0.004465478919
0.004522441742
0.004428384578
0.004365009433
0.004341070560
0.004415983576
0.004315682902
0.004312645973
0.004361444744
0.004402585647
0.004268543811
0.004215178097
0.004286033274
0.004202400245
0.004191261844
0.004162027542
0.004153472442
0.004088220611
0.004193718806
0.004060946593
0.004055341135
0.004073124579
0.004023302288
0.003972802154
0.004008337555
0.004002171473
0.004034122738
0.004001847161
0.004042719439
0.004182775291
0.004003113490
0.003987525367
0.003940350278
0.004023429720
0.003877624725
0.003859581371
0.003852497073
0.003900030731
0.003853245570
0.003806172992
0.003805171299
0.003816654001
0.003842056377
0.003783111121
0.003775660368
0.003772394908
0.003835962245
0.003747504333
0.003720327800
0.003670080165
0.003726199326
0.003668442024
0.003727475719
0.003661528871
0.003651330048
0.003612640553
0.003651199607
0.003626824140
0.003638879660
0.003598142204
0.003607909914
0.003625090358
0.003581647309
0.003585478576
0.003563875561
0.003565491865
0.003554293459
0.003594431987
0.003572078296
0.003491399014
0.003568972149
0.003544591549
0.003519822760
0.003490960473
0.003454820773
0.003506913467
0.003473009507
0.003469006605
0.003490439846
0.003445200043
0.003474373739
0.003419042840
0.003423822721
0.003422852536
0.003452111265
0.003433860326
0.003406939594
0.003431723490
0.003408140617
0.003455937455
0.003366112589
0.003442273702
0.003469389807
0.003489529170
0.003421060757
0.003325412671
0.003366096983
0.003370283342
0.003322654794
0.003332858542
0.003362848442
0.003339226111
0.003364364653
0.003311204247
0.003373791462
0.003298613613
0.003284332017
0.003256401008
0.003279882974
0.003269128144
0.003242652726
0.003261439553
0.003262685569
0.003273284859
