2.302234949493
2.302018257141
2.301923382314
2.301851827749
2.301793371328
2.301741360982
2.301697650655
2.301656406148
2.301618225861
2.301584694926
2.301551743062
2.301521121470
2.301492597707
2.301465121460
2.301439274089
2.301414369202
2.301390727997
2.301367366028
2.301344549815
2.301322651418
2.301301049550
2.301281709290
2.301262166850
2.301243139394
2.301224433899
2.301205952962
2.301188069916
2.301170634969
2.301153348796
2.301136328125
2.301120192719
2.301104647827
2.301089019012
2.301073916880
2.301059474945
2.301045055135
2.301030836233
2.301016483053
2.301002736664
2.300989427439
2.300976115672
2.300963271840
2.300950685374
2.300937281545
2.300924870555
2.300912478638
2.300900022380
2.300887763723
2.300876262410
2.300864822388
2.300853665415
2.300842637126
2.300831424713
2.300820370229
2.300809157308
2.300797989146
2.300787185669
2.300776928202
2.300766246033
2.300755791473
2.300745912425
2.300735597483
2.300725761159
2.300715918732
2.300705994670
2.300696393331
2.300687100474
2.300677494812
2.300668227895
2.300659068807
2.300650167338
2.300641068014
2.300632084147
2.300622980499
2.300614061228
2.300605051422
2.300596313731
2.300587512461
2.300578995005
2.300570441691
2.300562111918
2.300553653717
2.300545547994
2.300537563833
2.300529352315
2.300521439107
2.300513647715
2.300505755361
2.300497815704
2.300489782206
2.300481822205
2.300474148560
2.300466646322
2.300459035492
2.300451593272
2.300444020335
2.300436659241
2.300429231262
2.300422013855
2.300414559174
2.300407510630
2.300400122579
2.300393202972
2.300386190033
2.300379264069
2.300372415924
2.300365447998
2.300358711243
2.300351621246
2.300344942729
2.300338065338
2.300331277720
2.300324620565
2.300318024699
2.300311242167
2.300304721578
2.300298418681
2.300292114003
2.300285692088
2.300279246521
2.300272753143
2.300266344706
2.300259915161
2.300253695170
2.300247442118
2.300241341146
2.300235296631
2.300229275513
2.300223271688
2.300217128499
2.300211262767
2.300205074056
2.300199157715
2.300193212636
2.300187299093
2.300181384023
2.300175487010
2.300169825490
2.300164176941
2.300158527120
2.300152676900
2.300146786753
2.300141168213
2.300135395050
2.300129656219
2.300123927307
2.300118383280
2.300112850189
2.300107327016
2.300101947021
2.300096476237
2.300091138713
2.300085903168
2.300080510457
2.300075157420
2.300069771322
2.300064645131
2.300059327189
2.300054208628
2.300049043274
2.300044022624
2.300038991038
2.300033686829
2.300028397369
2.300023237864
2.300018200429
2.300013044993
2.300007896678
2.300002894592
2.299997965495
2.299993216960
2.299988035838
2.299983156077
2.299978086853
2.299973348236
2.299968442281
2.299963608297
2.299958521016
2.299953661855
2.299948804983
2.299944043223
2.299939154307
2.299934266154
2.299929387665
2.299924519094
2.299919793955
2.299915042623
2.299910263062
2.299905560557
2.299900859578
2.299896063232
2.299891356913
2.299886721293
2.299882144928
2.299877429454
2.299872717285
2.299868300883
2.299863679504
2.299859111277
2.299854558818
2.299850009918
