11.236666666667
11.236666666667
11.236666666667
11.236666666667
11.236666666667
11.236666666667
11.236666666667
11.236666666667
11.236666666667
11.236666666667
11.236666666667
11.236666666667
11.236666666667
11.243333333333
11.348333333333
11.836666666667
13.023333333333
14.540000000000
16.248333333333
17.708333333333
18.791666666667
19.753333333333
20.555000000000
21.285000000000
22.110000000000
22.923333333333
23.485000000000
24.001666666667
24.410000000000
24.755000000000
25.221666666667
25.606666666667
26.273333333333
26.871666666667
27.513333333333
28.158333333333
28.543333333333
29.013333333333
29.468333333333
30.010000000000
30.728333333333
31.426666666667
32.446666666667
33.368333333333
34.435000000000
35.600000000000
36.826666666667
38.181666666667
39.456666666667
40.771666666667
41.855000000000
43.095000000000
44.283333333333
45.513333333333
46.481666666667
47.543333333333
48.448333333333
49.381666666667
50.378333333333
51.428333333333
52.611666666667
53.781666666667
54.796666666667
55.678333333333
56.611666666667
57.450000000000
58.348333333333
59.093333333333
59.961666666667
60.646666666667
61.373333333333
61.981666666667
62.623333333333
63.223333333333
63.661666666667
64.228333333333
64.788333333333
65.266666666667
65.875000000000
66.311666666667
66.726666666667
67.205000000000
67.608333333333
67.966666666667
68.378333333333
68.801666666667
69.221666666667
69.671666666667
70.066666666667
70.425000000000
70.805000000000
71.170000000000
71.581666666667
71.851666666667
72.156666666667
72.435000000000
72.738333333333
73.065000000000
73.408333333333
73.761666666667
74.055000000000
74.348333333333
74.620000000000
74.890000000000
75.175000000000
75.426666666667
75.673333333333
75.906666666667
76.148333333333
76.371666666667
76.605000000000
76.815000000000
77.035000000000
77.250000000000
77.496666666667
77.733333333333
77.933333333333
78.158333333333
78.335000000000
78.563333333333
78.765000000000
78.931666666667
79.061666666667
79.246666666667
79.426666666667
79.580000000000
79.720000000000
79.876666666667
80.063333333333
80.228333333333
80.396666666667
80.578333333333
80.720000000000
80.848333333333
80.973333333333
81.098333333333
81.248333333333
81.386666666667
81.526666666667
81.641666666667
81.766666666667
81.896666666667
81.996666666667
82.091666666667
82.216666666667
82.298333333333
82.403333333333
82.580000000000
82.695000000000
82.805000000000
82.923333333333
83.018333333333
83.126666666667
83.193333333333
83.310000000000
83.396666666667
83.491666666667
83.598333333333
83.683333333333
83.785000000000
83.865000000000
83.965000000000
84.071666666667
84.160000000000
84.246666666667
84.325000000000
84.415000000000
84.498333333333
84.576666666667
84.648333333333
84.730000000000
84.796666666667
84.881666666667
84.953333333333
85.008333333333
85.078333333333
85.150000000000
85.220000000000
85.281666666667
85.343333333333
85.381666666667
85.451666666667
85.526666666667
85.571666666667
85.640000000000
85.718333333333
85.781666666667
85.838333333333
85.876666666667
85.933333333333
85.991666666667
86.071666666667
86.140000000000
86.218333333333
86.258333333333
86.336666666667
86.395000000000
86.448333333333
86.503333333333
86.546666666667
86.601666666667
