2.301420034281
2.299717484538
2.299022707113
2.298486770376
2.298004864756
2.297540778097
2.297094935862
2.296637749990
2.296159116618
2.295660729980
2.295137700653
2.294567778524
2.293953369649
2.293278796641
2.292532548523
2.291708646647
2.290791272990
2.289745149740
2.288572547658
2.287217701213
2.285640537516
2.283807837677
2.281655743663
2.279065705872
2.276017144521
2.272328873952
2.267850087992
2.262331499481
2.255587707520
2.247203511047
2.236899426270
2.224148369853
2.208849124400
2.190513800812
2.169264718882
2.145406859589
2.119483215841
2.092642064412
2.066446383413
2.041828897349
2.018702719116
1.997118390147
1.976887792460
1.957228712972
1.937870672862
1.918467724355
1.898668957265
1.878372462718
1.857585505422
1.836023289490
1.813769368235
1.790703916423
1.767094991175
1.742915031433
1.718313956706
1.693394877752
1.668085998917
1.642519097392
1.616910750961
1.591295059840
1.565646665319
1.540129482778
1.514825513713
1.489625682958
1.464728956858
1.440123372523
1.415785689545
1.391908743413
1.368466746902
1.345380765406
1.322842186991
1.300884173457
1.279444280752
1.258564560827
1.238326561737
1.218582155355
1.199484417979
1.181070499166
1.163244087728
1.146019123205
1.129400418091
1.113418564224
1.097878207652
1.082857633209
1.068363154729
1.054435371780
1.040897308922
1.027873975118
1.015226425044
1.003025096385
0.991156943512
0.979664917119
0.968470773188
0.957713941193
0.947224987793
0.937054500326
0.927091854350
0.917411218707
0.908043868256
0.898969628398
0.890093738111
0.881454958598
0.873091187477
0.864880675570
0.856875178210
0.849091005580
0.841547855377
0.834139498965
0.826928543282
0.819879572805
0.813051131058
0.806358564885
0.799836361631
0.793391232300
0.787144753710
0.781019703039
0.775022881063
0.769172223536
0.763459854317
0.757855167898
0.752373166402
0.747006473033
0.741775693703
0.736632634417
0.731597290103
0.726671799215
0.721803126335
0.717037203598
0.712341688283
0.707756336276
0.703197047297
0.698769546254
0.694427578417
0.690137009494
0.685962043444
0.681824134700
0.677741779010
0.673768514824
0.669828782018
0.665985077731
0.662184715716
0.658449456469
0.654768391546
0.651130285136
0.647578050677
0.644068690872
0.640615977414
0.637225193596
0.633879821523
0.630593774160
0.627351580556
0.624170393753
0.621026415571
0.617913367208
0.614866036161
0.611820597013
0.608854996808
0.605936972682
0.603036209488
0.600198802948
0.597411058172
0.594613862038
0.591876100413
0.589181233279
0.586516190147
0.583916615550
0.581322262891
0.578781606420
0.576275819969
0.573789257654
0.571325361760
0.568906378873
0.566530715307
0.564184326553
0.561883564695
0.559594277891
0.557339096769
0.555107546743
0.552922483508
0.550738351059
0.548580941200
0.546449908574
0.544333554077
0.542260636584
0.540206421280
0.538165237617
0.536151935577
0.534190934308
0.532255418237
0.530312612502
0.528385063712
0.526476229986
0.524610430018
0.522756407038
0.520937097708
0.519139921665
0.517347068501
0.515566832860
0.513826452891
0.512094752280
0.510387334156
