11.236666666667
86.626666666667
90.818333333333
92.440000000000
93.303333333333
93.913333333333
94.308333333333
94.623333333333
94.883333333333
95.053333333333
95.211666666667
95.386666666667
95.515000000000
95.618333333333
95.733333333333
95.801666666667
95.878333333333
95.950000000000
96.013333333333
96.040000000000
96.136666666667
96.170000000000
96.233333333333
96.251666666667
96.281666666667
96.340000000000
96.373333333333
96.393333333333
96.416666666667
96.458333333333
96.505000000000
96.536666666667
96.563333333333
96.598333333333
96.605000000000
96.640000000000
96.660000000000
96.685000000000
96.698333333333
96.715000000000
96.718333333333
96.745000000000
96.786666666667
96.776666666667
96.798333333333
96.816666666667
96.835000000000
96.883333333333
96.871666666667
96.906666666667
96.903333333333
96.933333333333
96.940000000000
96.956666666667
96.956666666667
96.985000000000
96.993333333333
97.000000000000
97.000000000000
97.006666666667
97.031666666667
97.036666666667
97.055000000000
97.058333333333
97.048333333333
97.071666666667
97.080000000000
97.078333333333
97.076666666667
97.096666666667
97.103333333333
97.110000000000
97.125000000000
97.145000000000
97.130000000000
97.150000000000
97.150000000000
97.160000000000
97.163333333333
97.186666666667
97.181666666667
97.195000000000
97.198333333333
97.205000000000
97.211666666667
97.198333333333
97.211666666667
97.235000000000
97.230000000000
97.240000000000
97.253333333333
97.251666666667
97.256666666667
97.258333333333
97.263333333333
97.258333333333
97.260000000000
97.293333333333
97.286666666667
97.271666666667
97.283333333333
97.295000000000
97.303333333333
97.293333333333
97.280000000000
97.296666666667
97.291666666667
97.306666666667
97.311666666667
97.321666666667
97.328333333333
97.323333333333
97.315000000000
97.356666666667
97.358333333333
97.343333333333
97.341666666667
97.358333333333
97.355000000000
97.343333333333
97.366666666667
97.358333333333
97.360000000000
97.370000000000
97.365000000000
97.376666666667
97.385000000000
97.383333333333
97.385000000000
97.396666666667
97.386666666667
97.380000000000
97.401666666667
97.418333333333
97.398333333333
97.410000000000
97.396666666667
97.400000000000
97.403333333333
97.406666666667
97.403333333333
97.421666666667
97.416666666667
97.415000000000
97.416666666667
97.428333333333
97.436666666667
97.418333333333
97.430000000000
97.436666666667
97.435000000000
97.430000000000
97.443333333333
97.431666666667
97.448333333333
97.441666666667
97.453333333333
97.440000000000
97.446666666667
97.441666666667
97.461666666667
97.450000000000
97.443333333333
97.461666666667
97.446666666667
97.461666666667
97.463333333333
97.451666666667
97.450000000000
97.455000000000
97.456666666667
97.451666666667
97.456666666667
97.455000000000
97.460000000000
97.455000000000
97.471666666667
97.460000000000
97.465000000000
97.466666666667
97.475000000000
97.468333333333
97.468333333333
97.475000000000
97.466666666667
97.471666666667
97.475000000000
97.486666666667
97.475000000000
97.481666666667
97.496666666667
97.495000000000
97.495000000000
97.485000000000
97.488333333333
97.511666666667
97.491666666667
97.501666666667
97.503333333333
97.495000000000
97.508333333333
