11.236666666667
47.473333333333
72.726666666667
80.978333333333
84.863333333333
87.098333333333
88.386666666667
89.460000000000
90.213333333333
90.763333333333
91.253333333333
91.626666666667
91.985000000000
92.313333333333
92.548333333333
92.811666666667
92.975000000000
93.183333333333
93.361666666667
93.490000000000
93.665000000000
93.795000000000
93.913333333333
94.053333333333
94.128333333333
94.198333333333
94.281666666667
94.360000000000
94.421666666667
94.485000000000
94.523333333333
94.595000000000
94.655000000000
94.720000000000
94.768333333333
94.830000000000
94.903333333333
94.946666666667
94.978333333333
95.051666666667
95.071666666667
95.101666666667
95.138333333333
95.155000000000
95.215000000000
95.255000000000
95.285000000000
95.328333333333
95.365000000000
95.403333333333
95.413333333333
95.436666666667
95.478333333333
95.500000000000
95.533333333333
95.553333333333
95.588333333333
95.590000000000
95.626666666667
95.648333333333
95.676666666667
95.701666666667
95.716666666667
95.743333333333
95.771666666667
95.781666666667
95.811666666667
95.816666666667
95.856666666667
95.868333333333
95.865000000000
95.883333333333
95.901666666667
95.886666666667
95.923333333333
95.926666666667
95.925000000000
95.935000000000
95.955000000000
95.980000000000
95.990000000000
96.016666666667
96.010000000000
96.026666666667
96.030000000000
96.045000000000
96.053333333333
96.065000000000
96.083333333333
96.106666666667
96.110000000000
96.128333333333
96.146666666667
96.145000000000
96.165000000000
96.161666666667
96.188333333333
96.215000000000
96.211666666667
96.220000000000
96.231666666667
96.240000000000
96.238333333333
96.256666666667
96.260000000000
96.260000000000
96.288333333333
96.300000000000
96.310000000000
96.310000000000
96.313333333333
96.321666666667
96.336666666667
96.343333333333
96.345000000000
96.366666666667
96.361666666667
96.380000000000
96.383333333333
96.383333333333
96.408333333333
96.421666666667
96.425000000000
96.435000000000
96.446666666667
96.451666666667
96.458333333333
96.476666666667
96.478333333333
96.471666666667
96.483333333333
96.498333333333
96.501666666667
96.515000000000
96.528333333333
96.538333333333
96.533333333333
96.555000000000
96.556666666667
96.558333333333
96.578333333333
96.573333333333
96.583333333333
96.595000000000
96.590000000000
96.585000000000
96.603333333333
96.601666666667
96.606666666667
96.621666666667
96.633333333333
96.636666666667
96.641666666667
96.643333333333
96.645000000000
96.658333333333
96.661666666667
96.663333333333
96.675000000000
96.686666666667
96.688333333333
96.691666666667
96.698333333333
96.701666666667
96.700000000000
96.706666666667
96.721666666667
96.723333333333
96.735000000000
96.740000000000
96.745000000000
96.746666666667
96.750000000000
96.756666666667
96.753333333333
96.753333333333
96.761666666667
96.760000000000
96.765000000000
96.786666666667
96.785000000000
96.788333333333
96.786666666667
96.793333333333
96.790000000000
96.796666666667
96.801666666667
96.803333333333
96.805000000000
96.815000000000
96.823333333333
96.823333333333
96.825000000000
96.823333333333
96.830000000000
96.833333333333
96.836666666667
96.856666666667
96.865000000000
96.858333333333
96.868333333333
