2.295002703094
0.522258434995
0.360524003903
0.298379722579
0.263501620722
0.240632510964
0.224836988020
0.212695171897
0.203380776739
0.195768318176
0.189250279665
0.183727584362
0.179060033957
0.175065715321
0.171306351121
0.168036570438
0.165192029174
0.162580778535
0.160030777780
0.158066657400
0.155879335594
0.154123120952
0.152299905014
0.150817266711
0.149299978121
0.147794635542
0.146527581159
0.145429055421
0.144184082325
0.143022887039
0.141903132613
0.140902318287
0.139948567216
0.139021303741
0.138218075204
0.137391425912
0.136548024631
0.135792351913
0.135014106854
0.134354278970
0.133763013275
0.133033955654
0.132435934869
0.131779174717
0.131161172191
0.130518046971
0.129962093306
0.129522611054
0.128966619126
0.128471663531
0.128001632245
0.127500781345
0.126941993395
0.126546112967
0.126067714218
0.125700596174
0.125281186740
0.124900067409
0.124481232540
0.124043240293
0.123689829262
0.123332487114
0.123034948111
0.122689028891
0.122367996979
0.121999507777
0.121741530704
0.121416147550
0.121111477129
0.120826674557
0.120502075434
0.120214300362
0.119976283312
0.119734323510
0.119470535318
0.119237187938
0.118967373935
0.118728798874
0.118538324849
0.118254668244
0.118015869006
0.117756456399
0.117501322929
0.117258455638
0.117056848554
0.116906988390
0.116646335403
0.116474222604
0.116227075315
0.116006535856
0.115819621833
0.115563007029
0.115389578811
0.115186140978
0.115002482510
0.114842192634
0.114619703813
0.114439235989
0.114285042548
0.114066828521
0.113891719965
0.113702471344
0.113527468840
0.113406951129
0.113251139259
0.113062193537
0.112911959775
0.112759201900
0.112614335179
0.112476873279
0.112311873110
0.112156006328
0.112033385523
0.111871712812
0.111728010356
0.111559286364
0.111452178113
0.111338499121
0.111196713448
0.111056919177
0.110941625408
0.110816924596
0.110712843959
0.110606458473
0.110518872285
0.110362798603
0.110223594586
0.110108072766
0.109988808771
0.109877276214
0.109778424923
0.109645995092
0.109534051379
0.109412682541
0.109288635929
0.109181624373
0.109060964974
0.108944851081
0.108819668913
0.108724603430
0.108617512465
0.108513144032
0.108413468266
0.108330605245
0.108254442700
0.108128757234
0.107995038231
0.107904505992
0.107817964602
0.107728705716
0.107613297359
0.107499202474
0.107428660436
0.107332496802
0.107272596653
0.107129952737
0.107031338433
0.106988088799
0.106872877884
0.106771960958
0.106698897107
0.106606261118
0.106523409216
0.106448149772
0.106352635201
0.106280484660
0.106180251487
0.106113070329
0.105998500327
0.105932606872
0.105820509450
0.105732327239
0.105661236501
0.105618080393
0.105527500312
0.105460027226
0.105348258718
0.105277166915
0.105192807968
0.105130714043
0.105050023619
0.104984861036
0.104920016805
0.104853756261
0.104791298207
0.104736946309
0.104658431466
0.104593903470
0.104537643147
0.104436678092
0.104397220079
0.104297151446
0.104243863304
0.104180769714
0.104109481796
0.104038145979
0.103981824446
0.103890699840
0.103853054845
0.103725957513
0.103681330482
