2.298174443817
1.756902623749
0.947673567645
0.692713423602
0.572276030858
0.499062737910
0.449677709039
0.413417305342
0.385536499977
0.362827264563
0.343954900455
0.328223891767
0.314507454809
0.303095747995
0.293010383590
0.283910318597
0.275923271592
0.268792622375
0.262208211263
0.256413984776
0.250958574597
0.246109980933
0.241522408565
0.237396807877
0.233557566420
0.229990913455
0.226691532056
0.223445739937
0.220553553263
0.217819354375
0.215232639281
0.212707395220
0.210465253909
0.208155510267
0.206017387486
0.204020363967
0.202094421609
0.200269446452
0.198526956375
0.196880135155
0.195250763766
0.193677799082
0.192186744277
0.190774561779
0.189422668982
0.188087486951
0.186803197749
0.185544464715
0.184376917442
0.183225872278
0.182101960659
0.181034299246
0.180044870885
0.179019708761
0.178042068013
0.177040109229
0.176130984195
0.175229310139
0.174322091071
0.173449888118
0.172641470941
0.171822077823
0.171058378696
0.170253550641
0.169455503186
0.168726210602
0.168019232392
0.167311207080
0.166603680936
0.165945099036
0.165357115316
0.164703600963
0.164087862158
0.163511882822
0.162937852844
0.162297332708
0.161758985957
0.161203556228
0.160664178705
0.160129557514
0.159582849916
0.159076336670
0.158559452438
0.158067283217
0.157570884387
0.157115746387
0.156672036211
0.156204580967
0.155771166619
0.155283212948
0.154825055965
0.154395421219
0.153966096322
0.153557386152
0.153142255497
0.152786714085
0.152398717952
0.152001727128
0.151613808926
0.151229300809
0.150874624062
0.150539097587
0.150161788742
0.149815252892
0.149443281571
0.149115266506
0.148739565357
0.148427296829
0.148081219244
0.147742711624
0.147425716726
0.147132698536
0.146814838028
0.146514008641
0.146226006929
0.145956499235
0.145680030624
0.145360308178
0.145088578463
0.144796128432
0.144524798330
0.144230905875
0.143960309450
0.143679113555
0.143427932302
0.143151006921
0.142892443283
0.142612084270
0.142378404450
0.142147068755
0.141891849041
0.141651773024
0.141397104263
0.141157705005
0.140906586202
0.140665447966
0.140428794622
0.140227447597
0.140003588653
0.139796855728
0.139589634124
0.139354947925
0.139124941627
0.138910372257
0.138687107730
0.138500939639
0.138283235455
0.138094370818
0.137904683661
0.137682804958
0.137506264567
0.137300459146
0.137114076463
0.136914875054
0.136741077630
0.136551980042
0.136356568567
0.136198637001
0.136014682221
0.135834983222
0.135637271444
0.135455875405
0.135295863239
0.135125428700
0.134969095262
0.134781576959
0.134611271564
0.134432036734
0.134240781005
0.134066227102
0.133915087712
0.133757727734
0.133589853517
0.133438064488
0.133301126949
0.133129399300
0.132971553564
0.132810921025
0.132676699257
0.132527811583
0.132368246277
0.132206499767
0.132052584060
0.131916627900
0.131771761902
0.131601270850
0.131464112274
0.131321808672
0.131187386068
0.131050408292
0.130901096034
0.130773653173
0.130636289056
0.130493185949
0.130348474113
0.130236154167
0.130094246634
0.129948166386
0.129830635047
0.129687608878
0.129561112928
