0.9999752
0.9999504
0.9790107
0.9667369
0.9583561
0.9501240
0.9436524
0.9364493
0.9311183
0.9237540
0.9186958
0.9127201
0.9064344
0.8992933
0.8968882
0.8920283
0.8852591
0.8838458
0.8744731
0.8714976
0.8645549
0.8632532
0.8587280
0.8574510
0.8497149
0.8463179
0.8412224
0.8392140
0.8328416
0.8312423
0.8307463
0.8242747
0.8242995
0.8198611
0.8136375
0.8147533
0.8091123
0.8073394
0.8020952
0.8036325
0.7966154
0.7928837
0.7908877
0.7886065
0.7861765
0.7828911
0.7846640
0.7814034
0.7717456
0.7740888
0.7704314
0.7660055
0.7650632
0.7599802
0.7587652
0.7570171
0.7527027
0.7548227
0.7472353
0.7478056
0.7416439
0.7438011
0.7393132
0.7361146
0.7327176
0.7342301
0.7329655
0.7312051
0.7281428
0.7266427
0.7207662
0.7231465
0.7163278
0.7163650
0.7136375
0.7135631
0.7082197
0.7076990
0.7052566
0.7097446
0.7059137
0.7015993
0.7038681
0.6992437
0.6969502
0.6922514
0.6884453
0.6917183
0.6881726
0.6841309
0.6805728
0.6828540
0.6758244
0.6824076
0.6784032
0.6811679
0.6764815
0.6771138
0.6656955
0.6665386
0.6726010
0.6705182
