0.9999445
0.9999128
0.9776555
0.9650668
0.9560994
0.9468519
0.9403980
0.9327220
0.9267294
0.9187787
0.9140327
0.9067886
0.9015874
0.8936688
0.8911207
0.8854779
0.8789147
0.8773875
0.8677576
0.8643169
0.8583204
0.8572946
0.8506899
0.8508955
0.8412786
0.8391963
0.8322622
0.8331291
0.8255843
0.8219847
0.8223988
0.8145749
0.8155911
0.8123799
0.8059082
0.8052309
0.8003157
0.7987797
0.7921498
0.7932828
0.7871499
0.7842477
0.7798111
0.7786421
0.7770269
0.7730347
0.7720948
0.7715558
0.7628732
0.7628458
0.7603106
0.7540526
0.7543479
0.7491037
0.7481117
0.7435272
0.7418969
0.7439798
0.7360600
0.7396091
0.7308015
0.7285723
0.7274683
0.7235111
0.7187712
0.7214572
0.7220744
0.7170431
0.7161064
0.7147977
0.7079894
0.7088538
0.7021519
0.7049437
0.7023209
0.6998432
0.6959101
0.6954920
0.6904675
0.6971356
0.6944508
0.6872635
0.6875602
0.6874390
0.6863163
0.6761128
0.6745931
0.6798761
0.6731125
0.6710207
0.6656556
0.6668209
0.6623116
0.6659776
0.6654911
0.6678681
0.6640708
0.6651468
0.6515452
0.6492717
0.6591432
0.6517957
