0.0000496
0.0000607
0.0021864
0.0026946
0.0036410
0.0052792
0.0052506
0.0060136
0.0070811
0.0080272
0.0075234
0.0095699
0.0078202
0.0090746
0.0093052
0.0105684
0.0102361
0.0104198
0.0108348
0.0115855
0.0100589
0.0096136
0.0129687
0.0105768
0.0136112
0.0114900
0.0144565
0.0098175
0.0117089
0.0149362
0.0134680
0.0156498
0.0140503
0.0120703
0.0124705
0.0153635
0.0141926
0.0138104
0.0160459
0.0166983
0.0152718
0.0139334
0.0178710
0.0160767
0.0147621
0.0159025
0.0202793
0.0158882
0.0143148
0.0181394
0.0163290
0.0192848
0.0172881
0.0175482
0.0171884
0.0217647
0.0174342
0.0174940
0.0180304
0.0132242
0.0174932
0.0245703
0.0191105
0.0203345
0.0225012
0.0206079
0.0175718
0.0228491
0.0194197
0.0191109
0.0206142
0.0230601
0.0228715
0.0184273
0.0182583
0.0221358
0.0198605
0.0196949
0.0238608
0.0203435
0.0184943
0.0231295
0.0263112
0.0190459
0.0171568
0.0260382
0.0223492
0.0191063
0.0242981
0.0211522
0.0240675
0.0258679
0.0218017
0.0265083
0.0208324
0.0214579
0.0200235
0.0193076
0.0228302
0.0278585
0.0217129
0.0302070
