1.0000059
0.9999881
0.9803658
0.9684071
0.9606128
0.9533960
0.9469067
0.9401766
0.9355072
0.9287293
0.9233588
0.9186515
0.9112814
0.9049178
0.9026556
0.8985786
0.8916035
0.8903040
0.8811886
0.8786784
0.8707895
0.8692118
0.8667661
0.8640066
0.8581512
0.8534394
0.8501827
0.8452989
0.8400988
0.8404998
0.8390939
0.8339746
0.8330080
0.8273424
0.8213668
0.8242757
0.8179090
0.8158992
0.8120406
0.8139822
0.8060810
0.8015197
0.8019643
0.7985709
0.7953262
0.7927476
0.7972333
0.7912510
0.7806180
0.7853317
0.7805522
0.7779583
0.7757785
0.7708566
0.7694187
0.7705070
0.7635085
0.7656656
0.7584107
0.7560021
0.7524863
0.7590300
0.7511580
0.7487180
0.7466640
0.7470030
0.7438566
0.7453671
0.7401792
0.7384877
0.7335430
0.7374393
0.7305037
0.7277863
0.7249541
0.7272830
0.7205293
0.7199060
0.7200457
0.7223536
0.7173766
0.7159351
0.7201760
0.7110485
0.7075840
0.7083901
0.7022975
0.7035606
0.7032327
0.6972412
0.6954900
0.6988871
0.6893373
0.6988377
0.6913152
0.6944676
0.6888922
0.6890808
0.6798458
0.6838055
0.6860588
0.6892407
