47.2189000
69.5909000
71.9120000
71.9120000
71.9120000
71.9120000
71.9120000
71.9120000
71.9120000
71.9120000
71.9120000
71.9120000
71.9120000
71.9120000
71.9120000
71.9120000
71.9120000
71.9768000
73.0683000
75.1638000
77.0877000
78.9631000
80.3164000
81.1606000
81.7135000
82.0623000
82.3184000
82.5013000
82.6409000
82.7734000
82.8276000
82.8959000
82.9483000
82.9903000
83.0265000
83.0487000
83.0678000
83.0891000
83.1152000
83.1334000
83.1538000
83.1782000
83.2084000
83.2377000
83.2734000
83.3035000
83.3328000
83.3581000
83.3892000
83.4121000
83.4401000
83.4685000
83.4881000
83.5145000
83.5435000
83.5664000
83.5879000
83.6173000
83.6423000
83.6578000
83.6815000
83.7012000
83.7196000
83.7309000
83.7387000
83.7494000
83.7617000
83.7702000
83.7804000
83.7935000
83.8033000
83.8138000
83.8322000
83.8386000
83.8514000
83.8575000
83.8709000
83.8809000
83.8874000
83.8940000
83.9067000
83.9164000
83.9232000
83.9304000
83.9347000
83.9389000
83.9483000
83.9528000
83.9654000
83.9689000
83.9721000
83.9771000
83.9841000
83.9835000
83.9927000
83.9941000
84.0046000
84.0045000
84.0135000
84.0168000
84.0194000
84.0202000
