44.0275720
66.6161204
71.9120000
71.9120000
71.9120000
71.9120000
71.9120000
71.9120000
71.9120000
71.9120000
71.9120000
71.9120000
71.9120000
71.9120000
71.9120000
71.9120000
71.9120000
71.8943486
72.2858921
73.7161602
75.4119809
77.6738319
79.5472832
80.6877523
81.3871965
81.8491536
82.1632722
82.3870103
82.5474203
82.7078362
82.7742965
82.8572264
82.9211499
82.9597440
83.0017554
83.0330003
83.0488137
83.0709143
83.0970157
83.1147209
83.1403207
83.1601578
83.1902064
83.2154835
83.2459583
83.2811951
83.3114445
83.3410076
83.3672729
83.3903971
83.4171882
83.4483087
83.4683955
83.4962599
83.5222139
83.5455093
83.5708684
83.5982042
83.6223310
83.6433496
83.6655980
83.6875142
83.7047215
83.7226473
83.7296880
83.7383500
83.7533888
83.7607806
83.7716075
83.7837108
83.7931645
83.8047042
83.8218405
83.8293476
83.8414052
83.8480218
83.8620022
83.8723816
83.8794134
83.8867719
83.9002824
83.9102007
83.9168622
83.9199946
83.9261969
83.9314034
83.9417991
83.9432268
83.9592442
83.9628751
83.9642285
83.9682802
83.9752368
83.9760973
83.9897528
83.9838537
83.9972496
83.9955214
84.0075148
84.0050898
84.0122135
84.0112105
