5.1489108
4.7995302
0.0000000
0.0000000
0.0000000
0.0000000
0.0000000
0.0000000
0.0000000
0.0000000
0.0000000
0.0000000
0.0000000
0.0000000
0.0000000
0.0000000
0.0000000
0.1330277
1.2623424
2.3356321
2.7036169
2.0801141
1.2408984
0.7628958
0.5264603
0.3438919
0.2502843
0.1843958
0.1508207
0.1057811
0.0860002
0.0623962
0.0438042
0.0492992
0.0399231
0.0253300
0.0306327
0.0293409
0.0293387
0.0301370
0.0217476
0.0291094
0.0293537
0.0358442
0.0442746
0.0359868
0.0344552
0.0275770
0.0353774
0.0350156
0.0369661
0.0325768
0.0317914
0.0294287
0.0343431
0.0337052
0.0274789
0.0308093
0.0322182
0.0233144
0.0256564
0.0220808
0.0240050
0.0133150
0.0145399
0.0178281
0.0134093
0.0151974
0.0141859
0.0157940
0.0163527
0.0146751
0.0167141
0.0149278
0.0161258
0.0152922
0.0143558
0.0137437
0.0128857
0.0116619
0.0103542
0.0100020
0.0102255
0.0167881
0.0137190
0.0120950
0.0104886
0.0154454
0.0099318
0.0097206
0.0127000
0.0142299
0.0143000
0.0119436
0.0047550
0.0165315
0.0118592
0.0144862
0.0096566
0.0188934
0.0115948
0.0145038
