50.4102280
72.5656796
71.9120000
71.9120000
71.9120000
71.9120000
71.9120000
71.9120000
71.9120000
71.9120000
71.9120000
71.9120000
71.9120000
71.9120000
71.9120000
71.9120000
71.9120000
72.0592514
73.8507079
76.6114398
78.7634191
80.2523681
81.0855168
81.6334477
82.0398035
82.2754464
82.4735278
82.6155897
82.7343797
82.8389638
82.8809035
82.9345736
82.9754501
83.0208560
83.0512446
83.0643997
83.0867863
83.1072857
83.1333843
83.1520791
83.1672793
83.1962422
83.2265936
83.2599165
83.3008417
83.3258049
83.3541555
83.3751924
83.4111271
83.4338029
83.4630118
83.4886913
83.5078045
83.5327401
83.5647861
83.5872907
83.6049316
83.6363958
83.6622690
83.6722504
83.6974020
83.7148858
83.7344785
83.7391527
83.7477120
83.7604500
83.7700112
83.7796194
83.7891925
83.8032892
83.8134355
83.8228958
83.8425595
83.8478524
83.8613948
83.8669782
83.8797978
83.8894184
83.8953866
83.9012281
83.9131176
83.9225993
83.9295378
83.9408054
83.9432031
83.9463966
83.9548009
83.9623732
83.9715558
83.9749249
83.9799715
83.9859198
83.9929632
83.9909027
83.9956472
84.0043463
84.0119504
84.0134786
84.0194852
84.0285102
84.0265865
84.0291895
