0.9999800079968013
0.9844412235105957
0.1408136745301879
0.0355157936825270
0.0129398240703719
0.0062524990003998
0.0038334666133547
0.0026139544182327
0.0018442622950820
0.0015593762495002
0.0012395041983207
0.0011195521791283
0.0009596161535386
0.0007996801279488
0.0007996801279488
0.0007596961215514
0.0006797281087565
0.0006797281087565
0.0005997600959616
0.0005997600959616
0.0005997600959616
0.0005147940823671
0.0004748100759696
0.0003948420631747
0.0003948420631747
0.0003998400639744
0.0003998400639744
0.0003898440623750
0.0003998400639744
0.0003998400639744
0.0003998400639744
0.0003998400639744
0.0003948420631747
0.0003998400639744
0.0003948420631747
0.0003998400639744
0.0003998400639744
0.0003998400639744
0.0003998400639744
0.0003998400639744
0.0003998400639744
0.0003948420631747
0.0003998400639744
0.0003998400639744
0.0003998400639744
0.0003998400639744
0.0003998400639744
0.0003998400639744
0.0003998400639744
0.0003998400639744
0.0003948420631747
0.0003948420631747
0.0003948420631747
0.0003998400639744
0.0003998400639744
0.0003998400639744
0.0003998400639744
0.0003998400639744
0.0003998400639744
0.0003998400639744
0.0003998400639744
0.0003998400639744
0.0003998400639744
0.0003948420631747
0.0003998400639744
0.0003998400639744
0.0003998400639744
0.0003998400639744
0.0003998400639744
0.0003998400639744
0.0003998400639744
0.0003998400639744
0.0003948420631747
0.0003998400639744
0.0003998400639744
0.0003948420631747
0.0003998400639744
0.0003998400639744
0.0003998400639744
0.0003998400639744
0.0003998400639744
0.0003948420631747
0.0003948420631747
0.0003948420631747
0.0003998400639744
0.0003998400639744
0.0003948420631747
0.0003998400639744
0.0003998400639744
0.0003998400639744
0.0003998400639744
0.0003998400639744
0.0003998400639744
0.0003998400639744
0.0003998400639744
0.0003998400639744
0.0003998400639744
0.0003998400639744
0.0003948420631747
0.0003998400639744
0.0003998400639744
0.0003998400639744
0.0003998400639744
0.0003948420631747
0.0003998400639744
0.0003998400639744
0.0003998400639744
0.0003998400639744
0.0003998400639744
0.0003948420631747
0.0003948420631747
0.0003998400639744
0.0003998400639744
0.0003998400639744
0.0003998400639744
0.0003998400639744
0.0003998400639744
0.0003998400639744
0.0003998400639744
0.0003998400639744
0.0003998400639744
0.0003948420631747
0.0003948420631747
0.0003948420631747
0.0003998400639744
0.0003998400639744
0.0003998400639744
0.0003998400639744
0.0003998400639744
0.0003998400639744
0.0003998400639744
0.0003998400639744
0.0003998400639744
0.0003998400639744
0.0003948420631747
0.0003998400639744
0.0003998400639744
0.0003998400639744
0.0003998400639744
0.0003948420631747
0.0003998400639744
0.0003998400639744
0.0003998400639744
0.0003948420631747
0.0003998400639744
0.0003998400639744
0.0003998400639744
0.0003998400639744
0.0003998400639744
0.0003998400639744
0.0003998400639744
0.0003998400639744
0.0003998400639744
0.0003998400639744
0.0003948420631747
0.0003948420631747
0.0003998400639744
0.0003998400639744
0.0003998400639744
0.0003998400639744
0.0003998400639744
0.0003948420631747
0.0003948420631747
0.0003998400639744
0.0003998400639744
0.0003998400639744
0.0003998400639744
0.0003948420631747
0.0003948420631747
0.0003998400639744
0.0003998400639744
0.0003998400639744
0.0003998400639744
0.0003948420631747
0.0003998400639744
0.0003998400639744
0.0003998400639744
0.0003998400639744
0.0003948420631747
0.0003998400639744
0.0003998400639744
0.0003998400639744
0.0003948420631747
0.0003998400639744
0.0003848460615754
0.0003998400639744
0.0003998400639744
0.0003948420631747
0.0003998400639744
0.0003998400639744
0.0003948420631747
0.0003998400639744
0.0003998400639744
0.0003998400639744
0.0003998400639744
0.0003948420631747
0.0003948420631747
0.0003998400639744
0.0003998400639744
0.0003998400639744
0.0003998400639744
0.0003998400639744
