273.5038103153531210
10.6011483170007956
0.0000758803390718
0.0000202002405254
0.0000136800185021
0.0000153907534164
0.0000066423516109
0.0000079746456989
0.0000047823029243
0.0000052850596223
0.0000078907374659
0.0000064257534605
0.0000068602829298
0.0000063649056008
0.0000044141805172
0.0000054455338095
0.0000036404005107
0.0000030042736567
0.0000053090368804
0.0000045942314534
0.0000030304032264
0.0000036947863521
0.0000040785594752
0.0000036311764981
0.0000019472979005
0.0000031241288172
0.0000036035447570
0.0000016335354046
0.0000027254993500
0.0000028279168043
0.0000022994554388
0.0000014110262602
0.0000027196464275
0.0000034766552085
0.0000027239881516
0.0000023395337733
0.0000018236953269
0.0000020829425498
0.0000015001575995
0.0000017983417174
0.0000010993643277
0.0000018843120058
0.0000012783538896
0.0000008878696823
0.0000013332816425
0.0000010697143310
0.0000019370904810
0.0000014301226492
0.0000010050758995
0.0000010459325751
0.0000011067139537
0.0000016358487584
0.0000014775677793
0.0000018413870105
0.0000008950488843
0.0000010726501458
0.0000011893898322
0.0000010947203891
0.0000010936569564
0.0000006922646682
0.0000010078559493
0.0000014718154919
0.0000007736926136
0.0000011161188229
0.0000010865500254
0.0000011024790337
0.0000007097180648
0.0000007824815505
0.0000006382962988
0.0000006811133485
0.0000006605810742
0.0000009526299622
0.0000010373550451
0.0000010714772218
0.0000007907970578
0.0000009186196495
0.0000009180894835
0.0000005682680984
0.0000009378537048
0.0000008811524140
0.0000008044770512
0.0000009033649309
0.0000006836424258
0.0000009208703677
0.0000009191843056
0.0000008731233483
0.0000007660258388
0.0000006975239535
0.0000004868957998
0.0000005621398096
0.0000003989579208
0.0000006116429026
0.0000006198535252
0.0000008231759448
0.0000004967547639
0.0000006162909161
0.0000004464006966
0.0000005249992376
0.0000006664477653
0.0000009064343804
0.0000008393136042
0.0000005283287547
0.0000005441897504
0.0000008061784527
0.0000005801299487
0.0000005267885119
0.0000007903861669
0.0000006549362880
0.0000006508433125
0.0000005547117120
0.0000007214626114
0.0000005857156792
0.0000005301788301
0.0000003860850280
0.0000003656529389
0.0000008729133743
0.0000002319221550
0.0000005199804098
0.0000005114683233
0.0000007006182557
0.0000006049093031
0.0000003888372144
0.0000005335658125
0.0000007317512609
0.0000004702409971
0.0000007028554359
0.0000005009995241
0.0000006929394629
0.0000006251033929
0.0000007896662414
0.0000004963595944
0.0000006992613320
0.0000003918423969
0.0000004472390843
0.0000004056396711
0.0000006655850812
0.0000004290124120
0.0000003489309930
0.0000006102657569
0.0000004838106454
0.0000006229294902
0.0000003780167337
0.0000005568650892
0.0000003882667292
0.0000005360276861
0.0000004348373703
0.0000002741257646
0.0000003502352199
0.0000003920049006
0.0000003368362748
0.0000004049333875
0.0000004757904875
0.0000004009690619
0.0000004068738422
0.0000003572404047
0.0000003096440783
0.0000004226099514
0.0000003959424345
0.0000002022346884
0.0000005573062252
0.0000003516142547
0.0000004943194144
0.0000004002617558
0.0000003781677505
0.0000003339919338
0.0000004115239773
0.0000002898278414
0.0000007933245006
0.0000007007445750
0.0000003839088240
0.0000003216507223
0.0000004258746902
0.0000003601896752
0.0000003987199133
0.0000002873005897
0.0000002313642682
0.0000004517268396
0.0000002231363650
0.0000002551292976
0.0000003574365396
0.0000004655500295
0.0000002186031262
0.0000003804868824
0.0000002104396818
0.0000002623865604
0.0000002891656999
0.0000002764394427
0.0000001973280706
0.0000002842865766
0.0000003977828634
0.0000005126406962
0.0000003385257639
0.0000003755765446
0.0000002340955915
0.0000002581816693
0.0000003373838131
0.0000001545297110
0.0000001944025993
0.0000004547173360
0.0000001770357767
0.0000003398843920
0.0000003439756058
