4.8708393356885136
4.6647598634702012
0.4006584273828245
0.1589249042404819
0.0945031063117333
0.0686673252639035
0.0532081795060679
0.0438098170621969
0.0388381142231055
0.0336689648675134
0.0312809293705920
0.0302672503466487
0.0276043990797193
0.0252674023331168
0.0247917817594833
0.0233482864176312
0.0235712415077695
0.0247783789494729
0.0265380932967290
0.0254993525170059
0.0281678372639370
0.0254738580974376
0.0255042472454129
0.0236700163285433
0.0241933836477068
0.0232429002255721
0.0233037235707920
0.0232415417241116
0.0239091758908794
0.0247282567316740
0.0244244338781050
0.0234108641015640
0.0242054745928977
0.0242993189987439
0.0253230942210350
0.0239607188371684
0.0236379543762135
0.0243838132051630
0.0230694207412443
0.0233887262840862
0.0229032431939145
0.0232488026710984
0.0224010211400163
0.0222188601985005
0.0233976649452794
0.0225434521810064
0.0243040392156582
0.0243409526140113
0.0244948842592416
0.0236427932154735
0.0231552652190468
0.0236430681643904
0.0228159903768701
0.0226005626302594
0.0235200191324447
0.0236696953722062
0.0228933398016482
0.0229207552493949
0.0230728157874884
0.0238557182933461
0.0240806496519577
0.0245148049296837
0.0247293768133119
0.0251401608815351
0.0253511444615393
0.0259694164705435
0.0261714569038674
0.0260764768626851
0.0251744928237942
0.0233851531207530
0.0228634036395761
0.0232346498718847
0.0231957303328765
0.0235862427487001
0.0235650194686201
0.0231153429083533
0.0230824454974119
0.0232953805519607
0.0227911751415955
0.0233617520061282
0.0243607687416783
0.0239546805701707
0.0238718915730409
0.0240184921321218
0.0230866203541291
0.0232787672012125
0.0242968615082264
0.0254104743845582
0.0257481513097899
0.0259059690018129
0.0254031778519002
0.0245418997642697
0.0237824065778938
0.0241498571721230
0.0244851321489483
0.0239768261408813
0.0233048336597088
0.0235118385503663
0.0234869262509427
0.0234534048209278
0.0225990169437973
0.0223836017957533
0.0217749915770504
0.0212046515797093
0.0223834591153329
0.0223107469052908
0.0223419183418339
0.0228705917604002
0.0227172326832668
0.0226835291671448
0.0229796333915147
0.0229404812384084
0.0225999488295978
0.0229849556025465
0.0233842781019542
0.0232485527448176
0.0226070730144932
0.0217365547547423
0.0222799086181669
0.0220931074126876
0.0229475685995375
0.0230030141452398
0.0232464715926861
0.0228698976856665
0.0232795811309652
0.0239839564231625
0.0241620113574790
0.0249704160506445
0.0241168886043772
0.0249321576500030
0.0250165797939952
0.0247556849334138
0.0245654874797516
0.0237240551005158
0.0238377973561212
0.0239351225495457
0.0239965027546882
0.0245194946955360
0.0242929641552445
0.0243750789415353
0.0242831594448758
0.0239739881681411
0.0239277275397909
0.0242959324326544
0.0237294123261942
0.0243086158478525
0.0240565702013109
0.0244784499732384
0.0241006093962695
0.0239428322796977
0.0242708541068384
0.0239279303801789
0.0230523542342986
0.0231543854420693
0.0232386794596862
0.0228320730313938
0.0235537756437063
0.0234526745741315
0.0235920009472466
0.0236707270253191
0.0232234851509583
0.0234359094098160
0.0227278527205590
0.0230718651493602
0.0229544990204735
0.0229323795138472
0.0226666867915846
0.0229532212159853
0.0232686920202776
0.0233722983715303
0.0235448026366250
0.0240088353295755
0.0247906355909679
0.0241954372264319
0.0237513800595759
0.0234891825703523
0.0235288045594937
0.0239087980190220
0.0241448648372833
0.0244043125262730
0.0245431883668010
0.0249797697392309
0.0245656462950814
0.0244590614396769
0.0240621035251041
0.0243888162184833
0.0236650371652269
0.0233639613067718
0.0237458274715872
0.0236992370520426
0.0236760507126841
0.0241385163332188
0.0243382094064524
0.0244905932780535
0.0247881393032598
0.0243855769996595
0.0242423223732127
0.0240116153290728
0.0237357940440062
0.0239453778699004
0.0236112030711135
0.0233533803880361
