0.9999200319872051
1.0000000000000000
0.1421831267493003
0.0365453818472611
0.0134346261495402
0.0065573770491803
0.0039584166333467
0.0026389444222311
0.0018392642942823
0.0015593762495002
0.0012395041983207
0.0011195521791283
0.0009596161535386
0.0007996801279488
0.0007996801279488
0.0007596961215514
0.0006797281087565
0.0006797281087565
0.0005997600959616
0.0005997600959616
0.0005997600959616
0.0005197920831667
0.0004798080767693
0.0003998400639744
0.0003998400639744
0.0003998400639744
0.0003998400639744
0.0003998400639744
0.0003998400639744
0.0003998400639744
0.0003998400639744
0.0003998400639744
0.0003998400639744
0.0003998400639744
0.0003998400639744
0.0003998400639744
0.0003998400639744
0.0003998400639744
0.0003998400639744
0.0003998400639744
0.0003998400639744
0.0003998400639744
0.0003998400639744
0.0003998400639744
0.0003998400639744
0.0003998400639744
0.0003998400639744
0.0003998400639744
0.0003998400639744
0.0003998400639744
0.0003998400639744
0.0003998400639744
0.0003998400639744
0.0003998400639744
0.0003998400639744
0.0003998400639744
0.0003998400639744
0.0003998400639744
0.0003998400639744
0.0003998400639744
0.0003998400639744
0.0003998400639744
0.0003998400639744
0.0003998400639744
0.0003998400639744
0.0003998400639744
0.0003998400639744
0.0003998400639744
0.0003998400639744
0.0003998400639744
0.0003998400639744
0.0003998400639744
0.0003998400639744
0.0003998400639744
0.0003998400639744
0.0003998400639744
0.0003998400639744
0.0003998400639744
0.0003998400639744
0.0003998400639744
0.0003998400639744
0.0003998400639744
0.0003998400639744
0.0003998400639744
0.0003998400639744
0.0003998400639744
0.0003998400639744
0.0003998400639744
0.0003998400639744
0.0003998400639744
0.0003998400639744
0.0003998400639744
0.0003998400639744
0.0003998400639744
0.0003998400639744
0.0003998400639744
0.0003998400639744
0.0003998400639744
0.0003998400639744
0.0003998400639744
0.0003998400639744
0.0003998400639744
0.0003998400639744
0.0003998400639744
0.0003998400639744
0.0003998400639744
0.0003998400639744
0.0003998400639744
0.0003998400639744
0.0003998400639744
0.0003998400639744
0.0003998400639744
0.0003998400639744
0.0003998400639744
0.0003998400639744
0.0003998400639744
0.0003998400639744
0.0003998400639744
0.0003998400639744
0.0003998400639744
0.0003998400639744
0.0003998400639744
0.0003998400639744
0.0003998400639744
0.0003998400639744
0.0003998400639744
0.0003998400639744
0.0003998400639744
0.0003998400639744
0.0003998400639744
0.0003998400639744
0.0003998400639744
0.0003998400639744
0.0003998400639744
0.0003998400639744
0.0003998400639744
0.0003998400639744
0.0003998400639744
0.0003998400639744
0.0003998400639744
0.0003998400639744
0.0003998400639744
0.0003998400639744
0.0003998400639744
0.0003998400639744
0.0003998400639744
0.0003998400639744
0.0003998400639744
0.0003998400639744
0.0003998400639744
0.0003998400639744
0.0003998400639744
0.0003998400639744
0.0003998400639744
0.0003998400639744
0.0003998400639744
0.0003998400639744
0.0003998400639744
0.0003998400639744
0.0003998400639744
0.0003998400639744
0.0003998400639744
0.0003998400639744
0.0003998400639744
0.0003998400639744
0.0003998400639744
0.0003998400639744
0.0003998400639744
0.0003998400639744
0.0003998400639744
0.0003998400639744
0.0003998400639744
0.0003998400639744
0.0003998400639744
0.0003998400639744
0.0003998400639744
0.0003998400639744
0.0003998400639744
0.0003998400639744
0.0003998400639744
0.0003998400639744
0.0003998400639744
0.0003998400639744
0.0003998400639744
0.0003998400639744
0.0003998400639744
0.0003998400639744
0.0003998400639744
0.0003998400639744
0.0003998400639744
0.0003998400639744
0.0003998400639744
0.0003998400639744
0.0003998400639744
0.0003998400639744
0.0003998400639744
0.0003998400639744
0.0003998400639744
0.0003998400639744
0.0003998400639744
0.0003998400639744
0.0003998400639744
