0.0011939748620766
0.0011417643370929
0.0000410750201616
0.0000177457648717
0.0000097490562382
0.0000039350032228
0.0000084459930868
0.0000056402829053
0.0000086217148448
0.0000088512086466
0.0000057225486944
0.0000038902363947
0.0000043859071896
0.0000063128582696
0.0000046590308757
0.0000055523960889
0.0000047187856726
0.0000029370566102
0.0000016360499533
0.0000036434600428
0.0000019519126055
0.0000023579248633
0.0000023780633856
0.0000039532920087
0.0000036238132990
0.0000043511417191
0.0000044691014664
0.0000048202982580
0.0000036731218934
0.0000049877802449
0.0000051398824425
0.0000060814805750
0.0000044116035687
0.0000033693235334
0.0000022060459405
0.0000032176709652
0.0000036784437620
0.0000038141106641
0.0000060633169037
0.0000050432677761
0.0000044451207757
0.0000039645307770
0.0000056399290190
0.0000046072730378
0.0000034885112258
0.0000043654593893
0.0000022221377267
0.0000022389300188
0.0000025535290380
0.0000025509520713
0.0000032621940703
0.0000024667725593
0.0000031560271979
0.0000041672985241
0.0000037816911040
0.0000036395674876
0.0000041817725357
0.0000042576094533
0.0000044608302660
0.0000028904244028
0.0000029114392722
0.0000030812431246
0.0000031819535187
0.0000029113355836
0.0000026176417804
0.0000022291020654
0.0000021353260985
0.0000018781364375
0.0000032793708044
0.0000049268542274
0.0000059766348771
0.0000053296893245
0.0000055690935901
0.0000071281308058
0.0000072575019012
0.0000070825257888
0.0000073224958501
0.0000071173981543
0.0000077190522703
0.0000053997921460
0.0000039967656194
0.0000049741201511
0.0000054044655705
0.0000056152816712
0.0000067981380645
0.0000061116253146
0.0000041509158702
0.0000047094506978
0.0000036614609355
0.0000029722176508
0.0000031017996868
0.0000041593201650
0.0000047201098780
0.0000043143158087
0.0000037141595432
0.0000031893156527
0.0000041240535211
0.0000043383750486
0.0000045539547979
0.0000041325489193
0.0000052392661035
0.0000059693228342
0.0000071766163725
0.0000073119917744
0.0000057372477524
0.0000056727648299
0.0000049656782306
0.0000047448820906
0.0000048024122012
0.0000042907401534
0.0000040622687957
0.0000045122617145
0.0000049434741328
0.0000049199821125
0.0000042278131379
0.0000039769796377
0.0000051338117629
0.0000052490905906
0.0000053161117381
0.0000058370627647
0.0000052520931966
0.0000049039967649
0.0000046488686289
0.0000037170215488
0.0000037364293372
0.0000032838969171
0.0000027109168970
0.0000017800561738
0.0000026139073825
0.0000026373730592
0.0000022070157203
0.0000025508371647
0.0000025927973966
0.0000030678874635
0.0000024644517502
0.0000028722538570
0.0000030681154345
0.0000029679651056
0.0000030557589154
0.0000029459371521
0.0000025354653168
0.0000033835929261
0.0000030946814497
0.0000033760918851
0.0000038003975189
0.0000034526388062
0.0000039464823989
0.0000039780439289
0.0000036895981473
0.0000034385654758
0.0000028150111765
0.0000029515353485
0.0000040422958575
0.0000039033915142
0.0000043804798542
0.0000045077502872
0.0000036443716127
0.0000032181245475
0.0000036313271735
0.0000037145607051
0.0000039079772558
0.0000037116287741
0.0000046527078021
0.0000043618019092
0.0000045929600297
0.0000043648561886
0.0000043996167150
0.0000041173723465
0.0000041332797480
0.0000038637044401
0.0000034238048278
0.0000032977379415
0.0000032022973537
0.0000032019594598
0.0000035739812943
0.0000041665989125
0.0000038986365264
0.0000044637586503
0.0000043324159986
0.0000042817848888
0.0000036320513003
0.0000037261638230
0.0000038541224305
0.0000037510056035
0.0000038225557049
0.0000045405018152
0.0000055608877523
0.0000062185397527
0.0000058026211709
0.0000045636357995
0.0000042580841236
0.0000035707182102
0.0000034883581530
0.0000028906132221
0.0000024087197237
0.0000028827877401
0.0000027548438967
0.0000027637319660
0.0000032062421563
0.0000030284685740
0.0000031052660686
0.0000036710075184
