273.5050042902151972
10.6022900813378893
0.0001169553592335
0.0000379460053970
0.0000234290747403
0.0000193257566391
0.0000150883446977
0.0000136149286042
0.0000134040177692
0.0000141362682689
0.0000136132861603
0.0000103159898553
0.0000112461901194
0.0000126777638704
0.0000090732113929
0.0000109979298984
0.0000083591861833
0.0000059413302670
0.0000069450868337
0.0000082376914962
0.0000049823158319
0.0000060527112154
0.0000064566228607
0.0000075844685068
0.0000055711111995
0.0000074752705363
0.0000080726462234
0.0000064538336626
0.0000063986212434
0.0000078156970492
0.0000074393378814
0.0000074925068351
0.0000071312499962
0.0000068459787419
0.0000049300340921
0.0000055572047385
0.0000055021390889
0.0000058970532138
0.0000075634745033
0.0000068416094936
0.0000055444851033
0.0000058488427827
0.0000069182829085
0.0000054951427201
0.0000048217928683
0.0000054351737202
0.0000041592282077
0.0000036690526680
0.0000035586049375
0.0000035968846464
0.0000043689080240
0.0000041026213178
0.0000046335949773
0.0000060086855346
0.0000046767399883
0.0000047122176334
0.0000053711623679
0.0000053523298424
0.0000055544872224
0.0000035826890710
0.0000039192952214
0.0000045530586165
0.0000039556461323
0.0000040274544066
0.0000037041918058
0.0000033315810990
0.0000028450441633
0.0000026606179880
0.0000039176671032
0.0000056079675760
0.0000066372159514
0.0000062823192866
0.0000066064486351
0.0000081996080276
0.0000080482989590
0.0000080011454383
0.0000082405853337
0.0000076856662527
0.0000086569059751
0.0000062809445599
0.0000048012426707
0.0000058774850820
0.0000060881079963
0.0000065361520389
0.0000077173223701
0.0000069847486629
0.0000049169417090
0.0000054069746512
0.0000041483567353
0.0000035343574604
0.0000035007576076
0.0000047709630676
0.0000053399634032
0.0000051374917535
0.0000042109143071
0.0000038056065687
0.0000045704542177
0.0000048633742862
0.0000052204025632
0.0000050389832997
0.0000060785797077
0.0000064976515889
0.0000077208061229
0.0000081181702271
0.0000063173777011
0.0000061995533418
0.0000057560643975
0.0000053998183785
0.0000054532555136
0.0000048454518654
0.0000047837314071
0.0000050979773937
0.0000054736529629
0.0000053060671404
0.0000045934660767
0.0000048498930120
0.0000053657339179
0.0000057690710004
0.0000058275800614
0.0000065376810204
0.0000058570024997
0.0000052928339794
0.0000051824344415
0.0000044487728097
0.0000042066703343
0.0000039867523530
0.0000032119164211
0.0000024729956367
0.0000032390107754
0.0000034270393006
0.0000027033753147
0.0000032500984967
0.0000029846397934
0.0000035151265478
0.0000028700914213
0.0000035378389383
0.0000034971278465
0.0000033168960987
0.0000036660246723
0.0000034297477975
0.0000031583948070
0.0000037616096598
0.0000036515465389
0.0000037643586143
0.0000043364252050
0.0000038874761765
0.0000042206081635
0.0000043282791488
0.0000040816030479
0.0000037754017506
0.0000032199445640
0.0000034273258360
0.0000044432649193
0.0000043102653565
0.0000047377202589
0.0000048173943655
0.0000040669815641
0.0000036140669820
0.0000038335618619
0.0000042718669303
0.0000042595915105
0.0000042059481885
0.0000050529695579
0.0000047399696597
0.0000049269519636
0.0000047763801659
0.0000046894445564
0.0000049106968471
0.0000048340243231
0.0000042476132640
0.0000037454555501
0.0000037236126317
0.0000035624870289
0.0000036006793731
0.0000038612818840
0.0000043979631806
0.0000043503633660
0.0000046868950154
0.0000045875452962
0.0000046392214285
0.0000040976013299
0.0000039447669492
0.0000042346093129
0.0000039614452853
0.0000040849422653
0.0000048296675151
0.0000058373271950
0.0000064158678232
0.0000060869077475
0.0000049614186629
0.0000047707248199
0.0000039092439741
0.0000038639346975
0.0000031247088136
0.0000026669013929
0.0000032201715532
0.0000029093736077
0.0000029581345653
0.0000036609594922
0.0000032055043506
0.0000034451504606
0.0000040149831242
