2.3032478733380635
2.3032114939053852
2.3010851650555928
2.3012054829915365
2.3011968701680501
2.3011740256627400
2.3012004489262901
2.3011876246770222
2.3012033852259317
2.3012059507687885
2.3011913227717082
2.3011795760154725
2.3011847604115805
2.3011947424252828
2.3011857912063598
2.3011909602165224
2.3011871994654336
2.3011773636500039
2.3011680008252462
2.3011786711057027
2.3011688739140830
2.3011727608680723
2.3011720784187317
2.3011832321166992
2.3011805137952170
2.3011849436124168
2.3011856585820514
2.3011881101926166
2.3011812298138938
2.3011875446319578
2.3011905491193136
2.3011941808700560
2.3011849733988443
2.3011790052413938
2.3011744664192202
2.3011785880724589
2.3011824856758119
2.3011821263949077
2.3011942304611206
2.3011898779233295
2.3011860338528951
2.3011842681884764
2.3011923570315043
2.3011882150650025
2.3011799458185833
2.3011841839154563
2.3011738032023112
2.3011737141609192
2.3011737650871278
2.3011750808715821
2.3011795639673869
2.3011745439211526
2.3011795175234475
2.3011848273595175
2.3011821463267008
2.3011817405382793
2.3011846689542135
2.3011863300641378
2.3011863198280333
2.3011782081921894
2.3011775124549865
2.3011784124056498
2.3011777175585428
2.3011766922314960
2.3011750646273295
2.3011730019569399
2.3011737021446228
2.3011716856320699
2.3011800207138062
2.3011877629915873
2.3011943408648174
2.3011910701115927
2.3011938331604003
2.3012008076032004
2.3012011059443154
2.3012013872146606
2.3012026735623676
2.3012004377365112
2.3012043248176575
2.3011921332995096
2.3011839919408161
2.3011896494229633
2.3011927023251850
2.3011933588663736
2.3011990196228029
2.3011956384658814
2.3011853369712831
2.3011875670750936
2.3011827310562132
2.3011780802090964
2.3011792337099712
2.3011847091674804
2.3011866780916850
2.3011846398671469
2.3011814302444460
2.3011799913088482
2.3011844287236531
2.3011856936772666
2.3011879638036090
2.3011850475311277
2.3011906873067218
2.3011949596087136
2.3012005487124125
2.3012023117065428
2.3011937992731730
2.3011937944094338
2.3011896972020467
2.3011880742390951
2.3011875890731810
2.3011856561978656
2.3011838398297626
2.3011850134213767
2.3011876356760661
2.3011870886484780
2.3011844751675925
2.3011835292498271
2.3011896910031635
2.3011914320309956
2.3011903911908469
2.3011940350850422
2.3011906454722086
2.3011899147033690
2.3011887063662213
2.3011833610534667
2.3011829806009927
2.3011792325973510
2.3011777029037477
2.3011716952323913
2.3011749745051064
2.3011747044245401
2.3011743894894918
2.3011767163912453
2.3011758777300515
2.3011792391141257
2.3011761324882509
2.3011766649246215
2.3011779061635336
2.3011774913469951
2.3011780027071636
2.3011785159111025
2.3011766016960142
2.3011804915428162
2.3011800060272218
2.3011804219245913
2.3011835349082945
2.3011806072552998
2.3011835998535157
2.3011828817367554
2.3011820147196453
2.3011817558606467
2.3011770421028137
2.3011788835525513
2.3011847449938458
2.3011835988362632
2.3011862661361695
2.3011866692225138
2.3011813895225526
2.3011801544825237
2.3011824224154154
2.3011806563059487
2.3011832264582317
2.3011828059196473
2.3011872160275777
2.3011853302001954
2.3011867669423420
2.3011863441149392
2.3011859594662982
2.3011848360061644
2.3011847071647642
2.3011841631889345
2.3011812222798667
2.3011803334554037
2.3011795474052428
2.3011802474021912
2.3011816931088767
2.3011850000063578
2.3011845403989155
2.3011868666330972
2.3011862257321676
2.3011858444531756
2.3011820945421855
2.3011822863896687
2.3011830602327983
2.3011823662439981
2.3011838476181032
2.3011867463111879
2.3011926285743711
2.3011954071998595
2.3011933640162150
2.3011874912897747
2.3011862052599588
2.3011817733764648
2.3011812169075014
2.3011779979070028
2.3011753635088601
2.3011774028142291
2.3011768398920696
2.3011774778048197
2.3011789225896200
2.3011789267539977
2.3011795713742575
2.3011813341776528
