2.3068537087122598
2.3032955626169840
2.3010829638799031
2.3012050412495935
2.3011948309898376
2.3011722053527830
2.3011986639976505
2.3011861498196922
2.3012015084266659
2.3012047144254049
2.3011898336728409
2.3011800195058187
2.3011849286715189
2.3011955880165100
2.3011867833455404
2.3011916653633118
2.3011871658007301
2.3011770420074464
2.3011677759806313
2.3011788716634114
2.3011692018191017
2.3011744244893393
2.3011724052429199
2.3011833245277402
2.3011803155263264
2.3011841450055437
2.3011870797475176
2.3011884600957235
2.3011813658396401
2.3011869561831153
2.3011911436080932
2.3011931333223981
2.3011841917037965
2.3011786859512329
2.3011744399070739
2.3011790708223980
2.3011825748125712
2.3011822301546734
2.3011945332527159
2.3011898370742800
2.3011862078348795
2.3011846860567728
2.3011918135007221
2.3011879784584046
2.3011800251960755
2.3011846513430276
2.3011738172213239
2.3011743798255919
2.3011739330927532
2.3011747915903729
2.3011801027933760
2.3011747781117755
2.3011790963172913
2.3011846480687459
2.3011818427721655
2.3011820641517637
2.3011850132306417
2.3011868808746336
2.3011865384101871
2.3011779706637068
2.3011779994964598
2.3011788313229879
2.3011778060913084
2.3011768357912699
2.3011754268646243
2.3011736443519593
2.3011735755284626
2.3011715900421139
2.3011800821304318
2.3011876118659975
2.3011940376917521
2.3011913699785866
2.3011935853640235
2.3012003479321796
2.3012013977050780
2.3012018278439839
2.3012027563095092
2.3012003298123678
2.3012043008804319
2.3011924356460574
2.3011840248107909
2.3011898545265197
2.3011926999409993
2.3011934083620709
2.3011993179639179
2.3011951169967650
2.3011851520856221
2.3011875116984051
2.3011823850631714
2.3011781272252403
2.3011796686808266
2.3011851270993553
2.3011870289166767
2.3011852560043335
2.3011818545659386
2.3011801332155866
2.3011841467221577
2.3011860399246213
2.3011883895238241
2.3011853446324668
2.3011907329241437
2.3011951207796733
2.3012005029996234
2.3012024486859639
2.3011940604845682
2.3011936847050984
2.3011898767153420
2.3011879072825110
2.3011877700805661
2.3011859088261923
2.3011839824676512
2.3011849887847902
2.3011878494898479
2.3011872853914896
2.3011841183662414
2.3011834496815999
2.3011896581014000
2.3011912416458129
2.3011907006581627
2.3011936278025313
2.3011902104377744
2.3011902346293134
2.3011886685371401
2.3011836356163022
2.3011829905827841
2.3011793582598368
2.3011776136080426
2.3011717484156291
2.3011746966044111
2.3011745804786683
2.3011741576512654
2.3011764826456709
2.3011755906740823
2.3011795085589091
2.3011760683059697
2.3011763986905418
2.3011778357187906
2.3011775959332783
2.3011781348864235
2.3011783176740011
2.3011763785362245
2.3011808405558272
2.3011806457837425
2.3011804884910583
2.3011833960851034
2.3011807183265685
2.3011835771560669
2.3011826368014017
2.3011823445002237
2.3011814780235289
2.3011768488883972
2.3011785406748455
2.3011851282755535
2.3011839657783510
2.3011859794616698
2.3011862606366478
2.3011814168930051
2.3011802742322289
2.3011822148640952
2.3011805816650392
2.3011833033561704
2.3011824995676675
2.3011868333498637
2.3011852967262270
2.3011868179957071
2.3011866250356041
2.3011857045173647
2.3011851950645443
2.3011847119649254
2.3011842990557350
2.3011811593373617
2.3011805681228639
2.3011793387095132
2.3011799317677815
2.3011821351687116
2.3011846402486165
2.3011844801584882
2.3011868792533874
2.3011860177040098
2.3011857837994896
2.3011822014490764
2.3011824038823443
2.3011827040672301
2.3011825066566467
2.3011837519327800
2.3011861047108964
2.3011926611900329
2.3011953669548033
2.3011932789802554
2.3011872150103247
2.3011863135337833
2.3011815527915958
2.3011812978108726
2.3011776460647582
2.3011753419876095
2.3011771389643352
2.3011768586476649
2.3011776867230731
2.3011791823387147
2.3011789422035216
2.3011792038917545
2.3011811431566875
