156.8528555
45.7233642
0.0053350
0.0017968
0.0010135
0.0008532
0.0006588
0.0005279
0.0005079
0.0003723
0.0003951
0.0003192
0.0003152
0.0003253
0.0003212
0.0003190
0.0002641
0.0002807
0.0002720
0.0003391
0.0002193
0.0002489
0.0002699
0.0002525
0.0002347
0.0002353
0.0002234
0.0002428
0.0002188
0.0001899
0.0002304
0.0002427
0.0001943
0.0002010
0.0001877
0.0002067
0.0002487
0.0002148
0.0001957
0.0001682
0.0001780
0.0001954
0.0001756
0.0001841
0.0002012
0.0001927
0.0001740
0.0001877
0.0001701
0.0001789
0.0001719
0.0001824
0.0002128
0.0001997
0.0001759
0.0001894
0.0001932
0.0001568
0.0001662
0.0001643
0.0001649
0.0001713
0.0001807
0.0001793
0.0001837
0.0001734
0.0001669
0.0001805
0.0001895
0.0001467
0.0001657
0.0001450
0.0001521
0.0001646
0.0001509
0.0001514
0.0001520
0.0001541
0.0001876
0.0001633
0.0001452
0.0001693
0.0001363
0.0001527
0.0001564
0.0001492
0.0001518
0.0001352
0.0001459
0.0001218
0.0001345
0.0001614
0.0001607
0.0001371
0.0001413
0.0001618
0.0001760
0.0001631
0.0001443
0.0001401
0.0001180
0.0001441
