156.2861508
45.0660226
0.0051547
0.0016861
0.0009293
0.0006613
0.0005973
0.0004753
0.0004328
0.0003473
0.0003416
0.0002987
0.0002866
0.0002790
0.0002785
0.0002682
0.0002344
0.0002285
0.0002292
0.0002756
0.0002106
0.0002226
0.0002036
0.0002083
0.0002077
0.0002037
0.0001913
0.0002073
0.0001873
0.0001813
0.0001988
0.0001845
0.0001689
0.0001725
0.0001734
0.0001850
0.0001793
0.0001870
0.0001828
0.0001608
0.0001653
0.0001763
0.0001624
0.0001639
0.0001635
0.0001619
0.0001538
0.0001641
0.0001499
0.0001540
0.0001561
0.0001555
0.0001667
0.0001531
0.0001502
0.0001527
0.0001598
0.0001448
0.0001404
0.0001449
0.0001460
0.0001363
0.0001264
0.0001466
0.0001242
0.0001477
0.0001457
0.0001405
0.0001475
0.0001274
0.0001395
0.0001275
0.0001344
0.0001378
0.0001365
0.0001315
0.0001293
0.0001309
0.0001462
0.0001394
0.0001196
0.0001323
0.0001241
0.0001220
0.0001321
0.0001158
0.0001151
0.0001201
0.0001183
0.0001085
0.0001200
0.0001278
0.0001396
0.0001139
0.0001157
0.0001413
0.0001381
0.0001315
0.0001212
0.0001146
0.0001080
0.0001268
