0.9143254
1.0605595
0.0002909
0.0001787
0.0001359
0.0003096
0.0000992
0.0000849
0.0001212
0.0000403
0.0000864
0.0000331
0.0000461
0.0000747
0.0000688
0.0000820
0.0000480
0.0000841
0.0000692
0.0001025
0.0000141
0.0000425
0.0001070
0.0000713
0.0000436
0.0000509
0.0000518
0.0000573
0.0000509
0.0000140
0.0000511
0.0000939
0.0000411
0.0000459
0.0000231
0.0000351
0.0001120
0.0000448
0.0000208
0.0000119
0.0000205
0.0000309
0.0000213
0.0000326
0.0000608
0.0000497
0.0000325
0.0000381
0.0000326
0.0000401
0.0000254
0.0000435
0.0000744
0.0000752
0.0000416
0.0000592
0.0000540
0.0000194
0.0000417
0.0000312
0.0000305
0.0000565
0.0000877
0.0000527
0.0000960
0.0000416
0.0000342
0.0000645
0.0000677
0.0000312
0.0000423
0.0000282
0.0000285
0.0000432
0.0000232
0.0000322
0.0000367
0.0000373
0.0000668
0.0000386
0.0000412
0.0000597
0.0000196
0.0000496
0.0000393
0.0000540
0.0000592
0.0000243
0.0000444
0.0000215
0.0000234
0.0000543
0.0000341
0.0000375
0.0000413
0.0000331
0.0000611
0.0000510
0.0000373
0.0000412
0.0000161
0.0000280
