157.4195603
46.3807057
0.0055153
0.0019076
0.0010978
0.0010450
0.0007203
0.0005805
0.0005831
0.0003972
0.0004487
0.0003397
0.0003437
0.0003716
0.0003638
0.0003699
0.0002939
0.0003328
0.0003149
0.0004027
0.0002280
0.0002752
0.0003362
0.0002968
0.0002618
0.0002668
0.0002555
0.0002783
0.0002503
0.0001986
0.0002621
0.0003009
0.0002198
0.0002294
0.0002020
0.0002285
0.0003181
0.0002425
0.0002085
0.0001756
0.0001907
0.0002146
0.0001888
0.0002043
0.0002389
0.0002235
0.0001942
0.0002113
0.0001903
0.0002037
0.0001876
0.0002094
0.0002589
0.0002463
0.0002017
0.0002261
0.0002267
0.0001688
0.0001921
0.0001837
0.0001838
0.0002063
0.0002351
0.0002119
0.0002431
0.0001992
0.0001881
0.0002205
0.0002315
0.0001661
0.0001920
0.0001625
0.0001698
0.0001914
0.0001653
0.0001714
0.0001748
0.0001772
0.0002291
0.0001872
0.0001707
0.0002063
0.0001484
0.0001834
0.0001807
0.0001827
0.0001885
0.0001502
0.0001734
0.0001352
0.0001490
0.0001951
0.0001819
0.0001604
0.0001669
0.0001823
0.0002139
0.0001947
0.0001675
0.0001657
0.0001280
0.0001615
