156.7365359
37.4936702
0.0001677
0.0000891
0.0000999
0.0000760
0.0001046
0.0000548
0.0000714
0.0000711
0.0000849
0.0000877
0.0000446
0.0000447
0.0000753
0.0000465
0.0000466
0.0000455
0.0000310
0.0000356
0.0000502
0.0000428
0.0000349
0.0000319
0.0000515
0.0000382
0.0000422
0.0000311
0.0000369
0.0000368
0.0000202
0.0000405
0.0000294
0.0000427
0.0000209
0.0000282
0.0000303
0.0000252
0.0000251
0.0000187
0.0000371
0.0000163
0.0000253
0.0000229
0.0000147
0.0000149
0.0000224
0.0000185
0.0000242
0.0000206
0.0000208
0.0000207
0.0000207
0.0000172
0.0000244
0.0000304
0.0000148
0.0000194
0.0000219
0.0000196
0.0000188
0.0000173
0.0000200
0.0000166
0.0000169
0.0000149
0.0000187
0.0000208
0.0000194
0.0000143
0.0000107
0.0000142
0.0000164
0.0000218
0.0000107
0.0000193
0.0000180
0.0000145
0.0000152
0.0000150
0.0000123
0.0000155
0.0000115
0.0000149
0.0000122
0.0000208
0.0000122
0.0000231
0.0000158
0.0000114
0.0000152
0.0000228
0.0000113
0.0000106
0.0000087
0.0000113
0.0000101
0.0000153
0.0000108
0.0000115
0.0000093
0.0000144
