156.1672577
37.1680136
0.0000935
0.0000671
0.0000640
0.0000517
0.0000629
0.0000328
0.0000482
0.0000518
0.0000638
0.0000607
0.0000275
0.0000317
0.0000350
0.0000321
0.0000305
0.0000273
0.0000197
0.0000212
0.0000168
0.0000272
0.0000208
0.0000205
0.0000334
0.0000250
0.0000312
0.0000197
0.0000253
0.0000236
0.0000152
0.0000214
0.0000201
0.0000256
0.0000108
0.0000132
0.0000158
0.0000150
0.0000132
0.0000128
0.0000142
0.0000120
0.0000153
0.0000121
0.0000073
0.0000100
0.0000168
0.0000116
0.0000192
0.0000124
0.0000156
0.0000151
0.0000136
0.0000109
0.0000189
0.0000192
0.0000094
0.0000126
0.0000123
0.0000125
0.0000135
0.0000087
0.0000126
0.0000106
0.0000083
0.0000105
0.0000106
0.0000116
0.0000114
0.0000100
0.0000069
0.0000087
0.0000105
0.0000139
0.0000064
0.0000142
0.0000108
0.0000103
0.0000079
0.0000103
0.0000091
0.0000114
0.0000076
0.0000081
0.0000065
0.0000090
0.0000051
0.0000110
0.0000113
0.0000088
0.0000090
0.0000109
0.0000072
0.0000066
0.0000062
0.0000074
0.0000063
0.0000091
0.0000073
0.0000075
0.0000048
0.0000091
