0.9184774
0.5254166
0.0001197
0.0000355
0.0000579
0.0000393
0.0000674
0.0000354
0.0000374
0.0000313
0.0000341
0.0000437
0.0000276
0.0000211
0.0000651
0.0000233
0.0000259
0.0000293
0.0000183
0.0000231
0.0000539
0.0000252
0.0000227
0.0000185
0.0000291
0.0000213
0.0000178
0.0000184
0.0000187
0.0000213
0.0000081
0.0000307
0.0000150
0.0000276
0.0000163
0.0000242
0.0000234
0.0000164
0.0000193
0.0000096
0.0000370
0.0000070
0.0000162
0.0000173
0.0000120
0.0000079
0.0000091
0.0000111
0.0000081
0.0000132
0.0000084
0.0000090
0.0000115
0.0000102
0.0000087
0.0000180
0.0000087
0.0000109
0.0000155
0.0000113
0.0000085
0.0000139
0.0000120
0.0000096
0.0000138
0.0000071
0.0000130
0.0000149
0.0000128
0.0000069
0.0000062
0.0000088
0.0000095
0.0000128
0.0000069
0.0000083
0.0000115
0.0000069
0.0000117
0.0000077
0.0000052
0.0000067
0.0000063
0.0000109
0.0000092
0.0000190
0.0000114
0.0000196
0.0000073
0.0000042
0.0000100
0.0000192
0.0000067
0.0000064
0.0000041
0.0000062
0.0000061
0.0000101
0.0000057
0.0000066
0.0000073
0.0000085
