157.3058141
37.8193267
0.0002418
0.0001111
0.0001358
0.0001004
0.0001464
0.0000767
0.0000946
0.0000905
0.0001060
0.0001148
0.0000617
0.0000578
0.0001156
0.0000610
0.0000626
0.0000636
0.0000423
0.0000499
0.0000836
0.0000584
0.0000489
0.0000434
0.0000695
0.0000514
0.0000532
0.0000425
0.0000485
0.0000500
0.0000252
0.0000596
0.0000387
0.0000598
0.0000311
0.0000432
0.0000448
0.0000353
0.0000371
0.0000247
0.0000601
0.0000206
0.0000354
0.0000336
0.0000221
0.0000199
0.0000281
0.0000253
0.0000292
0.0000288
0.0000260
0.0000263
0.0000278
0.0000236
0.0000298
0.0000416
0.0000202
0.0000261
0.0000315
0.0000266
0.0000240
0.0000259
0.0000274
0.0000225
0.0000254
0.0000194
0.0000268
0.0000300
0.0000273
0.0000185
0.0000146
0.0000197
0.0000223
0.0000297
0.0000150
0.0000244
0.0000251
0.0000188
0.0000224
0.0000197
0.0000155
0.0000197
0.0000155
0.0000217
0.0000179
0.0000325
0.0000193
0.0000353
0.0000203
0.0000140
0.0000214
0.0000347
0.0000154
0.0000146
0.0000112
0.0000151
0.0000139
0.0000216
0.0000144
0.0000156
0.0000139
0.0000197
