0.1459858
0.1237958
0.0131222
0.0021066
0.0008220
0.0006728
0.0007148
0.0008208
0.0009764
0.0011847
0.0014629
0.0018291
0.0022916
0.0028591
0.0035292
0.0042785
0.0050378
0.0057337
0.0062691
0.0065474
0.0065312
0.0062234
0.0056922
0.0050444
0.0043827
0.0037603
0.0032275
0.0027832
0.0024201
0.0021228
0.0018856
0.0016970
0.0015229
0.0013869
0.0012644
0.0011675
0.0010836
0.0009974
0.0009399
0.0008757
0.0008193
0.0007679
0.0007369
0.0006855
0.0006529
0.0006328
0.0005870
0.0005633
0.0005331
0.0005462
0.0004984
0.0004956
0.0004613
0.0004576
0.0004286
0.0004057
0.0003965
0.0004001
0.0003818
0.0003622
0.0003509
0.0003400
0.0003253
0.0003244
0.0003107
0.0003259
0.0002883
0.0002879
0.0002739
0.0002918
0.0002819
0.0002785
0.0002727
0.0002572
0.0002546
0.0002658
0.0002350
0.0002783
0.0002374
0.0002413
0.0002575
0.0002496
0.0002142
0.0002120
0.0002091
0.0002192
0.0002347
0.0002042
0.0001949
0.0001958
0.0002044
0.0002106
0.0001874
0.0001794
0.0001892
0.0001929
0.0001961
0.0002146
0.0001834
0.0001891
0.0001665
0.0001687
