0.1398316
0.1193685
0.0126997
0.0020684
0.0007646
0.0005921
0.0006089
0.0006804
0.0007915
0.0009410
0.0011485
0.0014275
0.0017981
0.0022775
0.0028921
0.0036328
0.0044591
0.0052915
0.0059879
0.0063187
0.0061797
0.0057397
0.0051383
0.0044897
0.0038748
0.0033185
0.0028591
0.0024798
0.0021664
0.0019187
0.0017175
0.0015534
0.0014118
0.0012768
0.0011797
0.0010866
0.0010103
0.0009292
0.0008800
0.0008243
0.0007692
0.0007207
0.0006946
0.0006484
0.0006081
0.0005940
0.0005542
0.0005288
0.0005001
0.0005204
0.0004650
0.0004592
0.0004289
0.0004277
0.0003916
0.0003822
0.0003671
0.0003590
0.0003479
0.0003320
0.0003181
0.0003174
0.0003018
0.0002956
0.0002902
0.0003078
0.0002604
0.0002630
0.0002513
0.0002594
0.0002652
0.0002485
0.0002401
0.0002375
0.0002303
0.0002294
0.0002147
0.0002270
0.0002009
0.0002117
0.0002062
0.0002088
0.0001857
0.0001847
0.0001809
0.0001987
0.0001766
0.0001775
0.0001680
0.0001789
0.0001683
0.0001703
0.0001618
0.0001544
0.0001449
0.0001684
0.0001589
0.0001740
0.0001592
0.0001523
0.0001456
0.0001390
