0.0099293
0.0071430
0.0006817
0.0000617
0.0000925
0.0001302
0.0001708
0.0002265
0.0002984
0.0003932
0.0005074
0.0006479
0.0007962
0.0009383
0.0010280
0.0010418
0.0009337
0.0007134
0.0004536
0.0003690
0.0005671
0.0007804
0.0008937
0.0008950
0.0008195
0.0007128
0.0005944
0.0004895
0.0004093
0.0003293
0.0002711
0.0002317
0.0001792
0.0001777
0.0001367
0.0001304
0.0001182
0.0001100
0.0000966
0.0000830
0.0000809
0.0000761
0.0000683
0.0000600
0.0000722
0.0000625
0.0000528
0.0000557
0.0000531
0.0000416
0.0000538
0.0000587
0.0000522
0.0000482
0.0000597
0.0000378
0.0000473
0.0000663
0.0000547
0.0000488
0.0000529
0.0000365
0.0000380
0.0000465
0.0000331
0.0000293
0.0000452
0.0000401
0.0000366
0.0000522
0.0000269
0.0000484
0.0000527
0.0000317
0.0000392
0.0000587
0.0000327
0.0000828
0.0000588
0.0000477
0.0000827
0.0000658
0.0000459
0.0000441
0.0000455
0.0000331
0.0000936
0.0000431
0.0000435
0.0000272
0.0000582
0.0000651
0.0000414
0.0000403
0.0000714
0.0000396
0.0000599
0.0000654
0.0000390
0.0000594
0.0000337
0.0000478
