0.1521400
0.1282231
0.0135447
0.0021448
0.0008793
0.0007535
0.0008206
0.0009612
0.0011614
0.0014284
0.0017774
0.0022307
0.0027851
0.0034406
0.0041664
0.0049242
0.0056165
0.0061758
0.0065502
0.0067762
0.0068827
0.0067071
0.0062461
0.0055991
0.0048906
0.0042021
0.0035959
0.0030866
0.0026738
0.0023269
0.0020536
0.0018406
0.0016340
0.0014971
0.0013492
0.0012483
0.0011568
0.0010656
0.0009998
0.0009272
0.0008694
0.0008150
0.0007792
0.0007227
0.0006977
0.0006715
0.0006197
0.0005978
0.0005660
0.0005720
0.0005317
0.0005320
0.0004937
0.0004875
0.0004655
0.0004291
0.0004258
0.0004412
0.0004158
0.0003924
0.0003837
0.0003627
0.0003489
0.0003532
0.0003312
0.0003441
0.0003163
0.0003128
0.0002966
0.0003241
0.0002985
0.0003085
0.0003054
0.0002768
0.0002788
0.0003022
0.0002553
0.0003297
0.0002738
0.0002709
0.0003087
0.0002904
0.0002426
0.0002393
0.0002373
0.0002397
0.0002927
0.0002310
0.0002219
0.0002127
0.0002404
0.0002510
0.0002131
0.0002043
0.0002334
0.0002175
0.0002332
0.0002551
0.0002076
0.0002259
0.0001874
0.0001983
