47.2189000
71.9120000
75.6375000
82.7878000
82.9202000
83.0795000
83.2566000
83.3970000
83.5220000
83.6158000
83.6931000
83.7445000
83.7848000
83.8254000
83.8627000
83.8992000
83.9189000
83.9429000
83.9632000
83.9687000
83.9806000
84.0023000
83.9918000
83.9962000
84.0009000
84.0113000
84.0161000
84.0270000
84.0397000
84.0411000
84.0462000
84.0483000
84.0504000
84.0558000
84.0595000
84.0690000
84.0689000
84.0760000
84.0801000
84.0830000
84.0825000
84.0860000
84.0953000
84.0935000
84.1010000
84.1398000
84.1447000
84.1463000
84.1532000
84.1510000
84.1551000
84.1580000
84.1915000
84.1967000
84.2352000
84.2407000
84.3083000
84.3093000
84.3118000
84.3175000
84.3142000
84.3151000
84.3178000
84.3238000
84.3161000
84.3211000
84.3241000
84.3268000
84.3308000
84.3331000
84.3381000
84.3431000
84.3457000
84.3462000
84.3840000
84.3869000
84.3888000
84.3916000
84.4015000
84.4075000
84.4080000
84.4112000
84.4134000
84.4189000
84.4922000
84.4961000
84.5016000
84.5027000
84.5044000
84.5096000
84.5149000
84.5174000
84.5218000
84.5236000
84.5268000
84.5269000
84.5661000
84.5354000
84.5399000
84.5780000
84.5780000
84.5813000
