44.0275720
71.9120000
74.8202290
82.7109766
82.8984912
83.0627188
83.2450503
83.3884072
83.5081657
83.6093362
83.6856703
83.7337924
83.7736270
83.8145076
83.8523619
83.8885228
83.9120068
83.9310669
83.9521133
83.9591782
83.9675422
83.9896704
83.9773895
83.9845721
83.9890636
83.9965386
84.0025025
84.0111397
84.0235945
84.0257382
84.0348733
84.0324057
84.0343490
84.0421930
84.0471715
84.0577475
84.0599162
84.0637159
84.0655103
84.0708765
84.0674214
84.0756955
84.0823372
84.0776101
84.0856118
84.0679357
84.0736993
84.0707110
84.0779478
84.0754538
84.0805517
84.0825016
84.0941556
84.0996584
84.1257022
84.1337612
84.1899007
84.1880620
84.1877105
84.1939052
84.1893719
84.1923766
84.1937109
84.1942392
84.1894857
84.1944902
84.1961802
84.1976320
84.2037552
84.2036069
84.2072429
84.2093503
84.2115246
84.2126428
84.2489681
84.2531305
84.2527569
84.2525109
84.2673574
84.2713108
84.2711283
84.2715831
84.2741185
84.2803172
84.3752237
84.3791038
84.3877130
84.3867372
84.3904671
84.3945478
84.3998413
84.3991266
84.4076617
84.4066321
84.4098608
84.4064569
84.4717568
84.4153877
84.4188036
84.4825422
84.4834906
84.4888436
