5.1489108
0.0000000
1.3185907
0.1239474
0.0350251
0.0270749
0.0186344
0.0138636
0.0223204
0.0104288
0.0119871
0.0172757
0.0180266
0.0175738
0.0166796
0.0172267
0.0111216
0.0190916
0.0178874
0.0153626
0.0210675
0.0203767
0.0232499
0.0187606
0.0190969
0.0238162
0.0219383
0.0255891
0.0259848
0.0247849
0.0182746
0.0256439
0.0258967
0.0219536
0.0198910
0.0181549
0.0144945
0.0198192
0.0235391
0.0195602
0.0243280
0.0166253
0.0209143
0.0256369
0.0248274
0.1159464
0.1145531
0.1219558
0.1214124
0.1218868
0.1202767
0.1218097
0.1570562
0.1565676
0.1766645
0.1725358
0.1910262
0.1956063
0.2002068
0.1994088
0.2013985
0.1980028
0.2002063
0.2090344
0.2042804
0.2042731
0.2063867
0.2084005
0.2049750
0.2089251
0.2111258
0.2157927
0.2164796
0.2154822
0.2178614
0.2158247
0.2194930
0.2244073
0.2164265
0.2197286
0.2208298
0.2252589
0.2247177
0.2235905
0.1887304
0.1887625
0.1837461
0.1870952
0.1838201
0.1856261
0.1856364
0.1908231
0.1841515
0.1887168
0.1886705
0.1943237
0.1522140
0.1936286
0.1953778
0.1540123
0.1524821
0.1491697
