50.4102280
71.9120000
76.4547710
82.8646234
82.9419088
83.0962812
83.2681497
83.4055928
83.5358343
83.6222638
83.7005297
83.7552076
83.7959730
83.8362924
83.8730381
83.9098772
83.9257932
83.9547331
83.9742867
83.9782218
83.9936578
84.0149296
84.0062105
84.0078279
84.0127364
84.0260614
84.0296975
84.0428603
84.0558055
84.0564618
84.0575267
84.0641943
84.0664510
84.0694070
84.0718285
84.0802525
84.0778838
84.0882841
84.0946897
84.0951235
84.0975786
84.0963045
84.1082628
84.1093899
84.1163882
84.2116643
84.2157007
84.2218890
84.2284522
84.2265462
84.2296483
84.2334984
84.2888444
84.2937416
84.3446978
84.3476388
84.4266993
84.4305380
84.4358895
84.4410948
84.4390281
84.4378234
84.4418891
84.4533608
84.4427143
84.4477098
84.4520198
84.4559680
84.4578448
84.4625931
84.4689571
84.4768497
84.4798754
84.4797572
84.5190319
84.5206695
84.5248431
84.5306891
84.5356426
84.5436892
84.5448717
84.5508169
84.5526815
84.5574828
84.6091763
84.6130962
84.6154870
84.6186628
84.6183329
84.6246522
84.6299587
84.6356734
84.6359383
84.6405679
84.6437392
84.6473431
84.6604432
84.6554123
84.6609964
84.6734578
84.6725094
84.6737564
