0.9999892
0.9988997
0.9748636
0.9598949
0.9500418
0.9409946
0.9334707
0.9260956
0.9195915
0.9127758
0.9059230
0.9001100
0.8951928
0.8882640
0.8835374
0.8792974
0.8732442
0.8701494
0.8658009
0.8597167
0.8548816
0.8521293
0.8473066
0.8434277
0.8382501
0.8340333
0.8310036
0.8273106
0.8241074
0.8218045
0.8198689
0.8141737
0.8119963
0.8083855
0.8044461
0.8032699
0.7995878
0.7966418
0.7919973
0.7915091
0.7870397
0.7847400
0.7820806
0.7802907
0.7771913
0.7749830
0.7740779
0.7707677
0.7650880
0.7655018
0.7609131
0.7593479
0.7576246
0.7534745
0.7514505
0.7501364
0.7476274
0.7474569
0.7423723
0.7400322
0.7366167
0.7384438
0.7335978
0.7312794
0.7285984
0.7282916
0.7253394
0.7243088
0.7223624
0.7208840
0.7168686
0.7172220
0.7140544
0.7118057
0.7096609
0.7083421
0.7048955
0.7028143
0.7027538
0.7020828
0.7000403
0.6969703
0.6975267
0.6967348
0.6926172
0.6909373
0.6882609
0.6884996
0.6860975
0.6841201
0.6799730
0.6793036
0.6780374
0.6811818
0.6781211
0.6757656
0.6759205
0.6748233
0.6690894
0.6682928
0.6695094
0.6675691
