0.9999777
0.9988161
0.9733739
0.9582222
0.9476733
0.9378888
0.9303669
0.9229052
0.9161286
0.9082433
0.9013714
0.8950867
0.8906049
0.8832566
0.8775756
0.8733409
0.8673829
0.8644279
0.8597903
0.8536675
0.8492639
0.8467414
0.8402538
0.8377792
0.8319266
0.8279943
0.8239676
0.8209645
0.8176833
0.8148395
0.8123978
0.8062865
0.8053571
0.8020122
0.7968129
0.7948095
0.7915326
0.7896565
0.7837476
0.7835174
0.7789061
0.7769688
0.7740053
0.7716031
0.7686665
0.7664557
0.7647661
0.7616699
0.7567990
0.7558286
0.7517252
0.7492131
0.7490815
0.7444495
0.7416490
0.7408479
0.7385004
0.7375668
0.7323887
0.7312026
0.7271357
0.7269086
0.7231925
0.7202987
0.7173012
0.7174732
0.7163464
0.7124328
0.7120432
0.7103325
0.7056841
0.7066180
0.7030925
0.7017556
0.6990045
0.6972794
0.6928215
0.6912521
0.6906562
0.6914938
0.6898151
0.6861455
0.6850264
0.6850181
0.6826386
0.6791171
0.6750756
0.6768223
0.6730849
0.6735311
0.6670422
0.6663676
0.6671766
0.6684666
0.6664409
0.6631855
0.6644487
0.6638478
0.6567392
0.6547591
0.6591167
0.6540367
