0.0000184
0.0001349
0.0024035
0.0026987
0.0038214
0.0050109
0.0050077
0.0051475
0.0055871
0.0073129
0.0073436
0.0081047
0.0074020
0.0080790
0.0096188
0.0096102
0.0094566
0.0092311
0.0096975
0.0097599
0.0090637
0.0086929
0.0113790
0.0091133
0.0102023
0.0097433
0.0113519
0.0102389
0.0103646
0.0112373
0.0120539
0.0127252
0.0107118
0.0102827
0.0123155
0.0136500
0.0129962
0.0112701
0.0133100
0.0128939
0.0131229
0.0125380
0.0130289
0.0140167
0.0137539
0.0137579
0.0150237
0.0146785
0.0133736
0.0156068
0.0148237
0.0163516
0.0137835
0.0145610
0.0158139
0.0149861
0.0147256
0.0159568
0.0161076
0.0142457
0.0152967
0.0186109
0.0167880
0.0177164
0.0182271
0.0174544
0.0145094
0.0191609
0.0166490
0.0170237
0.0180453
0.0171085
0.0176860
0.0162149
0.0171931
0.0178487
0.0194804
0.0186545
0.0195184
0.0170845
0.0164973
0.0174649
0.0201680
0.0189037
0.0160994
0.0190708
0.0212733
0.0188401
0.0209947
0.0170843
0.0208626
0.0208710
0.0175230
0.0205148
0.0188450
0.0202967
0.0185088
0.0177081
0.0199259
0.0218354
0.0167676
0.0218333
