1.0000006
0.9989833
0.9763534
0.9615676
0.9524104
0.9441004
0.9365746
0.9292861
0.9230544
0.9173084
0.9104746
0.9051334
0.8997806
0.8932714
0.8894991
0.8852538
0.8791054
0.8758709
0.8718114
0.8657659
0.8604993
0.8575172
0.8543594
0.8490762
0.8445735
0.8400722
0.8380396
0.8336567
0.8305314
0.8287695
0.8273400
0.8220609
0.8186356
0.8147588
0.8120793
0.8117303
0.8076429
0.8036271
0.8002469
0.7995008
0.7951734
0.7925111
0.7901560
0.7889784
0.7857161
0.7835102
0.7833897
0.7798656
0.7733771
0.7751750
0.7701009
0.7694827
0.7661677
0.7624995
0.7612521
0.7594249
0.7567544
0.7573471
0.7523559
0.7488618
0.7460977
0.7499790
0.7440031
0.7422602
0.7398957
0.7391100
0.7343324
0.7361849
0.7326815
0.7314354
0.7280532
0.7278259
0.7250163
0.7218558
0.7203173
0.7194048
0.7169696
0.7143765
0.7148515
0.7126719
0.7102654
0.7077951
0.7100269
0.7084514
0.7025957
0.7027574
0.7014462
0.7001768
0.6991101
0.6947090
0.6929038
0.6922395
0.6888983
0.6938970
0.6898014
0.6883456
0.6873924
0.6857989
0.6814396
0.6818265
0.6799020
0.6811015
