45.5972000
45.6176000
71.9120000
71.9120000
71.9120000
71.9120000
71.9120000
71.9120000
71.9120000
71.9120000
71.9120000
71.9120000
71.9120000
71.9120000
71.9120000
71.9120000
71.9120000
71.9120000
71.9120000
71.9120000
71.9120000
71.9120000
71.9120000
71.9120000
71.9120000
71.9120000
71.9120000
71.9120000
71.9120000
71.9120000
71.9120000
71.9120000
71.9120000
71.9120000
71.9123000
71.9656000
72.2146000
72.7644000
73.7699000
75.1223000
76.4263000
77.5388000
78.4602000
79.2005000
79.8137000
80.3139000
80.6942000
81.0217000
81.2966000
81.5257000
81.7001000
81.8480000
81.9874000
82.1045000
82.2111000
82.3112000
82.4008000
82.4797000
82.5494000
82.6002000
82.6460000
82.6882000
82.7190000
82.7495000
82.7701000
82.7921000
82.8024000
82.8234000
82.8405000
82.8603000
82.8786000
82.8909000
82.9003000
82.9094000
82.9261000
82.9329000
82.9422000
82.9546000
82.9637000
82.9772000
82.9913000
83.0073000
83.0250000
83.0378000
83.0525000
83.0690000
83.0815000
83.0963000
83.1123000
83.1246000
83.1426000
83.1623000
83.1785000
83.1939000
83.2058000
83.2183000
83.2073000
82.8096000
82.0759000
82.3768000
83.0423000
83.2314000
