21.4443757
21.4692877
0.0000000
0.0000000
0.0000000
0.0000000
0.0000000
0.0000000
0.0000000
0.0000000
0.0000000
0.0000000
0.0000000
0.0000000
0.0000000
0.0000000
0.0000000
0.0000000
0.0000000
0.0000000
0.0000000
0.0000000
0.0000000
0.0000000
0.0000000
0.0000000
0.0000000
0.0000000
0.0000000
0.0000000
0.0000000
0.0000000
0.0000000
0.0000000
0.0009000
0.1594711
0.5864420
1.1549915
1.5136573
1.4808475
1.2738009
1.0846937
0.9182258
0.7598644
0.6288192
0.5018560
0.4378344
0.3865245
0.3158871
0.2647837
0.2200475
0.1960148
0.1847194
0.1732912
0.1627037
0.1600330
0.1464471
0.1340567
0.1169608
0.1028181
0.0860593
0.0684409
0.0560856
0.0563210
0.0517715
0.0558667
0.0607803
0.0632237
0.0593030
0.0495541
0.0432324
0.0481590
0.0431695
0.0455702
0.0389652
0.0389344
0.0417536
0.0434539
0.0449868
0.0459278
0.0518460
0.0567152
0.0584996
0.0613006
0.0522231
0.0482120
0.0511942
0.0513187
0.0544133
0.0500823
0.0561875
0.0598232
0.0618066
0.0613994
0.0583657
0.0618192
0.0829711
0.9271175
2.2840107
1.7848533
0.7613072
0.1447662
