0.1459858
0.0110755
0.0014520
0.0039822
0.0065682
0.0058273
0.0037605
0.0025624
0.0018386
0.0013769
0.0013073
0.0009839
0.0009686
0.0009515
0.0006872
0.0006387
0.0006073
0.0005985
0.0005425
0.0005034
0.0004872
0.0005025
0.0004505
0.0004501
0.0003642
0.0003951
0.0004215
0.0004716
0.0004241
0.0004160
0.0003253
0.0003075
0.0003355
0.0002613
0.0004209
0.0003258
0.0004258
0.0003437
0.0003219
0.0003450
0.0003434
0.0002749
0.0003923
0.0002232
0.0002705
0.0002551
0.0003374
0.0002863
0.0002988
0.0002027
0.0002748
0.0002748
0.0001906
0.0002424
0.0001719
0.0002499
0.0002721
0.0002113
0.0001943
0.0003537
0.0002363
0.0002326
0.0001988
0.0003270
0.0001915
0.0001918
0.0002198
0.0001998
0.0002150
0.0002146
0.0001730
0.0002552
0.0001657
0.0002363
0.0001464
0.0002140
0.0002015
0.0001426
0.0001859
0.0002560
0.0001429
0.0002258
0.0001726
0.0001371
0.0001809
0.0001771
0.0001362
0.0001910
0.0002295
0.0001360
0.0002098
0.0001524
0.0001184
0.0001680
0.0001845
0.0001716
0.0001480
0.0001471
0.0001944
0.0001522
0.0001885
0.0001670
