0.1398316
0.0075940
0.0012119
0.0033327
0.0062187
0.0052758
0.0032876
0.0023182
0.0016403
0.0012601
0.0010816
0.0008507
0.0007974
0.0007193
0.0006011
0.0005959
0.0005488
0.0004877
0.0004226
0.0003956
0.0003970
0.0004214
0.0003223
0.0003407
0.0003124
0.0003415
0.0003400
0.0002902
0.0003036
0.0002965
0.0002454
0.0002202
0.0002734
0.0002234
0.0003070
0.0002535
0.0002742
0.0002646
0.0002474
0.0002611
0.0002257
0.0002051
0.0002693
0.0001862
0.0002069
0.0001900
0.0002355
0.0001860
0.0002362
0.0001507
0.0001669
0.0001686
0.0001551
0.0001354
0.0001355
0.0001755
0.0001610
0.0001705
0.0001408
0.0001357
0.0001898
0.0001759
0.0001663
0.0001746
0.0001595
0.0001498
0.0001512
0.0001227
0.0001188
0.0001331
0.0001438
0.0001787
0.0001140
0.0001068
0.0001114
0.0001562
0.0001202
0.0001208
0.0001454
0.0001865
0.0001178
0.0001028
0.0001101
0.0001000
0.0001343
0.0001345
0.0001014
0.0001487
0.0001583
0.0001031
0.0000924
0.0001012
0.0000994
0.0001131
0.0000655
0.0001232
0.0001147
0.0000973
0.0001106
0.0001154
0.0001343
0.0001012
