0.0099293
0.0056170
0.0003874
0.0010478
0.0005639
0.0008898
0.0007629
0.0003939
0.0003200
0.0001885
0.0003642
0.0002150
0.0002762
0.0003747
0.0001390
0.0000691
0.0000944
0.0001787
0.0001935
0.0001738
0.0001455
0.0001308
0.0002068
0.0001764
0.0000836
0.0000864
0.0001315
0.0002926
0.0001945
0.0001927
0.0001290
0.0001408
0.0001002
0.0000612
0.0001838
0.0001166
0.0002447
0.0001275
0.0001202
0.0001353
0.0001899
0.0001127
0.0001985
0.0000597
0.0001026
0.0001049
0.0001644
0.0001618
0.0001010
0.0000839
0.0001740
0.0001713
0.0000574
0.0001728
0.0000587
0.0001201
0.0001792
0.0000658
0.0000864
0.0003517
0.0000749
0.0000914
0.0000525
0.0002458
0.0000517
0.0000678
0.0001108
0.0001243
0.0001552
0.0001315
0.0000471
0.0001235
0.0000834
0.0002089
0.0000563
0.0000933
0.0001310
0.0000352
0.0000653
0.0001122
0.0000406
0.0001984
0.0001008
0.0000598
0.0000752
0.0000688
0.0000561
0.0000683
0.0001149
0.0000531
0.0001893
0.0000826
0.0000306
0.0000887
0.0001920
0.0000781
0.0000537
0.0000803
0.0001353
0.0000594
0.0000875
0.0001062
