0.1521400
0.0145569
0.0016921
0.0046316
0.0069177
0.0063788
0.0042333
0.0028066
0.0020370
0.0014938
0.0015331
0.0011172
0.0011398
0.0011838
0.0007734
0.0006815
0.0006659
0.0007093
0.0006625
0.0006111
0.0005774
0.0005835
0.0005787
0.0005594
0.0004160
0.0004486
0.0005030
0.0006530
0.0005446
0.0005354
0.0004052
0.0003948
0.0003975
0.0002993
0.0005349
0.0003981
0.0005775
0.0004227
0.0003964
0.0004289
0.0004611
0.0003448
0.0005154
0.0002602
0.0003341
0.0003201
0.0004393
0.0003866
0.0003614
0.0002547
0.0003826
0.0003810
0.0002262
0.0003495
0.0002082
0.0003244
0.0003832
0.0002521
0.0002479
0.0005717
0.0002827
0.0002893
0.0002313
0.0004793
0.0002236
0.0002338
0.0002885
0.0002769
0.0003112
0.0002961
0.0002021
0.0003318
0.0002174
0.0003658
0.0001813
0.0002718
0.0002827
0.0001644
0.0002264
0.0003256
0.0001681
0.0003488
0.0002350
0.0001741
0.0002275
0.0002197
0.0001710
0.0002334
0.0003007
0.0001689
0.0003271
0.0002036
0.0001373
0.0002230
0.0003035
0.0002200
0.0001813
0.0001969
0.0002783
0.0001890
0.0002427
0.0002328
