0.6961949
0.8878281
0.4933487
0.4325702
0.4159641
0.4069389
0.4006896
0.3960617
0.3927029
0.3900188
0.3879544
0.3863517
0.3850447
0.3838831
0.3828742
0.3820351
0.3812894
0.3806204
0.3799836
0.3794005
0.3788774
0.3783766
0.3778791
0.3774105
0.3769752
0.3765284
0.3761238
0.3757481
0.3753807
0.3749967
0.3746359
0.3743058
0.3739844
0.3736665
0.3733602
0.3730711
0.3727786
0.3724765
0.3721935
0.3719120
0.3716436
0.3713876
0.3711256
0.3708742
0.3706303
0.3703825
0.3701427
0.3699116
0.3696867
0.3694564
0.3692321
0.3690154
0.3687972
0.3685824
0.3683687
0.3681600
0.3679577
0.3677600
0.3675600
0.3673657
0.3671723
0.3669843
0.3668078
0.3666311
0.3664601
0.3662833
0.3661024
0.3659255
0.3657526
0.3655763
0.3654040
0.3652345
0.3650737
0.3649105
0.3647472
0.3645943
0.3644404
0.3642896
0.3641397
0.3639865
0.3638398
0.3636974
0.3635515
0.3634070
0.3632614
0.3631160
0.3629724
0.3628287
0.3626827
0.3625417
0.3623968
0.3622592
0.3621241
0.3619887
0.3618526
0.3617261
0.3615968
0.3614686
0.3613396
0.3612114
0.3610815
0.3609507
