0.6922449
0.8614826
0.4899281
0.4312509
0.4152993
0.4064387
0.4002473
0.3956446
0.3922890
0.3896088
0.3875600
0.3859493
0.3846329
0.3834585
0.3824428
0.3815769
0.3808096
0.3801275
0.3794831
0.3788900
0.3783534
0.3778357
0.3773177
0.3768284
0.3763835
0.3759210
0.3754872
0.3751062
0.3747218
0.3743148
0.3739338
0.3735953
0.3732555
0.3729272
0.3726113
0.3723088
0.3720049
0.3717043
0.3714139
0.3711280
0.3708427
0.3705786
0.3703096
0.3700487
0.3697966
0.3695432
0.3692955
0.3690614
0.3688264
0.3685854
0.3683543
0.3681268
0.3679002
0.3676696
0.3674417
0.3672293
0.3670175
0.3668066
0.3665975
0.3663941
0.3661941
0.3659956
0.3658056
0.3656183
0.3654356
0.3652502
0.3650611
0.3648723
0.3646872
0.3645047
0.3643262
0.3641482
0.3639758
0.3638012
0.3636314
0.3634673
0.3633012
0.3631404
0.3629804
0.3628169
0.3626578
0.3625046
0.3623457
0.3621862
0.3620299
0.3618733
0.3617191
0.3615637
0.3614107
0.3612584
0.3611003
0.3609513
0.3608044
0.3606576
0.3605096
0.3603681
0.3602305
0.3600893
0.3599477
0.3598043
0.3596613
0.3595165
