0.0063729
0.0425060
0.0055189
0.0021286
0.0010726
0.0008071
0.0007137
0.0006731
0.0006677
0.0006616
0.0006362
0.0006493
0.0006645
0.0006850
0.0006960
0.0007391
0.0007741
0.0007952
0.0008075
0.0008236
0.0008454
0.0008726
0.0009057
0.0009391
0.0009545
0.0009800
0.0010271
0.0010356
0.0010632
0.0011003
0.0011328
0.0011463
0.0011760
0.0011928
0.0012083
0.0012300
0.0012482
0.0012459
0.0012578
0.0012648
0.0012923
0.0013053
0.0013165
0.0013318
0.0013451
0.0013542
0.0013667
0.0013718
0.0013881
0.0014054
0.0014163
0.0014337
0.0014472
0.0014726
0.0014956
0.0015016
0.0015168
0.0015382
0.0015529
0.0015677
0.0015782
0.0015950
0.0016171
0.0016341
0.0016529
0.0016669
0.0016800
0.0016991
0.0017189
0.0017289
0.0017390
0.0017526
0.0017715
0.0017896
0.0018002
0.0018182
0.0018380
0.0018541
0.0018704
0.0018871
0.0019070
0.0019244
0.0019453
0.0019697
0.0019870
0.0020051
0.0020221
0.0020410
0.0020522
0.0020705
0.0020916
0.0021102
0.0021292
0.0021477
0.0021669
0.0021909
0.0022044
0.0022253
0.0022456
0.0022702
0.0022914
0.0023140
