0.7001449
0.9141736
0.4967694
0.4338895
0.4166289
0.4074391
0.4011320
0.3964789
0.3931167
0.3904289
0.3883487
0.3867542
0.3854566
0.3843076
0.3833056
0.3824932
0.3817692
0.3811132
0.3804840
0.3799110
0.3794014
0.3789174
0.3784405
0.3779925
0.3775668
0.3771358
0.3767605
0.3763899
0.3760397
0.3756787
0.3753380
0.3750164
0.3747133
0.3744058
0.3741092
0.3738335
0.3735522
0.3732488
0.3729731
0.3726959
0.3724446
0.3721966
0.3719415
0.3716997
0.3714640
0.3712218
0.3709898
0.3707619
0.3705471
0.3703275
0.3701100
0.3699040
0.3696941
0.3694951
0.3692957
0.3690907
0.3688978
0.3687134
0.3685225
0.3683374
0.3681505
0.3679729
0.3678101
0.3676440
0.3674846
0.3673165
0.3671436
0.3669786
0.3668179
0.3666478
0.3664819
0.3663208
0.3661717
0.3660197
0.3658630
0.3657212
0.3655796
0.3654389
0.3652989
0.3651562
0.3650217
0.3648902
0.3647572
0.3646278
0.3644930
0.3643588
0.3642256
0.3640937
0.3639547
0.3638250
0.3636932
0.3635671
0.3634438
0.3633198
0.3631957
0.3630840
0.3629632
0.3628478
0.3627314
0.3626185
0.3625017
0.3623849
