0.6961949
0.6956087
0.6179516
0.5947331
0.5950630
0.6044503
0.6162728
0.6275993
0.6370845
0.6439615
0.6475930
0.6474381
0.6431196
0.6347937
0.6235317
0.6113430
0.6004303
0.5920311
0.5860187
0.5814782
0.5776111
0.5739411
0.5702413
0.5664171
0.5624351
0.5582880
0.5539823
0.5495303
0.5449502
0.5402623
0.5354896
0.5306566
0.5257891
0.5209126
0.5160528
0.5112335
0.5064780
0.5018081
0.4972436
0.4928019
0.4884980
0.4843442
0.4803516
0.4765265
0.4728738
0.4693960
0.4660936
0.4629653
0.4600083
0.4572181
0.4545899
0.4521163
0.4497902
0.4476039
0.4455494
0.4436184
0.4418028
0.4400945
0.4384862
0.4369693
0.4355365
0.4341808
0.4328955
0.4316741
0.4305110
0.4294005
0.4283378
0.4273181
0.4263368
0.4253901
0.4244745
0.4235866
0.4227236
0.4218827
0.4210617
0.4202583
0.4194708
0.4186974
0.4179368
0.4171876
0.4164486
0.4157189
0.4149976
0.4142840
0.4135775
0.4128775
0.4121838
0.4114957
0.4108136
0.4101361
0.4094648
0.4087973
0.4081359
0.4074790
0.4068304
0.4062451
0.4063001
0.4128270
0.4270637
0.4240632
0.4103891
0.4079375
