0.6922449
0.6916760
0.6165494
0.5942906
0.5946474
0.6036370
0.6150515
0.6259999
0.6351419
0.6417149
0.6450875
0.6447235
0.6402526
0.6318613
0.6206816
0.6087627
0.5982299
0.5901489
0.5842902
0.5797721
0.5758614
0.5721196
0.5683357
0.5644210
0.5603445
0.5561006
0.5516966
0.5471463
0.5424693
0.5376874
0.5328252
0.5279086
0.5229650
0.5180211
0.5131042
0.5082392
0.5034498
0.4987584
0.4941849
0.4897466
0.4854582
0.4813310
0.4773755
0.4735971
0.4699994
0.4665837
0.4633493
0.4602936
0.4574128
0.4547010
0.4521525
0.4497588
0.4475120
0.4454037
0.4434250
0.4415674
0.4398222
0.4381808
0.4366357
0.4351781
0.4338005
0.4324959
0.4312575
0.4300789
0.4289544
0.4278787
0.4268467
0.4258540
0.4248961
0.4239694
0.4230706
0.4221964
0.4213441
0.4205113
0.4196958
0.4188957
0.4181094
0.4173352
0.4165721
0.4158187
0.4150742
0.4143376
0.4136083
0.4128858
0.4121695
0.4114592
0.4107545
0.4100548
0.4093609
0.4086710
0.4079877
0.4073075
0.4066339
0.4059645
0.4053053
0.4047475
0.4049347
0.4041729
0.3968956
0.3969636
0.3973608
0.4035245
