0.7001449
0.6995414
0.6193538
0.5951757
0.5954785
0.6052637
0.6174941
0.6291987
0.6390270
0.6462082
0.6500985
0.6501527
0.6459866
0.6377260
0.6263817
0.6139232
0.6026307
0.5939132
0.5877472
0.5831843
0.5793608
0.5757626
0.5721469
0.5684132
0.5645257
0.5604755
0.5562679
0.5519143
0.5474311
0.5428372
0.5381540
0.5334045
0.5286132
0.5238042
0.5190013
0.5142278
0.5095062
0.5048577
0.5003023
0.4958571
0.4915378
0.4873574
0.4833276
0.4794559
0.4757482
0.4722083
0.4688379
0.4656369
0.4626038
0.4597351
0.4570273
0.4544738
0.4520684
0.4498041
0.4476737
0.4456694
0.4437835
0.4420083
0.4403367
0.4387606
0.4372726
0.4358657
0.4345334
0.4332693
0.4320675
0.4309224
0.4298289
0.4287821
0.4277775
0.4268108
0.4258784
0.4249769
0.4241031
0.4232541
0.4224275
0.4216209
0.4208322
0.4200597
0.4193016
0.4185565
0.4178231
0.4171003
0.4163869
0.4156822
0.4149854
0.4142958
0.4136131
0.4129366
0.4122663
0.4116012
0.4109419
0.4102872
0.4096380
0.4089934
0.4083555
0.4077426
0.4076656
0.4214812
0.4572319
0.4511629
0.4234174
0.4123505
