272.5848748
450.0471513
0.0001084
0.0000197
0.0000085
0.0000047
0.0000024
0.0000017
0.0000013
0.0000009
0.0000009
0.0000005
0.0000005
0.0000009
0.0000003
0.0000004
0.0000005
0.0000002
0.0000002
0.0000002
0.0000002
0.0000001
0.0000001
0.0000001
0.0000001
0.0000001
0.0000001
0.0000001
0.0000001
0.0000001
0.0000003
0.0000001
0.0000007
0.0000001
0.0000001
0.0000000
0.0000001
0.0000001
0.0000001
0.0000001
0.0000000
0.0000000
0.0000000
0.0000001
0.0000001
0.0000000
0.0000000
0.0000000
0.0000000
0.0000000
0.0000000
0.0000000
0.0000001
0.0000001
0.0000000
0.0000002
0.0000000
0.0000000
0.0000000
0.0000001
0.0000000
0.0000001
0.0000000
0.0000000
0.0000001
0.0000000
0.0000000
0.0000000
0.0000000
0.0000000
0.0000000
0.0000000
0.0000000
0.0000000
0.0000000
0.0000000
0.0000001
0.0000000
0.0000000
0.0000001
0.0000000
0.0000000
0.0000000
0.0000000
0.0000000
0.0000000
0.0000000
0.0000001
0.0000004
0.0000000
0.0000000
0.0000000
0.0000000
0.0000000
0.0000000
0.0000000
0.0000000
0.0000000
0.0000000
0.0000000
0.0000000
0.0000000
0.0000000
0.0000000
0.0000001
0.0000000
0.0000000
0.0000000
0.0000000
0.0000000
0.0000000
0.0000000
0.0000000
0.0000000
0.0000000
0.0000000
0.0000000
0.0000000
0.0000000
0.0000000
0.0000000
0.0000000
0.0000000
0.0000000
0.0000000
0.0000000
0.0000000
0.0000000
0.0000000
0.0000001
0.0000000
0.0000000
0.0000000
0.0000000
0.0000000
0.0000000
0.0000001
0.0000000
0.0000000
0.0000000
0.0000001
0.0000000
0.0000000
0.0000000
0.0000000
0.0000000
0.0000000
0.0000001
0.0000000
0.0000002
0.0000000
0.0000000
0.0000000
0.0000000
0.0000000
0.0000000
0.0000000
0.0000000
0.0000002
0.0000001
0.0000000
0.0000001
0.0000001
0.0000001
0.0000000
0.0000000
0.0000001
0.0000000
0.0000000
0.0000001
0.0000000
0.0000001
0.0000000
0.0000000
0.0000002
0.0000000
0.0000000
0.0000000
0.0000000
0.0000000
0.0000000
0.0000000
0.0000000
0.0000000
0.0000000
0.0000000
0.0000000
0.0000000
0.0000000
0.0000000
0.0000000
0.0000000
0.0000000
0.0000000
0.0000000
0.0000000
0.0000000
0.0000000
0.0000001
0.0000000
0.0000000
0.0000000
