272.1885857
419.9286675
0.0000965
0.0000169
0.0000060
0.0000039
0.0000022
0.0000013
0.0000011
0.0000007
0.0000007
0.0000004
0.0000004
-0.0000001
0.0000003
0.0000002
0.0000002
0.0000002
0.0000001
0.0000001
0.0000001
0.0000001
0.0000001
0.0000001
0.0000001
0.0000001
0.0000000
0.0000001
0.0000000
0.0000001
0.0000000
0.0000000
-0.0000004
0.0000000
0.0000000
0.0000000
0.0000000
0.0000000
0.0000000
0.0000000
0.0000000
0.0000000
0.0000000
0.0000000
0.0000000
0.0000000
0.0000000
0.0000000
0.0000000
0.0000000
0.0000000
0.0000000
-0.0000000
0.0000000
0.0000000
-0.0000000
0.0000000
0.0000000
0.0000000
-0.0000000
0.0000000
0.0000000
0.0000000
0.0000000
-0.0000001
0.0000000
0.0000000
0.0000000
0.0000000
0.0000000
0.0000000
-0.0000000
0.0000000
0.0000000
0.0000000
0.0000000
-0.0000000
0.0000000
0.0000000
-0.0000000
0.0000000
0.0000000
0.0000000
0.0000000
0.0000000
-0.0000000
0.0000000
-0.0000000
-0.0000003
0.0000000
0.0000000
0.0000000
0.0000000
0.0000000
0.0000000
0.0000000
0.0000000
0.0000000
0.0000000
-0.0000000
0.0000000
0.0000000
0.0000000
0.0000000
0.0000000
0.0000000
0.0000000
0.0000000
0.0000000
0.0000000
0.0000000
0.0000000
0.0000000
0.0000000
-0.0000000
0.0000000
0.0000000
0.0000000
0.0000000
0.0000000
0.0000000
0.0000000
0.0000000
-0.0000000
0.0000000
0.0000000
0.0000000
0.0000000
0.0000000
-0.0000000
-0.0000000
0.0000000
0.0000000
0.0000000
0.0000000
-0.0000000
-0.0000000
0.0000000
0.0000000
-0.0000000
-0.0000000
-0.0000000
-0.0000000
0.0000000
0.0000000
0.0000000
0.0000000
0.0000000
0.0000000
-0.0000001
-0.0000000
0.0000000
-0.0000000
0.0000000
0.0000000
0.0000000
-0.0000000
0.0000000
-0.0000001
-0.0000000
0.0000000
-0.0000001
-0.0000000
-0.0000001
-0.0000000
0.0000000
-0.0000000
0.0000000
0.0000000
-0.0000000
0.0000000
-0.0000000
0.0000000
0.0000000
-0.0000001
0.0000000
0.0000000
0.0000000
-0.0000000
0.0000000
0.0000000
0.0000000
0.0000000
0.0000000
0.0000000
0.0000000
0.0000000
0.0000000
0.0000000
-0.0000000
0.0000000
0.0000000
-0.0000000
0.0000000
0.0000000
0.0000000
0.0000000
-0.0000000
-0.0000000
0.0000000
0.0000000
0.0000000
