0.4521068
34.3607026
0.0000136
0.0000032
0.0000029
0.0000009
0.0000003
0.0000005
0.0000002
0.0000002
0.0000002
0.0000002
0.0000001
0.0000012
0.0000000
0.0000002
0.0000003
0.0000001
0.0000001
0.0000002
0.0000001
0.0000000
0.0000000
0.0000000
0.0000001
0.0000000
0.0000001
0.0000000
0.0000001
0.0000000
0.0000003
0.0000000
0.0000012
0.0000000
0.0000000
0.0000000
0.0000000
0.0000001
0.0000001
0.0000000
0.0000000
0.0000000
0.0000000
0.0000000
0.0000000
0.0000000
0.0000000
0.0000000
0.0000000
0.0000000
0.0000000
0.0000000
0.0000001
0.0000001
0.0000000
0.0000002
0.0000000
0.0000000
0.0000000
0.0000001
0.0000000
0.0000001
0.0000000
0.0000000
0.0000002
0.0000000
0.0000000
0.0000000
0.0000000
0.0000000
0.0000000
0.0000001
0.0000000
0.0000000
0.0000000
0.0000000
0.0000002
0.0000000
0.0000000
0.0000001
0.0000000
0.0000000
0.0000000
0.0000000
0.0000000
0.0000001
0.0000000
0.0000001
0.0000007
0.0000000
0.0000000
0.0000000
0.0000000
0.0000000
0.0000000
0.0000000
0.0000000
0.0000000
0.0000000
0.0000000
0.0000000
0.0000000
0.0000000
0.0000000
0.0000001
0.0000000
0.0000000
0.0000000
0.0000000
0.0000000
0.0000000
0.0000000
0.0000000
0.0000000
0.0000001
0.0000000
0.0000000
0.0000000
0.0000000
0.0000000
0.0000000
0.0000000
0.0000000
0.0000000
0.0000000
0.0000000
0.0000000
0.0000000
0.0000000
0.0000001
0.0000000
0.0000000
0.0000000
0.0000001
0.0000000
0.0000001
0.0000001
0.0000000
0.0000000
0.0000000
0.0000001
0.0000000
0.0000000
0.0000000
0.0000000
0.0000000
0.0000000
0.0000001
0.0000000
0.0000004
0.0000000
0.0000000
0.0000000
0.0000000
0.0000000
0.0000000
0.0000000
0.0000000
0.0000003
0.0000002
0.0000000
0.0000002
0.0000001
0.0000002
0.0000000
0.0000000
0.0000001
0.0000000
0.0000000
0.0000001
0.0000000
0.0000002
0.0000000
0.0000000
0.0000003
0.0000000
0.0000000
0.0000000
0.0000000
0.0000000
0.0000000
0.0000000
0.0000000
0.0000000
0.0000000
0.0000000
0.0000000
0.0000000
0.0000000
0.0000000
0.0000000
0.0000000
0.0000001
0.0000000
0.0000000
0.0000000
0.0000000
0.0000000
0.0000001
0.0000000
0.0000000
0.0000000
