272.9811639
480.1656351
0.0001203
0.0000225
0.0000111
0.0000055
0.0000027
0.0000022
0.0000015
0.0000010
0.0000012
0.0000007
0.0000006
0.0000020
0.0000003
0.0000005
0.0000007
0.0000003
0.0000002
0.0000004
0.0000002
0.0000002
0.0000001
0.0000001
0.0000002
0.0000001
0.0000001
0.0000001
0.0000003
0.0000001
0.0000006
0.0000001
0.0000018
0.0000001
0.0000001
0.0000001
0.0000001
0.0000003
0.0000002
0.0000001
0.0000001
0.0000000
0.0000000
0.0000001
0.0000001
0.0000001
0.0000000
0.0000000
0.0000001
0.0000000
0.0000001
0.0000000
0.0000002
0.0000001
0.0000000
0.0000004
0.0000000
0.0000000
0.0000001
0.0000001
0.0000000
0.0000003
0.0000000
0.0000000
0.0000003
0.0000000
0.0000000
0.0000000
0.0000000
0.0000000
0.0000000
0.0000001
0.0000000
0.0000000
0.0000001
0.0000000
0.0000003
0.0000000
0.0000000
0.0000001
0.0000000
0.0000000
0.0000000
0.0000000
0.0000000
0.0000001
0.0000000
0.0000002
0.0000010
0.0000000
0.0000000
0.0000000
0.0000000
0.0000000
0.0000000
0.0000000
0.0000000
0.0000000
0.0000000
0.0000001
0.0000001
0.0000000
0.0000000
0.0000000
0.0000001
0.0000000
0.0000000
0.0000001
0.0000000
0.0000000
0.0000000
0.0000001
0.0000000
0.0000000
0.0000001
0.0000000
0.0000000
0.0000000
0.0000000
0.0000000
0.0000001
0.0000000
0.0000001
0.0000000
0.0000000
0.0000000
0.0000000
0.0000000
0.0000000
0.0000001
0.0000001
0.0000000
0.0000000
0.0000001
0.0000000
0.0000001
0.0000002
0.0000001
0.0000001
0.0000001
0.0000002
0.0000001
0.0000001
0.0000000
0.0000000
0.0000000
0.0000000
0.0000002
0.0000000
0.0000005
0.0000001
0.0000000
0.0000001
0.0000000
0.0000000
0.0000000
0.0000000
0.0000000
0.0000004
0.0000003
0.0000000
0.0000004
0.0000001
0.0000003
0.0000001
0.0000000
0.0000002
0.0000000
0.0000000
0.0000001
0.0000000
0.0000002
0.0000000
0.0000000
0.0000004
0.0000000
0.0000000
0.0000000
0.0000001
0.0000000
0.0000000
0.0000000
0.0000001
0.0000001
0.0000000
0.0000000
0.0000000
0.0000000
0.0000000
0.0000000
0.0000000
0.0000000
0.0000001
0.0000000
0.0000000
0.0000000
0.0000000
0.0000001
0.0000002
0.0000000
0.0000000
0.0000000
