2.3084873
2.3023935
1.6034419
0.8355831
0.5398161
0.4255081
0.3641998
0.3252433
0.2972958
0.2761396
0.2594000
0.2458506
0.2344790
0.2250445
0.2167768
0.2094903
0.2033379
0.1979489
0.1932531
0.1889768
0.1850765
0.1816590
0.1785235
0.1755522
0.1727967
0.1703590
0.1681194
0.1659839
0.1639502
0.1621318
0.1603071
0.1587573
0.1570055
0.1555627
0.1541691
0.1527404
0.1514769
0.1501416
0.1489909
0.1479017
0.1468789
0.1458405
0.1448875
0.1438846
0.1430472
0.1421528
0.1412744
0.1404198
0.1396240
0.1388245
0.1381534
0.1374273
0.1367543
0.1360744
0.1354276
0.1347775
0.1341196
0.1335576
0.1329509
0.1323974
0.1318576
0.1313495
0.1307653
0.1302758
0.1297569
0.1293227
0.1288397
0.1283784
0.1279483
0.1275425
0.1270351
0.1266285
0.1262833
0.1258058
0.1254399
0.1250313
0.1246311
0.1242653
0.1239514
0.1235660
0.1231930
0.1228624
0.1224995
0.1221831
0.1218853
0.1215469
0.1212431
0.1209716
0.1206522
0.1203752
0.1200730
0.1197863
0.1194836
0.1192205
0.1189651
0.1186821
0.1184898
0.1182060
0.1179168
0.1176232
0.1174123
0.1171699
0.1169059
0.1166986
0.1164787
0.1162276
0.1160306
0.1158293
0.1155782
0.1153738
0.1151432
0.1149305
0.1147073
0.1145283
0.1143222
0.1141414
0.1139364
0.1137405
0.1135654
0.1134046
0.1132402
0.1130028
0.1128627
0.1126872
0.1125150
0.1123270
0.1121571
0.1119768
0.1118319
0.1117047
0.1115207
0.1113870
0.1112045
0.1110372
0.1109062
0.1107509
0.1105859
0.1104611
0.1103458
0.1102096
0.1100536
0.1099146
0.1097977
0.1096323
0.1094906
0.1093644
0.1092109
0.1090929
0.1089270
0.1087905
0.1086917
0.1085939
0.1084380
0.1083112
0.1082046
0.1081036
0.1079855
0.1078429
0.1077232
0.1076266
0.1075086
0.1074072
0.1072766
0.1071900
0.1070537
0.1069692
0.1068520
0.1067399
0.1066143
0.1065257
0.1064210
0.1063003
0.1062035
0.1061025
0.1060020
0.1059201
0.1058136
0.1057029
0.1056106
0.1055260
0.1054157
0.1053403
0.1052181
0.1051427
0.1050444
0.1049848
0.1048742
0.1048193
0.1047126
0.1046103
0.1045280
0.1044393
0.1043643
0.1042722
0.1041611
0.1041077
0.1040193
0.1039383
0.1038809
0.1037859
0.1037060
0.1036262
