2.3070876
2.3020475
1.2088794
0.5641976
0.4265545
0.3608877
0.3190148
0.2904600
0.2686900
0.2524806
0.2394304
0.2288921
0.2200936
0.2125785
0.2059941
0.2000761
0.1949126
0.1903091
0.1863619
0.1825257
0.1789918
0.1758987
0.1731669
0.1704247
0.1678094
0.1655571
0.1633882
0.1613755
0.1594086
0.1577910
0.1558989
0.1545487
0.1527766
0.1513195
0.1499622
0.1485776
0.1473419
0.1460855
0.1449520
0.1438753
0.1428669
0.1418501
0.1409855
0.1399867
0.1392044
0.1382965
0.1374561
0.1366284
0.1358460
0.1350356
0.1344096
0.1337091
0.1330736
0.1324590
0.1317959
0.1311539
0.1305374
0.1299657
0.1294120
0.1288886
0.1283740
0.1279221
0.1273167
0.1269021
0.1263940
0.1260097
0.1255626
0.1250851
0.1246807
0.1242785
0.1237868
0.1234061
0.1231061
0.1226454
0.1223231
0.1218963
0.1215498
0.1212053
0.1209506
0.1205407
0.1201761
0.1198401
0.1195056
0.1192001
0.1188865
0.1185819
0.1183217
0.1180790
0.1177742
0.1175161
0.1172350
0.1169623
0.1166884
0.1164419
0.1161883
0.1159191
0.1157442
0.1154443
0.1151811
0.1149042
0.1147107
0.1144806
0.1142048
0.1139869
0.1138081
0.1135594
0.1133641
0.1131882
0.1129250
0.1127419
0.1125547
0.1123312
0.1121176
0.1119614
0.1117557
0.1115636
0.1113672
0.1112038
0.1110391
0.1109127
0.1107290
0.1105293
0.1103852
0.1102380
0.1100533
0.1098753
0.1097419
0.1095598
0.1094265
0.1092858
0.1091283
0.1090430
0.1088488
0.1086663
0.1085513
0.1083960
0.1082359
0.1081004
0.1080148
0.1078623
0.1077025
0.1075810
0.1074748
0.1073122
0.1071458
0.1070498
0.1068910
0.1067706
0.1066086
0.1064780
0.1063791
0.1062956
0.1061459
0.1060309
0.1059264
0.1058427
0.1057381
0.1055975
0.1054814
0.1053846
0.1052557
0.1051678
0.1050805
0.1050055
0.1048514
0.1047778
0.1046661
0.1045626
0.1044550
0.1043649
0.1042529
0.1041512
0.1040589
0.1039740
0.1038654
0.1037786
0.1036818
0.1035989
0.1035075
0.1034140
0.1033216
0.1032525
0.1031100
0.1030482
0.1029579
0.1029086
0.1027889
0.1027626
0.1026390
0.1025401
0.1024485
0.1023948
0.1023283
0.1022068
0.1021255
0.1020736
0.1019895
0.1019073
0.1018640
0.1017632
0.1016794
0.1015886
