0.0015968
0.0003948
0.4501371
0.3096105
0.1292146
0.0737222
0.0515493
0.0396825
0.0326349
0.0269913
0.0227823
0.0193472
0.0164117
0.0142220
0.0123015
0.0107402
0.0096121
0.0087158
0.0078618
0.0073597
0.0069417
0.0065717
0.0061111
0.0058497
0.0056898
0.0054782
0.0053976
0.0052576
0.0051814
0.0049522
0.0050291
0.0048014
0.0048246
0.0048409
0.0047994
0.0047491
0.0047174
0.0046274
0.0046078
0.0045936
0.0045770
0.0045524
0.0044517
0.0044469
0.0043841
0.0043995
0.0043561
0.0043255
0.0043101
0.0043225
0.0042711
0.0042419
0.0041991
0.0041246
0.0041432
0.0041339
0.0040868
0.0040978
0.0040374
0.0040030
0.0039742
0.0039102
0.0039343
0.0038489
0.0038365
0.0037796
0.0037387
0.0037572
0.0037278
0.0037237
0.0037058
0.0036763
0.0036247
0.0036055
0.0035558
0.0035765
0.0035154
0.0034910
0.0034235
0.0034514
0.0034418
0.0034480
0.0034155
0.0034031
0.0034212
0.0033825
0.0033329
0.0033000
0.0032833
0.0032619
0.0032377
0.0032217
0.0031889
0.0031699
0.0031679
0.0031521
0.0031324
0.0031506
0.0031210
0.0031020
0.0030821
0.0030681
0.0030816
0.0030937
0.0030467
0.0030440
0.0030421
0.0030131
0.0030269
0.0030026
0.0029531
0.0029654
0.0029544
0.0029284
0.0029280
0.0029410
0.0029311
0.0028940
0.0028822
0.0028430
0.0028649
0.0028219
0.0028264
0.0027942
0.0028084
0.0027970
0.0027553
0.0027575
0.0027441
0.0027596
0.0027295
0.0026741
0.0026875
0.0027048
0.0026865
0.0026867
0.0026810
0.0026932
0.0026593
0.0026779
0.0026822
0.0026624
0.0026501
0.0026468
0.0026751
0.0026406
0.0026466
0.0026494
0.0026449
0.0026383
0.0026384
0.0026220
0.0026149
0.0026014
0.0025990
0.0025793
0.0025640
0.0025617
0.0025576
0.0025578
0.0025702
0.0025548
0.0025055
0.0024922
0.0025126
0.0025000
0.0024938
0.0024840
0.0024635
0.0024651
0.0024735
0.0024517
0.0024467
0.0024283
0.0024376
0.0024431
0.0024320
0.0024004
0.0023993
0.0024095
0.0023891
0.0023819
0.0024051
0.0023895
0.0023804
0.0023686
0.0023790
0.0023464
0.0023656
0.0023619
0.0023724
0.0023325
0.0023228
0.0023564
0.0023223
0.0023206
0.0023157
0.0023171
0.0023010
0.0023076
0.0023121
0.0023246
