2.3098869
2.3027396
1.9980044
1.1069686
0.6530777
0.4901284
0.4093848
0.3600266
0.3259015
0.2997985
0.2793696
0.2628092
0.2488645
0.2375106
0.2275596
0.2189045
0.2117633
0.2055886
0.2001442
0.1954278
0.1911612
0.1874194
0.1838802
0.1806797
0.1777840
0.1751608
0.1728505
0.1705924
0.1684919
0.1664726
0.1647153
0.1629658
0.1612345
0.1598059
0.1583759
0.1569031
0.1556118
0.1541977
0.1530298
0.1519282
0.1508908
0.1498309
0.1487896
0.1477825
0.1468901
0.1460092
0.1450927
0.1442113
0.1434019
0.1426133
0.1418973
0.1411455
0.1404350
0.1396898
0.1390594
0.1384010
0.1377018
0.1371495
0.1364898
0.1359062
0.1353412
0.1347769
0.1342139
0.1336495
0.1331197
0.1326356
0.1321169
0.1316717
0.1312158
0.1308064
0.1302833
0.1298509
0.1294604
0.1289661
0.1285568
0.1281662
0.1277124
0.1273253
0.1269522
0.1265913
0.1262098
0.1258847
0.1254933
0.1251660
0.1248841
0.1245118
0.1241645
0.1238642
0.1235301
0.1232344
0.1229110
0.1226103
0.1222788
0.1219990
0.1217419
0.1214451
0.1212355
0.1209676
0.1206525
0.1203422
0.1201139
0.1198592
0.1196071
0.1194104
0.1191492
0.1188958
0.1186971
0.1184704
0.1182315
0.1180057
0.1177318
0.1175298
0.1172969
0.1170952
0.1168887
0.1167193
0.1165057
0.1162772
0.1160917
0.1158966
0.1157514
0.1154763
0.1153402
0.1151364
0.1149767
0.1147786
0.1145722
0.1143938
0.1142372
0.1141236
0.1139132
0.1137309
0.1135602
0.1134080
0.1132610
0.1131059
0.1129360
0.1128218
0.1126767
0.1125569
0.1124046
0.1122483
0.1121206
0.1119523
0.1118354
0.1116789
0.1115307
0.1114152
0.1112453
0.1111030
0.1110043
0.1108922
0.1107300
0.1105914
0.1104827
0.1103645
0.1102329
0.1100883
0.1099650
0.1098686
0.1097615
0.1096466
0.1094728
0.1093745
0.1092561
0.1091605
0.1090379
0.1089173
0.1087736
0.1086864
0.1085891
0.1084493
0.1083481
0.1082310
0.1081387
0.1080616
0.1079453
0.1078070
0.1077136
0.1076380
0.1075099
0.1074281
0.1073263
0.1072372
0.1071310
0.1070610
0.1069595
0.1068760
0.1067862
0.1066806
0.1066075
0.1064838
0.1064004
0.1063377
0.1061967
0.1061417
0.1060491
0.1059693
0.1058978
0.1058085
0.1057326
0.1056638
