0.6999676
1.0722941
0.4939298
0.4326824
0.4161429
0.4070501
0.4007657
0.3962005
0.3927608
0.3901340
0.3881061
0.3864623
0.3851435
0.3840372
0.3831112
0.3822865
0.3815384
0.3808702
0.3802444
0.3796988
0.3791672
0.3786908
0.3782345
0.3777842
0.3773508
0.3769497
0.3765687
0.3762018
0.3758337
0.3754905
0.3751479
0.3748249
0.3745094
0.3741967
0.3739002
0.3736205
0.3733475
0.3730745
0.3728153
0.3725638
0.3723113
0.3720628
0.3718165
0.3715803
0.3713520
0.3711203
0.3709020
0.3706897
0.3704702
0.3702540
0.3700387
0.3698295
0.3696232
0.3694210
0.3692290
0.3690330
0.3688426
0.3686572
0.3684749
0.3683066
0.3681292
0.3679575
0.3677812
0.3675966
0.3674211
0.3672519
0.3670767
0.3669126
0.3667562
0.3665878
0.3664250
0.3662701
0.3661155
0.3659630
0.3658093
0.3656548
0.3655027
0.3653580
0.3652182
0.3650753
0.3649320
0.3647868
0.3646491
0.3645063
0.3643693
0.3642348
0.3640979
0.3639660
0.3638401
0.3637121
0.3635904
0.3634655
0.3633375
0.3632054
0.3630792
0.3629568
0.3628377
0.3627167
0.3625955
0.3624774
0.3623581
0.3622418
