0.6962834
1.0514468
0.4888927
0.4312956
0.4152820
0.4063533
0.4001798
0.3957026
0.3923168
0.3896957
0.3877117
0.3861023
0.3847973
0.3836783
0.3827576
0.3819439
0.3812039
0.3805419
0.3799047
0.3793472
0.3788014
0.3783221
0.3778741
0.3774041
0.3769501
0.3765197
0.3761283
0.3757556
0.3753800
0.3750366
0.3746733
0.3743297
0.3740047
0.3736973
0.3733929
0.3730986
0.3728112
0.3725284
0.3722624
0.3720018
0.3717312
0.3714701
0.3712081
0.3709581
0.3707138
0.3704666
0.3702311
0.3700037
0.3697686
0.3695348
0.3693047
0.3690813
0.3688667
0.3686516
0.3684485
0.3682426
0.3680476
0.3678582
0.3676669
0.3674880
0.3672974
0.3671126
0.3669247
0.3667256
0.3665320
0.3663488
0.3661644
0.3659936
0.3658237
0.3656450
0.3654770
0.3653084
0.3651433
0.3649846
0.3648223
0.3646555
0.3644941
0.3643399
0.3641853
0.3640303
0.3638749
0.3637207
0.3635695
0.3634150
0.3632673
0.3631232
0.3629819
0.3628414
0.3627043
0.3625658
0.3624373
0.3623057
0.3621659
0.3620256
0.3618908
0.3617576
0.3616274
0.3614970
0.3613674
0.3612391
0.3611101
0.3609861
