0.0059442
0.0336352
0.0081268
0.0022376
0.0013890
0.0011243
0.0009452
0.0008034
0.0007162
0.0007072
0.0006364
0.0005809
0.0005586
0.0005790
0.0005705
0.0005527
0.0005397
0.0005296
0.0005482
0.0005672
0.0005903
0.0005948
0.0005816
0.0006132
0.0006465
0.0006938
0.0007105
0.0007200
0.0007320
0.0007323
0.0007657
0.0007990
0.0008143
0.0008057
0.0008185
0.0008420
0.0008653
0.0008812
0.0008920
0.0009067
0.0009359
0.0009562
0.0009816
0.0010039
0.0010296
0.0010547
0.0010825
0.0011067
0.0011321
0.0011604
0.0011842
0.0012072
0.0012204
0.0012414
0.0012591
0.0012753
0.0012827
0.0012892
0.0013036
0.0013208
0.0013420
0.0013632
0.0013818
0.0014054
0.0014344
0.0014569
0.0014719
0.0014827
0.0015044
0.0015211
0.0015296
0.0015517
0.0015686
0.0015787
0.0015924
0.0016123
0.0016274
0.0016426
0.0016664
0.0016859
0.0017055
0.0017201
0.0017418
0.0017607
0.0017780
0.0017935
0.0018006
0.0018144
0.0018326
0.0018494
0.0018605
0.0018712
0.0018903
0.0019036
0.0019175
0.0019349
0.0019527
0.0019678
0.0019814
0.0019979
0.0020136
0.0020259
