0.7036519
1.0931414
0.4989668
0.4340693
0.4170038
0.4077470
0.4013515
0.3966985
0.3932047
0.3905724
0.3885006
0.3868223
0.3854897
0.3843960
0.3834648
0.3826291
0.3818729
0.3811985
0.3805842
0.3800504
0.3795331
0.3790595
0.3785950
0.3781642
0.3777515
0.3773797
0.3770091
0.3766481
0.3762873
0.3759444
0.3756225
0.3753201
0.3750141
0.3746961
0.3744075
0.3741424
0.3738838
0.3736207
0.3733682
0.3731258
0.3728914
0.3726555
0.3724249
0.3722026
0.3719901
0.3717740
0.3715730
0.3713756
0.3711719
0.3709733
0.3707727
0.3705777
0.3703796
0.3701904
0.3700094
0.3698235
0.3696376
0.3694563
0.3692829
0.3691253
0.3689610
0.3688025
0.3686376
0.3684677
0.3683101
0.3681549
0.3679890
0.3678315
0.3676886
0.3675306
0.3673731
0.3672319
0.3670878
0.3669415
0.3667963
0.3666541
0.3665114
0.3663761
0.3662511
0.3661202
0.3659891
0.3658530
0.3657287
0.3655976
0.3654713
0.3653464
0.3652140
0.3650905
0.3649760
0.3648584
0.3647436
0.3646253
0.3645091
0.3643853
0.3642677
0.3641561
0.3640480
0.3639363
0.3638236
0.3637157
0.3636061
0.3634975
