0.9999892
0.9992329
0.9865764
0.9546166
0.8940987
0.8007671
0.6990624
0.5843448
0.4619344
0.3724492
0.3168810
0.2730195
0.2356217
0.2077331
0.1836722
0.1663634
0.1526903
0.1408613
0.1315816
0.1251395
0.1186508
0.1141226
0.1103211
0.1061694
0.1037565
0.1004665
0.0978025
0.0954795
0.0938957
0.0914750
0.0897827
0.0886065
0.0870568
0.0861951
0.0843153
0.0833406
0.0825998
0.0808905
0.0798568
0.0786790
0.0774563
0.0766861
0.0762925
0.0754215
0.0741787
0.0732023
0.0732256
0.0722926
0.0707987
0.0710219
0.0700394
0.0696969
0.0681053
0.0680418
0.0682928
0.0669725
0.0667617
0.0666114
0.0658226
0.0660303
0.0654662
0.0647657
0.0637754
0.0635724
0.0630393
0.0624117
0.0625000
0.0616848
0.0608186
0.0608712
0.0605505
0.0599368
0.0597059
0.0588287
0.0584072
0.0587171
0.0585048
0.0572635
0.0576416
0.0571628
0.0564577
0.0561756
0.0562237
0.0557572
0.0555728
0.0552318
0.0549777
0.0542152
0.0540494
0.0544337
0.0541269
0.0539921
0.0528034
0.0532885
0.0525772
0.0520394
0.0521665
0.0522285
0.0514133
0.0509980
0.0511220
0.0508446
