0.9999777
0.9991375
0.9861982
0.9538689
0.8932452
0.7988837
0.6961533
0.5814425
0.4587709
0.3691029
0.3131498
0.2688890
0.2316132
0.2034687
0.1791087
0.1618282
0.1489253
0.1366458
0.1271652
0.1204008
0.1138536
0.1086672
0.1043734
0.1003835
0.0979125
0.0945904
0.0924234
0.0899557
0.0882967
0.0864469
0.0844045
0.0832770
0.0812204
0.0807125
0.0783459
0.0773408
0.0773532
0.0756420
0.0737573
0.0726847
0.0716859
0.0712786
0.0704172
0.0697759
0.0686856
0.0678799
0.0672013
0.0661110
0.0648293
0.0651833
0.0637981
0.0634457
0.0621705
0.0623702
0.0623755
0.0607278
0.0605969
0.0609740
0.0605214
0.0602229
0.0593151
0.0583724
0.0576839
0.0571710
0.0567054
0.0560921
0.0563209
0.0550043
0.0543439
0.0546309
0.0541527
0.0538713
0.0537743
0.0527900
0.0521322
0.0527605
0.0524880
0.0511820
0.0511838
0.0510567
0.0510247
0.0505906
0.0504041
0.0502187
0.0497345
0.0493707
0.0489593
0.0480933
0.0482477
0.0487897
0.0483313
0.0477265
0.0465572
0.0469310
0.0469962
0.0461509
0.0463675
0.0468140
0.0454628
0.0449116
0.0448522
0.0444799
