0.0000184
0.0001539
0.0006101
0.0012064
0.0013771
0.0030387
0.0046936
0.0046826
0.0051039
0.0053989
0.0060200
0.0066641
0.0064673
0.0068801
0.0073627
0.0073172
0.0060744
0.0068013
0.0071256
0.0076454
0.0077398
0.0088016
0.0095960
0.0093350
0.0094288
0.0094804
0.0086787
0.0089121
0.0090335
0.0081125
0.0086773
0.0085987
0.0094165
0.0088458
0.0096311
0.0096800
0.0084650
0.0084679
0.0098410
0.0096713
0.0093100
0.0087245
0.0094791
0.0091087
0.0088626
0.0085873
0.0097196
0.0099736
0.0096312
0.0094200
0.0100697
0.0100857
0.0095753
0.0091505
0.0095471
0.0100751
0.0099463
0.0090954
0.0085530
0.0093696
0.0099242
0.0103149
0.0098282
0.0103280
0.0102192
0.0101961
0.0099693
0.0107785
0.0104463
0.0100683
0.0103222
0.0097861
0.0095700
0.0097429
0.0101241
0.0096105
0.0097075
0.0098119
0.0104191
0.0098515
0.0087655
0.0090110
0.0093893
0.0089358
0.0094195
0.0094564
0.0097101
0.0098772
0.0093605
0.0091061
0.0093506
0.0101088
0.0100776
0.0102573
0.0090044
0.0095006
0.0093562
0.0087358
0.0096006
0.0098198
0.0101158
0.0102688
