1.0000006
0.9993283
0.9869545
0.9553643
0.8949522
0.8026505
0.7019715
0.5872471
0.4650978
0.3757955
0.3206123
0.2771499
0.2396302
0.2119974
0.1882357
0.1708987
0.1564553
0.1450768
0.1359981
0.1298781
0.1234480
0.1195779
0.1162688
0.1119553
0.1096005
0.1063425
0.1031816
0.1010032
0.0994947
0.0965032
0.0951609
0.0939360
0.0928932
0.0916778
0.0902847
0.0893403
0.0878464
0.0861389
0.0859563
0.0846734
0.0832267
0.0820936
0.0821677
0.0810671
0.0796717
0.0785248
0.0792498
0.0784743
0.0767682
0.0768604
0.0762806
0.0759481
0.0740401
0.0737133
0.0742102
0.0732171
0.0729265
0.0722488
0.0711238
0.0718376
0.0716173
0.0711589
0.0698670
0.0699738
0.0693732
0.0687313
0.0686791
0.0683654
0.0672932
0.0671116
0.0669482
0.0660023
0.0656374
0.0648674
0.0646822
0.0646738
0.0645216
0.0633450
0.0640995
0.0632688
0.0618906
0.0617607
0.0620432
0.0612957
0.0614110
0.0610930
0.0609961
0.0603372
0.0598511
0.0600778
0.0599225
0.0602576
0.0590496
0.0596460
0.0581582
0.0579280
0.0579655
0.0576430
0.0573638
0.0570844
0.0573918
0.0572092
