156.8528555
37.5156439
0.0019120
0.0036241
0.0050426
0.0053824
0.0047694
0.0036832
0.0029894
0.0022781
0.0018876
0.0015234
0.0013460
0.0012224
0.0010578
0.0009473
0.0010729
0.0008428
0.0007560
0.0008363
0.0008594
0.0007154
0.0007223
0.0006351
0.0007155
0.0007044
0.0006960
0.0007038
0.0006300
0.0006222
0.0005771
0.0005420
0.0005740
0.0006632
0.0005086
0.0005134
0.0005772
0.0006372
0.0005371
0.0005110
0.0004797
0.0005063
0.0004314
0.0004449
0.0005666
0.0006299
0.0005088
0.0004687
0.0004282
0.0005161
0.0005680
0.0004351
0.0004217
0.0003785
0.0004347
0.0004210
0.0004600
0.0004726
0.0004966
0.0003779
0.0004260
0.0004537
0.0004765
0.0004236
0.0004203
0.0003599
0.0003408
0.0004310
0.0002968
0.0003673
0.0003164
0.0004415
0.0003086
0.0002541
0.0003254
0.0003297
0.0002845
0.0003763
0.0005284
0.0002608
0.0003622
0.0003852
0.0002367
0.0002865
0.0003207
0.0005434
0.0003622
0.0003156
0.0004593
0.0002708
0.0002412
0.0002351
0.0003293
0.0003578
0.0003009
0.0002357
0.0002883
0.0002743
0.0004369
0.0002419
0.0002429
0.0003996
