156.2861508
37.1909094
0.0017491
0.0034046
0.0048847
0.0053204
0.0045807
0.0034627
0.0027369
0.0020756
0.0016761
0.0013852
0.0011941
0.0010275
0.0009722
0.0008433
0.0007896
0.0007692
0.0006985
0.0007628
0.0006596
0.0006736
0.0006489
0.0006036
0.0006590
0.0005881
0.0005725
0.0006020
0.0005474
0.0005399
0.0005153
0.0004983
0.0004754
0.0004420
0.0004159
0.0004565
0.0004432
0.0004474
0.0004299
0.0003712
0.0004142
0.0004120
0.0003764
0.0003917
0.0004194
0.0002584
0.0004114
0.0003678
0.0003174
0.0003890
0.0004223
0.0003295
0.0003504
0.0002892
0.0002594
0.0002734
0.0003154
0.0003097
0.0003547
0.0002827
0.0003123
0.0002385
0.0003673
0.0002832
0.0003041
0.0002715
0.0002549
0.0002746
0.0002371
0.0002351
0.0002522
0.0003396
0.0002444
0.0002192
0.0001986
0.0002282
0.0002021
0.0001852
0.0002465
0.0001953
0.0002382
0.0002260
0.0001791
0.0002120
0.0002011
0.0003657
0.0002368
0.0002429
0.0002877
0.0001673
0.0001907
0.0001645
0.0001642
0.0002217
0.0001856
0.0001744
0.0001479
0.0001816
0.0000104
0.0001610
0.0001708
0.0001850
