0.9143254
0.5239288
0.0002629
0.0003540
0.0002547
0.0001000
0.0003044
0.0003557
0.0004074
0.0003267
0.0003412
0.0002230
0.0002451
0.0003144
0.0001381
0.0001678
0.0004571
0.0001187
0.0000927
0.0001186
0.0003223
0.0000675
0.0001183
0.0000507
0.0000911
0.0001876
0.0001992
0.0001642
0.0001333
0.0001328
0.0000997
0.0000706
0.0001591
0.0003568
0.0001495
0.0000919
0.0002162
0.0003062
0.0001728
0.0002255
0.0001058
0.0001521
0.0000888
0.0000859
0.0002374
0.0005993
0.0001572
0.0001627
0.0001788
0.0002050
0.0002352
0.0001704
0.0001151
0.0001440
0.0002828
0.0002382
0.0002333
0.0002628
0.0002290
0.0001537
0.0001835
0.0003472
0.0001762
0.0002265
0.0001873
0.0001427
0.0001385
0.0002523
0.0000963
0.0002132
0.0001035
0.0001644
0.0001035
0.0000563
0.0002046
0.0001637
0.0001330
0.0003083
0.0004548
0.0001057
0.0002001
0.0002570
0.0000929
0.0001202
0.0001931
0.0002868
0.0002023
0.0001172
0.0002768
0.0001670
0.0000815
0.0001140
0.0002664
0.0002195
0.0001859
0.0000989
0.0002266
0.0001495
0.0006881
0.0001305
0.0001163
0.0003462
