157.4195603
37.8403783
0.0020750
0.0038435
0.0052005
0.0054443
0.0049581
0.0039037
0.0032419
0.0024806
0.0020991
0.0016617
0.0014980
0.0014173
0.0011434
0.0010513
0.0013562
0.0009164
0.0008134
0.0009098
0.0010592
0.0007573
0.0007956
0.0006665
0.0007720
0.0008206
0.0008195
0.0008056
0.0007127
0.0007045
0.0006389
0.0005857
0.0006726
0.0008843
0.0006013
0.0005703
0.0007112
0.0008270
0.0006442
0.0006507
0.0005453
0.0006006
0.0004864
0.0004982
0.0007137
0.0010013
0.0006062
0.0005695
0.0005390
0.0006432
0.0007138
0.0005407
0.0004931
0.0004677
0.0006100
0.0005687
0.0006045
0.0006355
0.0006385
0.0004731
0.0005397
0.0006689
0.0005857
0.0005640
0.0005364
0.0004484
0.0004266
0.0005874
0.0003565
0.0004994
0.0003806
0.0005434
0.0003728
0.0002890
0.0004522
0.0004311
0.0003670
0.0005674
0.0008103
0.0003263
0.0004862
0.0005445
0.0002943
0.0003610
0.0004404
0.0007212
0.0004875
0.0003882
0.0006309
0.0003743
0.0002917
0.0003058
0.0004945
0.0004938
0.0004161
0.0002971
0.0004288
0.0003669
0.0008634
0.0003228
0.0003150
0.0006141
