0.0013464
94.4858501
0.0095003
0.0060722
0.0041021
0.0030532
0.0028802
0.0037807
0.0030980
0.0026671
0.0030605
0.0028932
0.0030676
0.0030898
0.0032972
0.0031451
0.0034067
0.0036105
0.0035814
0.0035443
0.0036866
0.0033784
0.0035502
0.0032842
0.0037708
0.0034468
0.0032954
0.0034197
0.0033447
0.0033185
0.0034802
0.0032221
0.0031593
0.0032012
0.0033348
0.0032211
0.0032938
0.0030264
0.0029768
0.0030216
0.0030503
0.0028932
0.0028971
0.0029766
0.0027630
0.0028633
0.0029123
0.0029836
0.0028419
0.0029309
0.0030021
0.0030179
0.0030678
0.0028719
0.0028853
0.0028164
0.0029115
0.0029415
0.0030682
0.0027954
0.0026713
0.0028873
0.0026819
0.0028124
0.0028535
0.0028047
0.0028247
0.0029004
0.0028118
0.0027933
0.0027416
0.0029623
0.0030410
0.0026441
0.0024264
0.0024839
0.0027003
0.0029215
0.0028279
0.0025652
0.0026566
0.0027615
0.0025910
0.0024335
0.0027438
0.0030782
0.0030176
0.0029343
0.0027575
0.0027126
0.0029804
0.0028559
0.0025646
0.0025238
0.0023166
0.0027473
0.0025186
0.0023078
0.0023532
0.0027681
0.0027059
0.0025440
0.0023487
0.0022204
0.0028683
0.0030463
0.0031222
0.0031380
0.0031343
0.0029150
0.0028600
0.0024381
0.0025611
0.0023142
0.0024887
0.0025921
0.0026276
0.0025306
0.0028697
0.0030876
0.0034648
0.0029705
0.0035093
0.0030798
0.0030511
0.0030443
0.0036124
0.0032126
0.0033536
0.0029228
0.0025378
0.0023625
0.0024775
0.0023086
0.0023402
0.0031962
0.0032110
0.0035508
0.0034660
0.0029334
0.0026273
0.0024071
0.0024260
0.0023927
0.0024910
0.0024692
0.0024712
0.0024948
0.0028516
0.0028341
0.0033153
0.0029725
0.0028822
0.0026547
0.0028405
0.0027048
0.0025522
0.0026341
0.0022979
0.0022859
0.0022225
0.0024514
0.0035778
0.0039620
0.0032684
0.0029255
0.0027783
0.0026836
0.0025335
0.0023578
0.0023659
0.0026647
0.0024177
0.0023233
0.0023485
0.0022764
0.0024374
0.0026244
0.0027575
0.0029428
0.0026335
0.0026750
0.0027491
0.0033696
0.0031125
0.0030025
0.0030673
0.0028513
0.0026446
0.0023757
0.0025069
0.0023883
0.0024008
0.0021191
0.0019760
0.0021046
0.0027180
0.0025767
0.0026157
0.0025250
0.0023596
0.0021944
