0.0012027
47.4274103
0.0083987
0.0049697
0.0036051
0.0028938
0.0025464
0.0032495
0.0026432
0.0023453
0.0024958
0.0025721
0.0024781
0.0029537
0.0029219
0.0029321
0.0033140
0.0031405
0.0031187
0.0033659
0.0033465
0.0032372
0.0030638
0.0030496
0.0036170
0.0031554
0.0031750
0.0033235
0.0032920
0.0030681
0.0031553
0.0030362
0.0030025
0.0030397
0.0031617
0.0030644
0.0030212
0.0028327
0.0027934
0.0029036
0.0028337
0.0027698
0.0028030
0.0028662
0.0026682
0.0026973
0.0026016
0.0026323
0.0025324
0.0026677
0.0027407
0.0027416
0.0025454
0.0026875
0.0024942
0.0026244
0.0025245
0.0025953
0.0022737
0.0024501
0.0025374
0.0021759
0.0023152
0.0025087
0.0024303
0.0022271
0.0026189
0.0023601
0.0026115
0.0025325
0.0025522
0.0027409
0.0027598
0.0025146
0.0023293
0.0022712
0.0022872
0.0025221
0.0023826
0.0022066
0.0021259
0.0022789
0.0020295
0.0021278
0.0021826
0.0024219
0.0024078
0.0026770
0.0023892
0.0024065
0.0021040
0.0021162
0.0021786
0.0021490
0.0020989
0.0020157
0.0021993
0.0019922
0.0018903
0.0019982
0.0018824
0.0020991
0.0020637
0.0021154
0.0019770
0.0020870
0.0021791
0.0020691
0.0023777
0.0026241
0.0021690
0.0021868
0.0021230
0.0019954
0.0019868
0.0022455
0.0021790
0.0021240
0.0018445
0.0026096
0.0026076
0.0021922
0.0024064
0.0022178
0.0023887
0.0023562
0.0017874
0.0022774
0.0024214
0.0023142
0.0021734
0.0019724
0.0017508
0.0019093
0.0021908
0.0025845
0.0025494
0.0022589
0.0023270
0.0022009
0.0020958
0.0019814
0.0020363
0.0021466
0.0020968
0.0020914
0.0021578
0.0020006
0.0021696
0.0021187
0.0012693
0.0017414
0.0018545
0.0019812
0.0018776
0.0021558
0.0021645
0.0021813
0.0019715
0.0020884
0.0020368
0.0020961
0.0015210
0.0009948
0.0016421
0.0019200
0.0022372
0.0022042
0.0020547
0.0019097
0.0019924
0.0020720
0.0020549
0.0020011
0.0019645
0.0020371
0.0022048
0.0022457
0.0023943
0.0023623
0.0022956
0.0023756
0.0020465
0.0025611
0.0025826
0.0023285
0.0024869
0.0021856
0.0022160
0.0021513
0.0022626
0.0019783
0.0020174
0.0018225
0.0017249
0.0013960
0.0021774
0.0020937
0.0020661
0.0021059
0.0019670
0.0018532
