0.0001639
53.6866685
0.0012568
0.0012578
0.0005670
0.0001819
0.0003808
0.0006060
0.0005189
0.0003672
0.0006442
0.0003663
0.0006725
0.0001553
0.0004282
0.0002430
0.0001057
0.0005362
0.0005279
0.0002036
0.0003879
0.0001610
0.0005549
0.0002676
0.0001755
0.0003324
0.0001374
0.0001097
0.0000601
0.0002856
0.0003707
0.0002120
0.0001790
0.0001842
0.0001975
0.0001787
0.0003110
0.0002210
0.0002092
0.0001346
0.0002471
0.0001408
0.0001073
0.0001259
0.0001081
0.0001894
0.0003545
0.0004007
0.0003530
0.0003003
0.0002983
0.0003152
0.0005960
0.0002104
0.0004463
0.0002191
0.0004415
0.0003949
0.0009063
0.0003939
0.0001528
0.0008116
0.0004183
0.0003464
0.0004828
0.0006590
0.0002347
0.0006164
0.0002285
0.0002975
0.0002160
0.0002525
0.0003208
0.0001478
0.0001109
0.0002427
0.0004714
0.0004557
0.0005081
0.0004091
0.0006054
0.0005505
0.0006406
0.0003488
0.0006403
0.0007487
0.0006957
0.0002935
0.0004202
0.0003492
0.0009999
0.0008439
0.0004405
0.0004275
0.0002483
0.0008346
0.0003643
0.0003601
0.0005281
0.0008783
0.0009395
0.0005077
0.0003252
0.0001198
0.0010168
0.0010944
0.0010759
0.0012194
0.0008631
0.0003319
0.0007883
0.0002867
0.0004998
0.0003636
0.0005726
0.0003955
0.0005118
0.0004639
0.0011696
0.0005454
0.0009779
0.0008880
0.0012582
0.0009834
0.0007557
0.0007850
0.0020821
0.0010669
0.0010635
0.0006944
0.0004157
0.0004450
0.0008290
0.0004556
0.0001704
0.0006979
0.0007548
0.0014739
0.0012995
0.0008356
0.0006064
0.0004856
0.0004446
0.0002808
0.0004497
0.0004310
0.0003575
0.0005638
0.0007781
0.0008162
0.0023342
0.0014045
0.0011725
0.0007684
0.0010985
0.0006264
0.0004423
0.0005165
0.0003724
0.0002254
0.0002119
0.0004053
0.0023465
0.0033852
0.0018554
0.0011471
0.0006173
0.0005469
0.0005462
0.0005112
0.0004262
0.0006762
0.0004139
0.0003677
0.0004381
0.0002730
0.0002653
0.0004320
0.0004143
0.0006623
0.0003856
0.0003416
0.0008016
0.0009224
0.0006045
0.0007689
0.0006622
0.0007595
0.0004889
0.0002561
0.0002788
0.0004677
0.0004374
0.0003385
0.0002866
0.0008084
0.0006168
0.0005510
0.0006270
0.0004782
0.0004479
0.0003892
