0.0014900
141.5442899
0.0106020
0.0071747
0.0045990
0.0032126
0.0032139
0.0043119
0.0035529
0.0029889
0.0036252
0.0032143
0.0036571
0.0032259
0.0036725
0.0033581
0.0034994
0.0040805
0.0040441
0.0037228
0.0040266
0.0035195
0.0040366
0.0035188
0.0039247
0.0037382
0.0034159
0.0035159
0.0033974
0.0035688
0.0038052
0.0034079
0.0033162
0.0033626
0.0035080
0.0033777
0.0035664
0.0032202
0.0031602
0.0031396
0.0032669
0.0030166
0.0029911
0.0030869
0.0028577
0.0030293
0.0032231
0.0033348
0.0031513
0.0031942
0.0032635
0.0032942
0.0035902
0.0030562
0.0032765
0.0030085
0.0032985
0.0032876
0.0038626
0.0031406
0.0028052
0.0035987
0.0030486
0.0031160
0.0032767
0.0033824
0.0030304
0.0034407
0.0030121
0.0030541
0.0029309
0.0031836
0.0033222
0.0027737
0.0025236
0.0026966
0.0031135
0.0033209
0.0032732
0.0029238
0.0031872
0.0032441
0.0031525
0.0027392
0.0033050
0.0037345
0.0036273
0.0031916
0.0031258
0.0030187
0.0038568
0.0035956
0.0029507
0.0028985
0.0025343
0.0034789
0.0028379
0.0026234
0.0028161
0.0035379
0.0035294
0.0029890
0.0026338
0.0023255
0.0037595
0.0040056
0.0040652
0.0042069
0.0038909
0.0032059
0.0035510
0.0026894
0.0029992
0.0026329
0.0029906
0.0029388
0.0030763
0.0029373
0.0038949
0.0035656
0.0043220
0.0037489
0.0046122
0.0039417
0.0037135
0.0037323
0.0054374
0.0041478
0.0042857
0.0035314
0.0029021
0.0027526
0.0032041
0.0027079
0.0024895
0.0038080
0.0038726
0.0048428
0.0046051
0.0036658
0.0031588
0.0028328
0.0028156
0.0026388
0.0028852
0.0028470
0.0027845
0.0029889
0.0035336
0.0035495
0.0053614
0.0042035
0.0039099
0.0033282
0.0038034
0.0032539
0.0029399
0.0030868
0.0026244
0.0024835
0.0024082
0.0028066
0.0056346
0.0069293
0.0048947
0.0039311
0.0033194
0.0031629
0.0030123
0.0028059
0.0027395
0.0032574
0.0027806
0.0026456
0.0027325
0.0025158
0.0026699
0.0030030
0.0031206
0.0035234
0.0029715
0.0029744
0.0034518
0.0041782
0.0036423
0.0036765
0.0036478
0.0035170
0.0030732
0.0026002
0.0027513
0.0027983
0.0027843
0.0024158
0.0022272
0.0028132
0.0032587
0.0030597
0.0031653
0.0029442
0.0027522
0.0025355
