10.0023333
14.6156667
11.2530000
11.7940000
12.0050000
11.2366667
11.2366667
11.2366667
11.3516667
12.3316667
14.0820000
16.9246667
20.0156667
24.1406667
27.2040000
31.1446667
36.4076667
42.1580000
48.5180000
54.4980000
59.4073333
63.8740000
68.1913333
71.7146667
74.6276667
76.9863333
78.9793333
80.7916667
82.2540000
83.4333333
84.4686667
85.4076667
86.1743333
86.8636667
87.4600000
88.0110000
88.4646667
88.9063333
89.2713333
89.6236667
89.9440000
90.2430000
90.5086667
90.7470000
90.9873333
91.1953333
91.4000000
91.5940000
91.7810000
91.9520000
92.1113333
92.2920000
92.4473333
92.5833333
92.7136667
92.8423333
92.9803333
93.0896667
93.2226667
93.3383333
93.4673333
93.5566667
93.6603333
93.7606667
93.8350000
93.9433333
94.0113333
94.0910000
94.1740000
94.2413333
94.3020000
94.3726667
94.4383333
94.4933333
94.5676667
94.6246667
94.6860000
94.7243333
94.7896667
94.8376667
94.8793333
94.9256667
94.9743333
95.0170000
95.0650000
95.1110000
95.1426667
95.1953333
95.2320000
95.2790000
95.3190000
95.3480000
95.3780000
95.4173333
95.4553333
95.4823333
95.5200000
95.5383333
95.5790000
95.5996667
95.6386667
95.6680000
95.6803333
95.7040000
95.7483333
95.7706667
95.7950000
95.8293333
95.8426667
95.8673333
95.8926667
95.9180000
95.9430000
95.9576667
95.9770000
96.0003333
96.0253333
96.0496667
96.0556667
96.0723333
96.1026667
96.1190000
96.1290000
96.1550000
96.1670000
96.1843333
96.2013333
96.2223333
96.2410000
96.2566667
96.2666667
96.2786667
96.2913333
96.3086667
96.3306667
96.3420000
96.3503333
96.3726667
96.3886667
96.3996667
96.4176667
96.4303333
96.4470000
96.4620000
96.4763333
96.4886667
96.5063333
96.5196667
96.5300000
96.5486667
96.5500000
96.5720000
96.5800000
96.5953333
96.6010000
96.6113333
96.6270000
96.6383333
96.6486667
96.6566667
96.6706667
96.6810000
96.6883333
96.6953333
96.7150000
96.7256667
96.7266667
96.7370000
96.7536667
96.7583333
96.7620000
96.7786667
96.7750000
96.7840000
96.7956667
96.8146667
96.8240000
96.8236667
96.8450000
96.8456667
96.8553333
96.8550000
96.8690000
96.8753333
96.8813333
96.8880000
96.8973333
96.9073333
96.9046667
96.9213333
96.9183333
96.9203333
96.9406667
96.9440000
96.9573333
96.9540000
96.9513333
96.9690000
96.9716667
96.9816667
96.9853333
96.9893333
