9.2975325
13.6391833
10.3540696
11.1941086
10.6580523
11.2366667
11.2366667
11.2366667
11.1500628
10.4251679
10.9646573
12.5801069
14.5978113
19.4123881
22.7935393
24.1320316
25.9884660
29.5469554
35.2821429
41.9881260
47.9439167
53.8336022
59.8621730
64.7531720
68.8529181
72.1401158
74.9441020
77.4814343
79.5168058
81.0722496
82.4344570
83.6520819
84.6486002
85.5475704
86.3289639
87.0032729
87.5716284
88.1253027
88.5572819
88.9744957
89.3391413
89.6781032
89.9737439
90.2330161
90.4970376
90.7101407
90.9285911
91.1405089
91.3487277
91.5206670
91.7044725
91.8950470
92.0531566
92.1953446
92.3376571
92.4895411
92.6181516
92.7433736
92.8666239
92.9996785
93.1344889
93.2301764
93.3559636
93.4579574
93.5454148
93.6479241
93.7325484
93.8166333
93.9265400
93.9897136
94.0491129
94.1174472
94.1984737
94.2570325
94.3450676
94.4282807
94.4819160
94.5260801
94.6034050
94.6514229
94.7009659
94.7516135
94.8101955
94.8448981
94.9030471
94.9589807
94.9952488
95.0433736
95.0859178
95.1224926
95.1720462
95.1972926
95.2358571
95.2786093
95.3174308
95.3516255
95.3936615
95.4207370
95.4483379
95.4798360
95.5151939
95.5472361
95.5666180
95.5921460
95.6420788
95.6679889
95.6946756
95.7275323
95.7411933
95.7602321
95.7806372
95.8090542
95.8268227
95.8373767
95.8602583
95.8820226
95.9021167
95.9278646
95.9310029
95.9522173
95.9828424
95.9948715
96.0091188
96.0332028
96.0365903
96.0527111
96.0707830
96.0940482
96.1119386
96.1198686
96.1294729
96.1522728
96.1570852
96.1821681
96.1941635
96.2104173
96.2129176
96.2406817
96.2634330
96.2657177
96.2899919
96.2903205
96.3094228
96.3293543
96.3411947
96.3596258
96.3674285
96.3880061
96.3980040
96.4162980
96.4235298
96.4354818
96.4493954
96.4588182
96.4723925
96.4719499
96.4939912
96.5063891
96.5157285
96.5188489
96.5313071
96.5417753
96.5577059
96.5625205
96.5760687
96.5959719
96.5918772
96.6104711
96.6272289
96.6256697
96.6320395
96.6436449
96.6400776
96.6511254
96.6635589
96.6758755
96.6906156
96.6879166
96.7187629
96.7160114
96.7168840
96.7163670
96.7285634
96.7478098
96.7448276
96.7471664
96.7683017
96.7752352
96.7731489
96.7914879
96.7909317
96.7955881
96.8133132
96.8093417
96.8219984
96.8204078
96.8235590
96.8436737
96.8446206
96.8626201
96.8611677
96.8682440
