0.8040727
1.1140220
1.0255456
0.6843867
1.5366667
0.0000000
0.0000000
0.0000000
0.2300000
2.1750310
3.5564235
4.9564954
6.1809657
5.3942614
5.0316785
8.0003718
11.8867556
14.3873229
15.1001409
14.2719024
13.0780504
11.4545980
9.5023310
7.9420282
6.5881277
5.5288121
4.6035977
3.7764819
3.1227307
2.6936448
2.3207301
2.0028606
1.7406342
1.5014698
1.2903436
1.1496664
1.0188236
0.8910396
0.8146263
0.7406074
0.6900536
0.6444631
0.6102672
0.5863791
0.5593544
0.5535325
0.5378073
0.5173658
0.4931583
0.4920867
0.4641676
0.4528642
0.4496969
0.4426373
0.4289709
0.4024834
0.4131954
0.3950688
0.4061918
0.3863548
0.3797259
0.3724767
0.3472406
0.3453462
0.3303735
0.3370180
0.3180521
0.3130115
0.2823150
0.2870606
0.2885065
0.2911674
0.2736441
0.2695840
0.2539523
0.2240471
0.2328295
0.2261774
0.2124968
0.2124764
0.2034906
0.1985688
0.1872568
0.1963427
0.1847641
0.1734314
0.1681818
0.1733635
0.1666580
0.1785516
0.1676524
0.1719347
0.1621638
0.1582635
0.1573263
0.1491181
0.1441334
0.1341599
0.1490660
0.1367089
0.1408640
0.1377736
0.1297322
0.1276088
0.1212206
0.1171400
0.1144552
0.1161398
0.1157660
0.1221866
0.1278089
0.1242909
0.1325410
0.1372330
0.1331849
0.1349749
0.1405718
0.1389580
0.1422228
0.1370345
0.1367016
0.1416121
0.1367666
0.1389524
0.1487780
0.1501614
0.1489385
0.1463542
0.1472398
0.1560662
0.1565177
0.1441966
0.1531571
0.1443160
0.1557298
0.1501163
0.1567709
0.1505752
0.1428729
0.1528158
0.1456579
0.1597338
0.1569551
0.1513289
0.1541731
0.1472164
0.1584698
0.1502050
0.1505877
0.1510129
0.1442837
0.1557469
0.1490004
0.1557434
0.1467220
0.1590157
0.1517432
0.1505287
0.1516626
0.1572295
0.1589885
0.1588346
0.1490265
0.1515197
0.1584999
0.1479625
0.1537747
0.1443507
0.1442467
0.1513495
0.1482655
0.1540397
0.1539264
0.1515901
0.1507153
0.1583400
0.1521717
0.1548706
0.1440177
0.1479174
0.1579501
0.1581596
0.1602172
0.1454854
0.1557327
0.1606701
0.1472058
0.1507043
0.1500422
0.1481343
0.1453463
0.1423158
0.1452913
0.1536251
0.1543970
0.1524088
0.1457715
0.1429786
0.1449406
0.1358144
0.1416545
0.1381449
