10.7071341
15.5921500
12.1519304
12.3938914
13.3519477
11.2366667
11.2366667
11.2366667
11.5532706
14.2381654
17.1993427
21.2692265
25.4335220
28.8689453
31.6144607
38.1573017
46.8268673
54.7690446
61.7538571
67.0078740
70.8707500
73.9143978
76.5204937
78.6761614
80.4024152
81.8325509
83.0145646
84.1018990
84.9911942
85.7944171
86.5028763
87.1632514
87.7000665
88.1797630
88.5910361
89.0187271
89.3577049
89.6873640
89.9853848
90.2728377
90.5488587
90.8078968
91.0435894
91.2609839
91.4776291
91.6805260
91.8714089
92.0474911
92.2132723
92.3833330
92.5181942
92.6889530
92.8415101
92.9713220
93.0896762
93.1951256
93.3425151
93.4359597
93.5787095
93.6769882
93.8001778
93.8831569
93.9647031
94.0633760
94.1245852
94.2387426
94.2901183
94.3653667
94.4214600
94.4929530
94.5548871
94.6278861
94.6781930
94.7296342
94.7902657
94.8210526
94.8900840
94.9225866
94.9759283
95.0239104
95.0577008
95.0997199
95.1384712
95.1891019
95.2269529
95.2630193
95.2900845
95.3472931
95.3780822
95.4355074
95.4659538
95.4987074
95.5201429
95.5560574
95.5932359
95.6130412
95.6463385
95.6559297
95.7096621
95.7194973
95.7621394
95.7887639
95.7940486
95.8158540
95.8545879
95.8733444
95.8953244
95.9311343
95.9441401
95.9744346
96.0046961
96.0269458
96.0591773
96.0779567
96.0937417
96.1186440
96.1485500
96.1714687
96.1803305
96.1924493
96.2224909
96.2431285
96.2488812
96.2767972
96.2974097
96.3159556
96.3318837
96.3506185
96.3700614
96.3934647
96.4038604
96.4050606
96.4255815
96.4351652
96.4671699
96.4735827
96.4877491
96.5046516
96.5139003
96.5336156
96.5453414
96.5703462
96.5845772
96.5946457
96.6114720
96.6177075
96.6452382
96.6513272
96.6619960
96.6810353
96.6764702
96.7085182
96.7106046
96.7318484
96.7296075
96.7507168
96.7600088
96.7702776
96.7816048
96.7944844
96.8100262
96.8202247
96.8189608
96.8281462
96.8539313
96.8553615
96.8614562
96.8635289
96.8801045
96.8909970
96.8919605
96.9136884
96.9099224
96.9168746
96.9277745
96.9534578
96.9573844
96.9594167
96.9712371
96.9753220
96.9937827
96.9936330
97.0094366
97.0028569
97.0178390
97.0288336
97.0263649
97.0394315
97.0361845
97.0511788
97.0457350
97.0450786
97.0680201
97.0786583
97.0926683
97.0875922
97.0791077
97.0943263
97.0987127
97.1007133
97.1094990
97.1104226
