0.6961949
0.6801483
0.5976102
0.5923537
0.5911664
0.5902060
0.5891386
0.5878585
0.5862354
0.5841258
0.5813592
0.5777199
0.5729482
0.5667950
0.5590196
0.5495107
0.5383082
0.5257318
0.5123030
0.4987555
0.4858065
0.4739968
0.4636596
0.4548906
0.4475804
0.4415705
0.4365910
0.4324422
0.4289231
0.4258763
0.4231930
0.4207934
0.4186072
0.4166007
0.4147385
0.4129915
0.4113533
0.4098146
0.4083439
0.4069497
0.4056161
0.4043497
0.4031415
0.4019880
0.4008868
0.3998329
0.3988271
0.3978611
0.3969413
0.3960669
0.3952228
0.3944156
0.3936497
0.3929141
0.3922110
0.3915416
0.3909008
0.3902881
0.3896938
0.3891307
0.3885864
0.3880652
0.3875670
0.3870863
0.3866242
0.3861873
0.3857608
0.3853573
0.3849595
0.3845785
0.3842198
0.3838615
0.3835113
0.3831815
0.3828636
0.3825605
0.3822549
0.3819658
0.3816850
0.3814123
0.3811420
0.3808820
0.3806324
0.3803849
0.3801402
0.3799053
0.3796775
0.3794511
0.3792320
0.3790209
0.3788159
0.3786118
0.3784149
0.3782138
0.3780249
0.3778355
0.3776537
0.3774765
0.3772960
0.3771166
0.3769460
0.3767784
