0.6922449
0.6771105
0.5972211
0.5920383
0.5907894
0.5897239
0.5885100
0.5870310
0.5851432
0.5826776
0.5794425
0.5751927
0.5696385
0.5625232
0.5536291
0.5429293
0.5305791
0.5170795
0.5031170
0.4895473
0.4770687
0.4661228
0.4568478
0.4491771
0.4428663
0.4376981
0.4333968
0.4297567
0.4266283
0.4238738
0.4214215
0.4191960
0.4171437
0.4152509
0.4134819
0.4118122
0.4102411
0.4087621
0.4073447
0.4060001
0.4047143
0.4034897
0.4023210
0.4011995
0.4001321
0.3991107
0.3981337
0.3971984
0.3963032
0.3954534
0.3946324
0.3938445
0.3930989
0.3923791
0.3916926
0.3910362
0.3904061
0.3898027
0.3892154
0.3886575
0.3881171
0.3876006
0.3871048
0.3866280
0.3861630
0.3857291
0.3852978
0.3848910
0.3844874
0.3841015
0.3837385
0.3833778
0.3830185
0.3826807
0.3823584
0.3820480
0.3817342
0.3814348
0.3811466
0.3808643
0.3805890
0.3803206
0.3800621
0.3798057
0.3795534
0.3793144
0.3790768
0.3788407
0.3786157
0.3783950
0.3781811
0.3779704
0.3777662
0.3775603
0.3773646
0.3771710
0.3769832
0.3767993
0.3766117
0.3764276
0.3762507
0.3760752
