0.0063729
0.0049012
0.0006279
0.0005087
0.0006082
0.0007779
0.0010141
0.0013351
0.0017622
0.0023366
0.0030923
0.0040774
0.0053399
0.0068922
0.0086971
0.0106184
0.0124703
0.0139598
0.0148208
0.0148566
0.0140975
0.0127040
0.0109903
0.0092182
0.0076057
0.0062478
0.0051535
0.0043327
0.0037024
0.0032308
0.0028582
0.0025773
0.0023613
0.0021778
0.0020274
0.0019027
0.0017944
0.0016980
0.0016121
0.0015321
0.0014548
0.0013875
0.0013238
0.0012721
0.0012177
0.0011652
0.0011187
0.0010693
0.0010294
0.0009899
0.0009526
0.0009214
0.0008886
0.0008631
0.0008364
0.0008153
0.0007981
0.0007830
0.0007718
0.0007634
0.0007571
0.0007494
0.0007457
0.0007394
0.0007442
0.0007394
0.0007471
0.0007523
0.0007617
0.0007695
0.0007766
0.0007804
0.0007951
0.0008080
0.0008152
0.0008268
0.0008400
0.0008568
0.0008687
0.0008842
0.0008923
0.0009057
0.0009201
0.0009346
0.0009466
0.0009534
0.0009692
0.0009848
0.0009943
0.0010098
0.0010242
0.0010348
0.0010467
0.0010544
0.0010652
0.0010722
0.0010817
0.0010927
0.0011041
0.0011118
0.0011217
0.0011347
