0.7001449
0.6831861
0.5979994
0.5926690
0.5915434
0.5906881
0.5897671
0.5886860
0.5873277
0.5855740
0.5832758
0.5802471
0.5762579
0.5710669
0.5644101
0.5560921
0.5460374
0.5343842
0.5214890
0.5079637
0.4945442
0.4818708
0.4704714
0.4606041
0.4522945
0.4454429
0.4397851
0.4351276
0.4312178
0.4278787
0.4249645
0.4223909
0.4200707
0.4179506
0.4159951
0.4141708
0.4124655
0.4108670
0.4093431
0.4078993
0.4065178
0.4052097
0.4039620
0.4027764
0.4016416
0.4005552
0.3995205
0.3985239
0.3975793
0.3966805
0.3958132
0.3949867
0.3942004
0.3934491
0.3927294
0.3920469
0.3913955
0.3907734
0.3901722
0.3896039
0.3890557
0.3885297
0.3880292
0.3875446
0.3870855
0.3866456
0.3862239
0.3858236
0.3854316
0.3850554
0.3847012
0.3843452
0.3840042
0.3836823
0.3833689
0.3830730
0.3827755
0.3824968
0.3822234
0.3819603
0.3816950
0.3814433
0.3812026
0.3809642
0.3807269
0.3804962
0.3802782
0.3800615
0.3798482
0.3796468
0.3794507
0.3792531
0.3790636
0.3788674
0.3786851
0.3785001
0.3783242
0.3781537
0.3779804
0.3778057
0.3776412
0.3774817
