0.9999892
0.9944784
0.5042834
0.2875093
0.1812423
0.1348965
0.1102080
0.0946550
0.0861130
0.0796786
0.0748218
0.0706066
0.0670732
0.0639986
0.0615485
0.0593665
0.0573054
0.0558145
0.0541145
0.0524176
0.0508957
0.0496653
0.0485743
0.0474492
0.0463938
0.0454748
0.0445388
0.0436772
0.0429085
0.0421321
0.0413092
0.0406397
0.0399578
0.0394000
0.0386313
0.0380114
0.0373667
0.0367096
0.0360030
0.0354451
0.0349368
0.0343417
0.0338396
0.0333871
0.0329035
0.0324200
0.0320109
0.0315894
0.0312299
0.0308331
0.0304984
0.0301141
0.0298165
0.0294818
0.0292090
0.0289363
0.0285395
0.0282668
0.0280188
0.0277213
0.0273866
0.0270766
0.0267558
0.0264319
0.0261840
0.0258244
0.0256757
0.0254773
0.0252418
0.0250434
0.0248574
0.0246343
0.0244979
0.0242127
0.0239772
0.0238532
0.0236920
0.0235309
0.0233077
0.0230970
0.0229606
0.0227498
0.0225391
0.0223779
0.0221671
0.0220060
0.0218572
0.0216960
0.0215720
0.0214481
0.0212497
0.0210730
0.0210017
0.0208034
0.0206422
0.0204686
0.0203075
0.0202083
0.0201091
0.0199727
0.0199107
0.0197868
