0.9999777
0.9943243
0.5000174
0.2829965
0.1772424
0.1299595
0.1045584
0.0891061
0.0806185
0.0741956
0.0697631
0.0658844
0.0624187
0.0596004
0.0571349
0.0549771
0.0529016
0.0513729
0.0499183
0.0482818
0.0466392
0.0456102
0.0445957
0.0435146
0.0424171
0.0415451
0.0406730
0.0397903
0.0390706
0.0384087
0.0375826
0.0369793
0.0363032
0.0357982
0.0350595
0.0344223
0.0337924
0.0332471
0.0326427
0.0320711
0.0315851
0.0309704
0.0305798
0.0301745
0.0297069
0.0292627
0.0288715
0.0285486
0.0282059
0.0277766
0.0274357
0.0271321
0.0268759
0.0265946
0.0263619
0.0261261
0.0257567
0.0254949
0.0253019
0.0250371
0.0246854
0.0244010
0.0241239
0.0237663
0.0234677
0.0232023
0.0230643
0.0228851
0.0226591
0.0224773
0.0222975
0.0221521
0.0220425
0.0217682
0.0215302
0.0214186
0.0212368
0.0210934
0.0209029
0.0207223
0.0205969
0.0203788
0.0201884
0.0200726
0.0199061
0.0197475
0.0195985
0.0194570
0.0193652
0.0192348
0.0190334
0.0188667
0.0187946
0.0186289
0.0184813
0.0183123
0.0181546
0.0180905
0.0180076
0.0178671
0.0178119
0.0177111
