0.0000184
0.0002485
0.0068828
0.0072809
0.0064533
0.0079654
0.0091150
0.0089526
0.0088649
0.0088463
0.0081616
0.0076188
0.0075096
0.0070960
0.0071210
0.0070819
0.0071051
0.0071662
0.0067701
0.0066726
0.0068675
0.0065425
0.0064190
0.0063481
0.0064160
0.0063403
0.0062371
0.0062711
0.0061920
0.0060073
0.0060125
0.0059057
0.0058964
0.0058110
0.0057628
0.0057907
0.0057668
0.0055865
0.0054214
0.0054436
0.0054077
0.0054392
0.0052594
0.0051831
0.0051576
0.0050940
0.0050651
0.0049061
0.0048789
0.0049314
0.0049414
0.0048110
0.0047444
0.0046582
0.0045936
0.0045340
0.0044899
0.0044721
0.0043836
0.0043308
0.0043581
0.0043169
0.0042464
0.0043007
0.0043825
0.0042305
0.0042132
0.0041824
0.0041669
0.0041402
0.0041302
0.0040047
0.0039615
0.0039440
0.0039479
0.0039280
0.0039612
0.0039326
0.0038799
0.0038313
0.0038135
0.0038254
0.0037925
0.0037194
0.0036479
0.0036439
0.0036442
0.0036124
0.0035605
0.0035709
0.0035757
0.0035597
0.0035611
0.0035083
0.0034865
0.0034791
0.0034735
0.0034169
0.0033906
0.0033973
0.0033863
0.0033489
