1.0000006
0.9946324
0.5085494
0.2920220
0.1852421
0.1398335
0.1158575
0.1002039
0.0916075
0.0851616
0.0798804
0.0753287
0.0717277
0.0683967
0.0659621
0.0637559
0.0617091
0.0602562
0.0583106
0.0565533
0.0551523
0.0537203
0.0525528
0.0513838
0.0503705
0.0494046
0.0484046
0.0475640
0.0467464
0.0458555
0.0450358
0.0443001
0.0436125
0.0430017
0.0422031
0.0416005
0.0409410
0.0401722
0.0393632
0.0388190
0.0382885
0.0377129
0.0370994
0.0365996
0.0361002
0.0355773
0.0351503
0.0346302
0.0342538
0.0338897
0.0335611
0.0330960
0.0327571
0.0323690
0.0320562
0.0317465
0.0313224
0.0310386
0.0307358
0.0304055
0.0300877
0.0297523
0.0293877
0.0290975
0.0289003
0.0284466
0.0282870
0.0280696
0.0278244
0.0276095
0.0274174
0.0271164
0.0269533
0.0266572
0.0264241
0.0262878
0.0261472
0.0259683
0.0257125
0.0254716
0.0253242
0.0251208
0.0248897
0.0246832
0.0244281
0.0242644
0.0241159
0.0239350
0.0237789
0.0236613
0.0234659
0.0232793
0.0232089
0.0229778
0.0228032
0.0226250
0.0224604
0.0223261
0.0222106
0.0220784
0.0220096
0.0218624
