0.6959552
0.8591516
0.4468660
0.3774038
0.3595520
0.3511473
0.3463247
0.3431746
0.3408915
0.3391866
0.3377533
0.3365967
0.3356677
0.3348661
0.3341692
0.3335199
0.3330074
0.3325654
0.3321728
0.3318582
0.3315039
0.3311962
0.3309259
0.3307231
0.3305126
0.3302667
0.3300606
0.3298516
0.3297079
0.3295685
0.3294602
0.3293441
0.3292229
0.3291159
0.3290000
0.3288952
0.3288057
0.3287333
0.3286359
0.3285718
0.3285217
0.3284561
0.3283961
0.3283419
0.3282909
0.3282394
0.3281733
0.3281283
0.3280811
0.3280304
0.3279919
0.3279832
0.3279378
0.3278938
0.3278584
0.3278126
0.3277695
0.3277415
0.3277064
0.3276607
0.3276184
0.3275897
0.3275613
0.3275297
0.3275155
0.3274803
0.3274545
0.3274248
0.3273943
0.3273652
0.3273590
0.3273379
0.3273218
0.3272943
0.3272672
0.3272627
0.3272450
0.3272302
0.3271998
0.3271715
0.3271457
0.3271308
0.3271266
0.3271242
0.3271153
0.3271029
0.3270926
0.3270667
0.3270532
0.3270418
0.3270270
0.3270034
0.3269875
0.3269757
0.3269633
0.3269515
0.3269427
0.3269396
0.3269289
0.3269107
0.3268861
0.3268700
