0.6890064
0.8269772
0.4368396
0.3750146
0.3586536
0.3504918
0.3456597
0.3425060
0.3401433
0.3383986
0.3369273
0.3357744
0.3348604
0.3340422
0.3333258
0.3327170
0.3322286
0.3318030
0.3314144
0.3310972
0.3307866
0.3305083
0.3302568
0.3300424
0.3298193
0.3295958
0.3293911
0.3291751
0.3290349
0.3289264
0.3288251
0.3287239
0.3285977
0.3285105
0.3284043
0.3282908
0.3281997
0.3281488
0.3280620
0.3280033
0.3279450
0.3278933
0.3278405
0.3277938
0.3277607
0.3277114
0.3276557
0.3276128
0.3275565
0.3275050
0.3274755
0.3274651
0.3274266
0.3273900
0.3273636
0.3273244
0.3272961
0.3272782
0.3272542
0.3272078
0.3271710
0.3271435
0.3271093
0.3270907
0.3270788
0.3270433
0.3270240
0.3269929
0.3269713
0.3269383
0.3269236
0.3269064
0.3268936
0.3268742
0.3268558
0.3268664
0.3268524
0.3268293
0.3268036
0.3267845
0.3267618
0.3267511
0.3267516
0.3267527
0.3267428
0.3267328
0.3267217
0.3266971
0.3266886
0.3266802
0.3266750
0.3266537
0.3266428
0.3266270
0.3266130
0.3266090
0.3266071
0.3266092
0.3266091
0.3265954
0.3265733
0.3265645
