0.0112112
0.0519103
0.0161767
0.0038547
0.0014495
0.0010577
0.0010729
0.0010787
0.0012072
0.0012714
0.0013327
0.0013266
0.0013026
0.0013292
0.0013608
0.0012955
0.0012566
0.0012301
0.0012236
0.0012278
0.0011574
0.0011098
0.0010796
0.0010983
0.0011187
0.0010824
0.0010803
0.0010915
0.0010858
0.0010359
0.0010247
0.0010005
0.0010088
0.0009768
0.0009612
0.0009752
0.0009777
0.0009431
0.0009261
0.0009172
0.0009304
0.0009080
0.0008965
0.0008844
0.0008554
0.0008520
0.0008350
0.0008317
0.0008465
0.0008476
0.0008331
0.0008360
0.0008247
0.0008127
0.0007984
0.0007876
0.0007638
0.0007474
0.0007296
0.0007307
0.0007218
0.0007198
0.0007292
0.0007084
0.0007046
0.0007052
0.0006946
0.0006968
0.0006825
0.0006887
0.0007024
0.0006963
0.0006908
0.0006777
0.0006638
0.0006395
0.0006333
0.0006468
0.0006392
0.0006244
0.0006193
0.0006127
0.0006051
0.0005995
0.0006009
0.0005971
0.0005984
0.0005963
0.0005884
0.0005833
0.0005680
0.0005643
0.0005562
0.0005626
0.0005651
0.0005525
0.0005414
0.0005331
0.0005160
0.0005088
0.0005046
0.0004928
