0.7029040
0.8913259
0.4568925
0.3797929
0.3604504
0.3518029
0.3469897
0.3438432
0.3416397
0.3399746
0.3385793
0.3374189
0.3364750
0.3356899
0.3350126
0.3343228
0.3337862
0.3333278
0.3329312
0.3326192
0.3322213
0.3318841
0.3315951
0.3314038
0.3312060
0.3309376
0.3307302
0.3305281
0.3303809
0.3302105
0.3300954
0.3299642
0.3298482
0.3297214
0.3295957
0.3294996
0.3294117
0.3293178
0.3292099
0.3291402
0.3290983
0.3290188
0.3289518
0.3288901
0.3288211
0.3287675
0.3286908
0.3286438
0.3286058
0.3285557
0.3285083
0.3285014
0.3284489
0.3283975
0.3283532
0.3283007
0.3282429
0.3282047
0.3281586
0.3281136
0.3280658
0.3280358
0.3280132
0.3279688
0.3279523
0.3279174
0.3278850
0.3278567
0.3278173
0.3277921
0.3277943
0.3277695
0.3277499
0.3277143
0.3276786
0.3276591
0.3276375
0.3276311
0.3275959
0.3275585
0.3275295
0.3275105
0.3275017
0.3274958
0.3274877
0.3274730
0.3274635
0.3274363
0.3274179
0.3274033
0.3273791
0.3273532
0.3273323
0.3273244
0.3273135
0.3272939
0.3272783
0.3272700
0.3272487
0.3272260
0.3271988
0.3271754
