0.6864690
0.6857664
0.5893524
0.5556877
0.5509342
0.5589122
0.5721603
0.5870509
0.6018052
0.6154635
0.6273486
0.6368739
0.6433206
0.6457870
0.6431892
0.6345002
0.6195299
0.5997570
0.5783447
0.5588999
0.5436080
0.5323867
0.5238729
0.5167481
0.5102070
0.5038641
0.4975712
0.4912831
0.4850073
0.4787689
0.4725984
0.4665271
0.4605852
0.4548002
0.4491981
0.4437967
0.4386113
0.4336536
0.4289306
0.4244451
0.4201969
0.4161825
0.4123976
0.4088327
0.4054787
0.4023248
0.3993604
0.3965740
0.3939543
0.3914899
0.3891708
0.3869854
0.3849236
0.3829759
0.3811337
0.3793885
0.3777328
0.3761595
0.3746627
0.3732357
0.3718735
0.3705707
0.3693232
0.3681268
0.3669780
0.3658733
0.3648099
0.3637850
0.3627958
0.3618402
0.3609163
0.3600220
0.3591560
0.3583163
0.3575023
0.3567117
0.3559439
0.3551979
0.3544724
0.3537668
0.3530801
0.3524116
0.3517608
0.3511270
0.3505094
0.3499077
0.3493212
0.3487495
0.3481923
0.3476490
0.3471195
0.3466031
0.3460998
0.3456089
0.3451301
0.3446632
0.3442079
0.3437639
0.3433310
0.3429087
0.3424969
0.3420953
