0.9999850059976010
0.9843612554978010
0.1496801279488205
0.0445721711315474
0.0184226309476209
0.0103008796481407
0.0061975209916034
0.0044982007197121
0.0032037185125950
0.0024140343862455
0.0020791683326669
0.0017393042782887
0.0014544182327069
0.0012145141943223
0.0010895641743303
0.0010795681727309
0.0010295881647341
0.0009246301479408
0.0008046781287485
0.0008046781287485
0.0007596961215514
0.0007596961215514
0.0006797281087565
0.0006797281087565
0.0006397441023591
0.0005997600959616
0.0005997600959616
0.0005597760895642
0.0005597760895642
0.0005597760895642
0.0005597760895642
0.0004798080767693
0.0004798080767693
0.0004798080767693
0.0004798080767693
0.0004798080767693
0.0004798080767693
0.0004798080767693
0.0004798080767693
0.0004798080767693
0.0004798080767693
0.0003998400639744
0.0003998400639744
0.0003998400639744
0.0003998400639744
0.0003998400639744
0.0003998400639744
0.0003998400639744
0.0003998400639744
0.0003998400639744
0.0003998400639744
0.0003998400639744
0.0003998400639744
0.0003998400639744
0.0003998400639744
0.0003998400639744
0.0003998400639744
0.0003998400639744
0.0003998400639744
0.0003998400639744
0.0003948420631747
0.0003998400639744
0.0003948420631747
0.0003998400639744
0.0003998400639744
0.0003998400639744
0.0003998400639744
0.0003998400639744
0.0003998400639744
0.0003948420631747
0.0003998400639744
0.0003998400639744
0.0003998400639744
0.0003948420631747
0.0003998400639744
0.0003998400639744
0.0003998400639744
0.0003998400639744
0.0003998400639744
0.0003998400639744
0.0003998400639744
0.0003998400639744
0.0003998400639744
0.0003998400639744
0.0003998400639744
0.0003998400639744
0.0003998400639744
0.0003998400639744
0.0003948420631747
0.0003998400639744
0.0003998400639744
0.0003998400639744
0.0003998400639744
0.0003948420631747
0.0003998400639744
0.0003948420631747
0.0003998400639744
0.0003998400639744
0.0003998400639744
0.0003998400639744
0.0003998400639744
0.0003998400639744
0.0003948420631747
0.0003998400639744
0.0003998400639744
0.0003998400639744
0.0003998400639744
0.0003998400639744
0.0003998400639744
0.0003998400639744
0.0003998400639744
0.0003998400639744
0.0003998400639744
0.0003998400639744
0.0003998400639744
0.0003998400639744
0.0003998400639744
0.0003998400639744
0.0003998400639744
0.0003998400639744
0.0003998400639744
0.0003948420631747
0.0003998400639744
0.0003948420631747
0.0003998400639744
0.0003998400639744
0.0003998400639744
0.0003998400639744
0.0003998400639744
0.0003998400639744
0.0003998400639744
0.0003998400639744
0.0003998400639744
0.0003998400639744
0.0003998400639744
0.0003998400639744
0.0003998400639744
0.0003998400639744
0.0003948420631747
0.0003998400639744
0.0003998400639744
0.0003998400639744
0.0003998400639744
0.0003998400639744
0.0003998400639744
0.0003998400639744
0.0003998400639744
0.0003998400639744
0.0003998400639744
0.0003948420631747
0.0003998400639744
0.0003998400639744
0.0003948420631747
0.0003998400639744
0.0003998400639744
0.0003998400639744
0.0003998400639744
0.0003998400639744
0.0003998400639744
0.0003998400639744
0.0003998400639744
0.0003948420631747
0.0003998400639744
0.0003998400639744
0.0003948420631747
0.0003998400639744
0.0003948420631747
0.0003948420631747
0.0003998400639744
0.0003998400639744
0.0003998400639744
0.0003998400639744
0.0003998400639744
0.0003998400639744
0.0003998400639744
0.0003998400639744
0.0003998400639744
0.0003998400639744
0.0003998400639744
0.0003998400639744
0.0003998400639744
0.0003998400639744
0.0003998400639744
0.0003998400639744
0.0003998400639744
0.0003998400639744
0.0003998400639744
0.0003998400639744
0.0003998400639744
0.0003998400639744
0.0003998400639744
0.0003998400639744
0.0003998400639744
0.0003998400639744
0.0003998400639744
0.0003998400639744
0.0003998400639744
0.0003948420631747
0.0003998400639744
0.0003998400639744
0.0003998400639744
0.0003998400639744
