272.0470589787686322
10.4643538250468531
0.0000747093412108
0.0000312012387457
0.0000120703238521
0.0000136761920076
0.0000104174452435
0.0000097932258294
0.0000094789990522
0.0000102574176573
0.0000082910457734
0.0000076693133834
0.0000077105371391
0.0000036046996801
0.0000056619412228
0.0000076852936603
0.0000032432606054
0.0000042071859491
0.0000043964517040
0.0000031759837975
0.0000026319687662
0.0000045653852261
0.0000026347267336
0.0000034463644077
0.0000022853091231
0.0000017800535452
0.0000015504399008
0.0000014929083568
0.0000025929844624
0.0000019184599628
0.0000020179389604
0.0000018106599414
0.0000020470063356
0.0000020101204982
0.0000017059806766
0.0000022446038472
0.0000022220069548
0.0000023785540937
0.0000018148893930
0.0000015322930839
0.0000020890986028
0.0000014090558458
0.0000010136284759
0.0000019559542435
0.0000011266582702
0.0000013356374088
0.0000012964708899
0.0000010258167520
0.0000017137174177
0.0000016147922391
0.0000009058206277
0.0000008974874104
0.0000013014481930
0.0000016298008979
0.0000009505738869
0.0000009555029109
0.0000009594334274
0.0000010044100011
0.0000011008071980
0.0000010344464184
0.0000007814557127
0.0000007990218071
0.0000008516361555
0.0000007197994524
0.0000010547610099
0.0000010154815588
0.0000011136861568
0.0000007723675195
0.0000010372149792
0.0000011421513403
0.0000007071823887
0.0000007931783229
0.0000010236400175
0.0000009691517577
0.0000003988480295
0.0000009620070426
0.0000005630943357
0.0000007466132748
0.0000011479706386
0.0000010158382316
0.0000007819214529
0.0000005845531952
0.0000009864612341
0.0000006832747280
0.0000007041026954
0.0000010192225652
0.0000007304913377
0.0000011314948163
0.0000006071434567
0.0000006040554062
0.0000005995513647
0.0000010206294446
0.0000007669429240
0.0000007016164674
0.0000005051495074
0.0000006653368974
0.0000007185476461
0.0000009207460312
0.0000007851574520
0.0000007634593281
0.0000004552887879
0.0000005092199215
0.0000006488355474
0.0000008104651355
0.0000006553362552
0.0000011426104645
0.0000006591606921
0.0000006822865997
0.0000004552333877
0.0000004504924795
0.0000007352428284
0.0000004697137599
0.0000003732734038
0.0000006340693263
0.0000003989901040
0.0000007219452855
0.0000004969046728
0.0000003322578760
0.0000007496712987
0.0000005385888396
0.0000005219173288
0.0000003942090782
0.0000006417847686
0.0000004525965912
0.0000004746408355
0.0000007729284504
0.0000004439379426
0.0000006277042380
0.0000006591244703
0.0000004929543098
0.0000006309830691
0.0000006521485785
0.0000006037541416
0.0000006687968327
0.0000004219102086
0.0000006322562887
0.0000006187402896
0.0000006161087000
0.0000004299402194
0.0000002723833269
0.0000004594392359
0.0000005655155209
0.0000006946160946
0.0000004506020124
0.0000007558763861
0.0000003929730256
0.0000004106287035
0.0000005255178084
0.0000005943672437
0.0000005059408119
0.0000005447348274
0.0000003361402635
0.0000002943643269
0.0000003613021355
0.0000002765767646
0.0000003742985638
0.0000003914987439
0.0000003446124103
0.0000004847470570
0.0000006272369904
0.0000005002263542
0.0000003489145437
0.0000005110019598
0.0000003811905140
0.0000003013359826
0.0000005072342336
0.0000003221118826
0.0000003914765421
0.0000004167024314
0.0000003420130911
0.0000002754185843
0.0000002561038975
0.0000003148334667
0.0000006027171654
0.0000003646345512
0.0000004915190530
0.0000003010670612
0.0000004263492684
0.0000002465948948
0.0000003534298339
0.0000003717086032
0.0000004125765135
0.0000004127399743
0.0000004327426832
0.0000004925947650
0.0000002874053523
0.0000004898532289
0.0000003190251245
0.0000003022332322
0.0000003254131908
0.0000004411453796
0.0000003234044248
0.0000004347446296
0.0000002381834016
0.0000003346424579
0.0000003655516488
0.0000003115267492
0.0000002803903304
0.0000005708767582
0.0000003859072319
0.0000002946270868
0.0000003244178392
