4.8360577201143551
4.6305817382819763
0.5186429152570415
0.2540993833407680
0.1668392346257005
0.1209524256296972
0.0934705416095407
0.0760967330187523
0.0642448992924347
0.0576298394765784
0.0491204110312937
0.0435614972827568
0.0416935130898872
0.0398877932947245
0.0382872742957213
0.0362690839864834
0.0334310437304788
0.0296603333750734
0.0295852211232234
0.0299922677552955
0.0267087977195858
0.0248583629496762
0.0252743534044240
0.0266684580851912
0.0249595631473012
0.0245270460956710
0.0258714075343087
0.0262557397218238
0.0274648066768160
0.0278958490687582
0.0266012062452003
0.0251719144459099
0.0251953016892736
0.0256517790281923
0.0245069146422650
0.0243183355703701
0.0250924628632835
0.0246650362261310
0.0238722489064101
0.0241367064292589
0.0252123269378234
0.0250401728248362
0.0242851657427876
0.0235865494076928
0.0239160887078649
0.0233366553106871
0.0233478927366173
0.0242484153459019
0.0248051700471166
0.0253468977404412
0.0256355355471136
0.0243893700719724
0.0241286780330165
0.0228711911970549
0.0236797515095191
0.0237588304569434
0.0242869259659182
0.0247818756760729
0.0244542329831818
0.0240503396176459
0.0232827460433294
0.0234895388412184
0.0227938432340267
0.0230800548600918
0.0230965609302525
0.0234482476963116
0.0238455282134622
0.0234593293682792
0.0239009463332565
0.0236845946247399
0.0236339773677949
0.0234571931586380
0.0238014331376866
0.0249213920269007
0.0252753928018103
0.0247935543423685
0.0239540624864611
0.0232178220568200
0.0237517888365346
0.0234727650694568
0.0234476087999980
0.0229597009096969
0.0232220999679067
0.0236246088953538
0.0242167430308804
0.0249752716492049
0.0247917805469220
0.0243732969158481
0.0235211754970841
0.0243984187875412
0.0246669159778889
0.0252815905429040
0.0249103088759171
0.0243315287154913
0.0243084021072149
0.0241411695452030
0.0233709679860681
0.0235525544459227
0.0237009667352341
0.0240429915243254
0.0239669747121918
0.0229754140119462
0.0233066353357012
0.0237960999689888
0.0239993235921157
0.0231869891643035
0.0226453567135574
0.0228082662340887
0.0223677759597116
0.0226915239671053
0.0219260465956508
0.0222504341752325
0.0224283723785215
0.0224462377697279
0.0224390898668825
0.0228709027453533
0.0226139070139206
0.0217387473423758
0.0231075818458146
0.0235076848218831
0.0231560860569682
0.0231085785234706
0.0230712630886751
0.0231203273483696
0.0234551437668797
0.0242112800614445
0.0236446308210978
0.0234996160308976
0.0233823640554063
0.0230889932175140
0.0228010564139238
0.0229506747435018
0.0233580761435812
0.0237239862455108
0.0234518074208268
0.0231850060651064
0.0233760118052564
0.0234460344140930
0.0230222012033545
0.0231740937302229
0.0237608425401794
0.0236691589214724
0.0234497171908652
0.0237659558199290
0.0237530519336338
0.0234382317164050
0.0244341738944351
0.0240543931029846
0.0244672559922174
0.0247172025586915
0.0245907268718648
0.0242635791723425
0.0242587329163380
0.0238420215621302
0.0240521421516213
0.0241421141794298
0.0242572522124365
0.0246551033946254
0.0246093960954710
0.0248542112357433
0.0247878436985651
0.0244575699736684
0.0239913370354685
0.0241670517945103
0.0238454269679453
0.0234163956316999
0.0232768711183704
0.0234984464909695
0.0231589160185772
0.0233228990670433
0.0234668296949094
0.0244486361123117
0.0247088163444040
0.0247673902588055
0.0251287976950911
0.0251669134852941
0.0260176238387624
0.0260370770346050
0.0270004966268209
0.0269609575079812
0.0267007950791518
0.0264183372677076
0.0261475198093288
0.0261854646510573
0.0252410867997297
0.0248765665550224
0.0251639775666279
0.0247910109834495
0.0249915844528490
0.0247835083655445
0.0238343188792387
0.0234528890829486
0.0232836873734252
0.0228585551128369
0.0226054867780603
0.0226704424628965
0.0227536314524655
0.0234910781451172
0.0239251275709587
0.0235212851932296
0.0228320730313938
0.0232140894245261
