0.9999600159936025
0.9999200319872051
0.1535785685725710
0.0461815273890444
0.0189924030387845
0.0107956817273091
0.0064774090363854
0.0046781287485006
0.0032786885245902
0.0025189924030388
0.0021191523390644
0.0017592962814874
0.0014794082367053
0.0012395041983207
0.0011195521791283
0.0010795681727309
0.0010395841663335
0.0009596161535386
0.0007996801279488
0.0008396641343463
0.0007596961215514
0.0007596961215514
0.0006797281087565
0.0006797281087565
0.0006397441023591
0.0005997600959616
0.0005997600959616
0.0005597760895642
0.0005597760895642
0.0005597760895642
0.0005597760895642
0.0004798080767693
0.0004798080767693
0.0004798080767693
0.0004798080767693
0.0004798080767693
0.0004798080767693
0.0004798080767693
0.0004798080767693
0.0004798080767693
0.0004798080767693
0.0003998400639744
0.0003998400639744
0.0003998400639744
0.0003998400639744
0.0003998400639744
0.0003998400639744
0.0003998400639744
0.0003998400639744
0.0003998400639744
0.0003998400639744
0.0003998400639744
0.0003998400639744
0.0003998400639744
0.0003998400639744
0.0003998400639744
0.0003998400639744
0.0003998400639744
0.0003998400639744
0.0003998400639744
0.0003998400639744
0.0003998400639744
0.0003998400639744
0.0003998400639744
0.0003998400639744
0.0003998400639744
0.0003998400639744
0.0003998400639744
0.0003998400639744
0.0003998400639744
0.0003998400639744
0.0003998400639744
0.0003998400639744
0.0003998400639744
0.0003998400639744
0.0003998400639744
0.0003998400639744
0.0003998400639744
0.0003998400639744
0.0003998400639744
0.0003998400639744
0.0003998400639744
0.0003998400639744
0.0003998400639744
0.0003998400639744
0.0003998400639744
0.0003998400639744
0.0003998400639744
0.0003998400639744
0.0003998400639744
0.0003998400639744
0.0003998400639744
0.0003998400639744
0.0003998400639744
0.0003998400639744
0.0003998400639744
0.0003998400639744
0.0003998400639744
0.0003998400639744
0.0003998400639744
0.0003998400639744
0.0003998400639744
0.0003998400639744
0.0003998400639744
0.0003998400639744
0.0003998400639744
0.0003998400639744
0.0003998400639744
0.0003998400639744
0.0003998400639744
0.0003998400639744
0.0003998400639744
0.0003998400639744
0.0003998400639744
0.0003998400639744
0.0003998400639744
0.0003998400639744
0.0003998400639744
0.0003998400639744
0.0003998400639744
0.0003998400639744
0.0003998400639744
0.0003998400639744
0.0003998400639744
0.0003998400639744
0.0003998400639744
0.0003998400639744
0.0003998400639744
0.0003998400639744
0.0003998400639744
0.0003998400639744
0.0003998400639744
0.0003998400639744
0.0003998400639744
0.0003998400639744
0.0003998400639744
0.0003998400639744
0.0003998400639744
0.0003998400639744
0.0003998400639744
0.0003998400639744
0.0003998400639744
0.0003998400639744
0.0003998400639744
0.0003998400639744
0.0003998400639744
0.0003998400639744
0.0003998400639744
0.0003998400639744
0.0003998400639744
0.0003998400639744
0.0003998400639744
0.0003998400639744
0.0003998400639744
0.0003998400639744
0.0003998400639744
0.0003998400639744
0.0003998400639744
0.0003998400639744
0.0003998400639744
0.0003998400639744
0.0003998400639744
0.0003998400639744
0.0003998400639744
0.0003998400639744
0.0003998400639744
0.0003998400639744
0.0003998400639744
0.0003998400639744
0.0003998400639744
0.0003998400639744
0.0003998400639744
0.0003998400639744
0.0003998400639744
0.0003998400639744
0.0003998400639744
0.0003998400639744
0.0003998400639744
0.0003998400639744
0.0003998400639744
0.0003998400639744
0.0003998400639744
0.0003998400639744
0.0003998400639744
0.0003998400639744
0.0003998400639744
0.0003998400639744
0.0003998400639744
0.0003998400639744
0.0003998400639744
0.0003998400639744
0.0003998400639744
0.0003998400639744
0.0003998400639744
0.0003998400639744
0.0003998400639744
0.0003998400639744
0.0003998400639744
0.0003998400639744
0.0003998400639744
0.0003998400639744
0.0003998400639744
