0.0010827888718588
0.0010342988426633
0.0001739300458940
0.0000255219258405
0.0000116336734530
0.0000092258628821
0.0000096888104056
0.0000066030679625
0.0000124430063485
0.0000087695629305
0.0000090842417120
0.0000098093167005
0.0000092726795089
0.0000085640332304
0.0000103268524935
0.0000083114222278
0.0000094089160727
0.0000090542567171
0.0000084279469493
0.0000043933609875
0.0000066429431019
0.0000106849558745
0.0000078064677133
0.0000063925330448
0.0000070491014414
0.0000091379868546
0.0000051624233931
0.0000032540753658
0.0000014149783264
0.0000007400408317
0.0000015749990195
0.0000028375399283
0.0000030831324190
0.0000030090235305
0.0000030746784302
0.0000033079601645
0.0000035242591322
0.0000030661418693
0.0000035819143979
0.0000030240751439
0.0000043342189887
0.0000025712555139
0.0000028335957357
0.0000035814746387
0.0000045936905711
0.0000045483281010
0.0000048751778496
0.0000056296203219
0.0000045085511431
0.0000036912852868
0.0000040482899724
0.0000061919136815
0.0000060011437244
0.0000065205893751
0.0000045487620991
0.0000042113529384
0.0000044925771511
0.0000031404774201
0.0000029952371443
0.0000049387654574
0.0000043062819386
0.0000053756293786
0.0000047961638618
0.0000050339492604
0.0000049884593731
0.0000042283742376
0.0000043582013732
0.0000043282085429
0.0000049488034681
0.0000045630737679
0.0000038577178341
0.0000037846052772
0.0000028862909249
0.0000024830300952
0.0000022090092107
0.0000022356292360
0.0000038217918914
0.0000038537732207
0.0000034462777650
0.0000037596252129
0.0000039826909580
0.0000051893407514
0.0000054154351609
0.0000045192379986
0.0000030230621954
0.0000021812633894
0.0000021839756464
0.0000018827458639
0.0000028993638556
0.0000021406209696
0.0000023920987332
0.0000020854548879
0.0000035015913299
0.0000034763949588
0.0000027870126534
0.0000034216932798
0.0000040231482685
0.0000033823548779
0.0000034792346499
0.0000031403664295
0.0000031104686551
0.0000038864119679
0.0000038353999119
0.0000030353468170
0.0000028290202277
0.0000034942142755
0.0000043409233894
0.0000045445530919
0.0000052239968929
0.0000046239090700
0.0000057607739434
0.0000054878256076
0.0000048586506648
0.0000052072250101
0.0000054315175306
0.0000044163054083
0.0000052985225653
0.0000058304258013
0.0000036749949553
0.0000033358281585
0.0000035371879464
0.0000043891406192
0.0000041071351899
0.0000047198094117
0.0000036866295932
0.0000031402938121
0.0000036918865240
0.0000034125567862
0.0000032257341210
0.0000036772381699
0.0000042928431857
0.0000043261820968
0.0000037262366326
0.0000034110704860
0.0000033546467456
0.0000038158278513
0.0000041593496054
0.0000044074731832
0.0000046792879234
0.0000043425360113
0.0000045168100362
0.0000048458411013
0.0000052199298597
0.0000049527666007
0.0000057012820588
0.0000052459331255
0.0000044607043778
0.0000046732359919
0.0000043519945984
0.0000042917472293
0.0000037168945146
0.0000038370698912
0.0000027815017335
0.0000032738097062
0.0000026321935146
0.0000028179734210
0.0000022262087183
0.0000022341335765
0.0000018243597797
0.0000015452412607
0.0000019957016870
0.0000021453402254
0.0000029868965673
0.0000034416617946
0.0000038116960689
0.0000054091431825
0.0000046755777558
0.0000047419166287
0.0000054266957398
0.0000046861148878
0.0000038677603634
0.0000034204878961
0.0000031446296313
0.0000029429375369
0.0000024723132037
0.0000022220165986
0.0000018153384164
0.0000015806871447
0.0000017282946711
0.0000018904492256
0.0000016973194514
0.0000020007768287
0.0000017813912429
0.0000016812804855
0.0000021261979849
0.0000025191997068
0.0000025752694403
0.0000031015565262
0.0000029489290992
0.0000029002856816
0.0000032598206209
0.0000038291136185
0.0000039192897525
0.0000043939163731
0.0000046510566530
0.0000046709471476
0.0000052872159467
0.0000047714502116
0.0000036116402041
0.0000041811783537
0.0000052127935042
0.0000043272843782
