272.0481417676405158
10.4653881238895163
0.0002486393871047
0.0000567231645862
0.0000237039973051
0.0000229020548897
0.0000201062556491
0.0000163962937919
0.0000219220054007
0.0000190269805877
0.0000173752874853
0.0000174786300839
0.0000169832166479
0.0000121687329105
0.0000159887937164
0.0000159967158881
0.0000126521766781
0.0000132614426662
0.0000128243986534
0.0000075693447850
0.0000092749118681
0.0000152503411006
0.0000104411944469
0.0000098388974526
0.0000093344105645
0.0000109180403998
0.0000067128632939
0.0000047469837226
0.0000040079627888
0.0000026585007945
0.0000035929379799
0.0000046481998697
0.0000051301387546
0.0000050191440287
0.0000047806591068
0.0000055525640117
0.0000057462660870
0.0000054446959630
0.0000053968037909
0.0000045563682278
0.0000064233175914
0.0000039803113597
0.0000038472242116
0.0000055374288822
0.0000057203488413
0.0000058839655098
0.0000061716487396
0.0000066554370739
0.0000062222685608
0.0000053060775259
0.0000049541106001
0.0000070894010919
0.0000073025919174
0.0000081503902730
0.0000054993359859
0.0000051668558493
0.0000054520105785
0.0000041448874213
0.0000040960443424
0.0000059732118758
0.0000050877376513
0.0000061746511857
0.0000056478000173
0.0000057537487128
0.0000060432203829
0.0000052438557964
0.0000054718875300
0.0000051005760624
0.0000059860184474
0.0000057052251082
0.0000045649002228
0.0000045777836000
0.0000039099309424
0.0000034521818530
0.0000026078572402
0.0000031976362786
0.0000043848862271
0.0000046003864955
0.0000045942484036
0.0000047754634445
0.0000047646124109
0.0000057738939465
0.0000064018963950
0.0000052025127266
0.0000037271648908
0.0000032004859546
0.0000029144669840
0.0000030142406802
0.0000035065073123
0.0000027446763758
0.0000029916500979
0.0000031060843325
0.0000042685342540
0.0000041780114262
0.0000032921621608
0.0000040870301772
0.0000047416959147
0.0000043031009091
0.0000042643921019
0.0000039038257576
0.0000035657574430
0.0000043956318894
0.0000044842354593
0.0000038458119525
0.0000034843564829
0.0000046368247400
0.0000050000840815
0.0000052268396916
0.0000056792302806
0.0000050744015495
0.0000064960167718
0.0000059575393675
0.0000052319240686
0.0000058412943364
0.0000058305076346
0.0000051382506938
0.0000057954272382
0.0000061626836772
0.0000044246662539
0.0000038744169981
0.0000040591052752
0.0000047833496974
0.0000047489199585
0.0000051724060029
0.0000041612704288
0.0000039132222625
0.0000041358244666
0.0000040402610241
0.0000038848585913
0.0000041701924798
0.0000049238262547
0.0000049783306753
0.0000043299907741
0.0000040798673188
0.0000037765569542
0.0000044480841400
0.0000047780898950
0.0000050235818832
0.0000051092281428
0.0000046149193382
0.0000049762492722
0.0000054113566222
0.0000059145459543
0.0000054033686131
0.0000064571584449
0.0000056389061511
0.0000048713330813
0.0000051987538003
0.0000049463618421
0.0000047976880412
0.0000042616293420
0.0000041732101547
0.0000030758660604
0.0000036351118417
0.0000029087702792
0.0000031922719848
0.0000026177074623
0.0000025787459868
0.0000023091068367
0.0000021724782510
0.0000024959280413
0.0000024942547691
0.0000034978985271
0.0000038228523086
0.0000041130320515
0.0000059163774161
0.0000049976896384
0.0000051333931708
0.0000058433981712
0.0000050281279789
0.0000041431789477
0.0000036765917936
0.0000034594630980
0.0000035456547023
0.0000028369477550
0.0000027135356515
0.0000021164054776
0.0000020070364131
0.0000019748895659
0.0000022438790595
0.0000020690280546
0.0000024133533422
0.0000021941312172
0.0000021140231686
0.0000026187927499
0.0000028066050591
0.0000030651226692
0.0000034205816507
0.0000032511623314
0.0000032256988724
0.0000037009660005
0.0000041525180433
0.0000043540343820
0.0000046320997746
0.0000049856991109
0.0000050364987964
0.0000055987426959
0.0000050518405420
0.0000041825169623
0.0000045670855857
0.0000055074205910
0.0000046517022173
