2.3023231223742169
2.3023237431526185
2.3002273567517597
2.3009614273389181
2.3011492079734803
2.3011888097445170
2.3011997021357220
2.3011920237223307
2.3012203954378765
2.3012046737035114
2.3012076932589212
2.3012117914835613
2.3012098961830141
2.3012065780639648
2.3012141360282898
2.3012044052124025
2.3012101862589520
2.3012108592669169
2.3012054221789042
2.3011840804100037
2.3011964801788332
2.3012177797317506
2.3012025226275128
2.3011929852167765
2.3011967854181927
2.3012061785062152
2.3011859836896260
2.3011763727823893
2.3011662053426107
2.3011633530934650
2.3011684235890706
2.3011760024388632
2.3011780963897706
2.3011772161483766
2.3011789952596029
2.3011780054728188
2.3011790151278180
2.3011778277079262
2.3011795867284137
2.3011777732213337
2.3011835201263429
2.3011743870099384
2.3011770878156028
2.3011814620335898
2.3011878285408018
2.3011879047075907
2.3011882431666058
2.3011904375394185
2.3011846961021423
2.3011822076479596
2.3011839541435242
2.3011940353711444
2.3011933150609334
2.3011962002754212
2.3011866905848186
2.3011858216603596
2.3011861101150513
2.3011794023831684
2.3011780794461569
2.3011887011845906
2.3011862446784974
2.3011904162089030
2.3011881001472472
2.3011887244224547
2.3011881569544475
2.3011862046241762
2.3011848504066466
2.3011846850077311
2.3011872007052103
2.3011861736933392
2.3011828602472941
2.3011823396682738
2.3011775870641071
2.3011758635203043
2.3011742438316345
2.3011744012196860
2.3011832949002584
2.3011833341916401
2.3011804544130960
2.3011823719342548
2.3011836226463318
2.3011894858996071
2.3011903320948282
2.3011859089533488
2.3011785708745323
2.3011729743003846
2.3011743542671206
2.3011719268798827
2.3011785260200499
2.3011734587351480
2.3011756160100303
2.3011736277262371
2.3011797520319619
2.3011806213378905
2.3011776013374328
2.3011808334986368
2.3011836557706196
2.3011811633110044
2.3011815349578857
2.3011791406949360
2.3011782376925152
2.3011838717142741
2.3011832802772521
2.3011787910461425
2.3011774940172831
2.3011813621203103
2.3011859018007916
2.3011874274571738
2.3011908395767211
2.3011883322079978
2.3011942170143129
2.3011926233609517
2.3011889164924622
2.3011914500554402
2.3011908736864726
2.3011866587320964
2.3011897871017455
2.3011935652414959
2.3011817855199177
2.3011796195983885
2.3011812846501667
2.3011849381764731
2.3011844905217487
2.3011867124557495
2.3011829582532246
2.3011799474716188
2.3011822025616966
2.3011806225458780
2.3011798927307128
2.3011827810287477
2.3011859030723572
2.3011853447278341
2.3011830607732136
2.3011801181475322
2.3011810204505920
2.3011828461647035
2.3011838066101076
2.3011852895418805
2.3011875631968182
2.3011862409909565
2.3011869829495746
2.3011887654622396
2.3011900059700010
2.3011887109120686
2.3011919177055358
2.3011901650746664
2.3011852658271787
2.3011867295583088
2.3011853750546774
2.3011848878542582
2.3011820149421691
2.3011824039459228
2.3011775971412658
2.3011798957188923
2.3011764918645223
2.3011782887458803
2.3011746394157409
2.3011733771642051
2.3011719152132670
2.3011704110145570
2.3011726150512697
2.3011740267435710
2.3011789552370705
2.3011815994898477
2.3011838880221047
2.3011921863873801
2.3011887372016906
2.3011881666819254
2.3011918846448260
2.3011881261189777
2.3011835328420003
2.3011799312591554
2.3011794809023538
2.3011779693603516
2.3011762873331705
2.3011746673266091
2.3011709480603537
2.3011706116040549
2.3011698136965433
2.3011710786819459
2.3011706951777140
2.3011719602584839
2.3011712839762368
2.3011709355354308
2.3011740497589113
2.3011762667655944
2.3011764758110047
2.3011780844052634
2.3011788505236308
2.3011787316004435
2.3011805101712546
2.3011837867101033
2.3011846787770591
2.3011864085197447
2.3011876063664753
2.3011875479062400
2.3011911984443665
2.3011882656097411
2.3011825312296548
2.3011859272638957
2.3011914192199705
2.3011866773287455
