2.3113122428894046
2.3024522064844768
2.3002298692067464
2.3009603663762412
2.3011495842297873
2.3011886359214784
2.3011993457476301
2.3011931679725648
2.3012196400960283
2.3012029887517294
2.3012067975997930
2.3012135558446252
2.3012094031651813
2.3012066097895305
2.3012128881454470
2.3012047915458682
2.3012102220853170
2.3012104915301004
2.3012044416109720
2.3011839253107711
2.3011965316136678
2.3012194953600567
2.3012030660311380
2.3011927260398863
2.3011967105547591
2.3012061660448708
2.3011862199465432
2.3011764889081316
2.3011656352996823
2.3011627387364708
2.3011687347730003
2.3011759850184124
2.3011778975486754
2.3011768089930218
2.3011789521853130
2.3011770840644834
2.3011793409347536
2.3011784838676452
2.3011803574562073
2.3011778979619346
2.3011836469332376
2.3011740969022116
2.3011772069613139
2.3011816087722776
2.3011877928098046
2.3011873784383141
2.3011873090108237
2.3011904172579447
2.3011845935503641
2.3011821290334069
2.3011846066474915
2.3011937150637314
2.3011933524449670
2.3011957608540854
2.3011862076759337
2.3011863245328268
2.3011860004742939
2.3011796557108561
2.3011785740534467
2.3011893546422320
2.3011861973762513
2.3011907187143965
2.3011887299855553
2.3011893605232236
2.3011885451952616
2.3011858397801719
2.3011845660845438
2.3011848428090413
2.3011872735023498
2.3011868330955503
2.3011826465288800
2.3011825716972352
2.3011775266965229
2.3011757259686787
2.3011743697166440
2.3011744597117105
2.3011835897127790
2.3011832284927367
2.3011808290481568
2.3011828060468043
2.3011831361770634
2.3011891805330915
2.3011902944564819
2.3011857922236123
2.3011788034439089
2.3011733888943988
2.3011743487358096
2.3011720323244731
2.3011785582542417
2.3011733228365578
2.3011756402969361
2.3011738170623781
2.3011801977793374
2.3011808297793070
2.3011770476977031
2.3011806716283161
2.3011832204500831
2.3011812147458395
2.3011812185287477
2.3011790584564205
2.3011785674413043
2.3011841396013897
2.3011835284868876
2.3011783673922221
2.3011776162783306
2.3011812167803445
2.3011860422770183
2.3011878597895303
2.3011907441139225
2.3011884002685550
2.3011938873291014
2.3011925789197285
2.3011888160387675
2.3011911701520287
2.3011907846768698
2.3011867810567219
2.3011896947860717
2.3011939730962121
2.3011819148381552
2.3011794013341271
2.3011813644727068
2.3011847201029463
2.3011843221028645
2.3011863534291583
2.3011832752545676
2.3011793606122337
2.3011821469306946
2.3011803537686664
2.3011801574071251
2.3011825241088868
2.3011857492129009
2.3011853631973267
2.3011830990473428
2.3011805435180666
2.3011809039115905
2.3011834861119587
2.3011835057258603
2.3011854896227519
2.3011874370892844
2.3011863071441652
2.3011866372108458
2.3011886251449587
2.3011901129722596
2.3011886501630148
2.3011921313921611
2.3011902245521547
2.3011854281425475
2.3011865146954857
2.3011852856636050
2.3011846291859941
2.3011820018450417
2.3011822445551555
2.3011778447469080
2.3011801496187845
2.3011766283353170
2.3011776701291402
2.3011742794990537
2.3011737253506981
2.3011719765027365
2.3011698085149126
2.3011721469243369
2.3011738677342732
2.3011788048426309
2.3011818125089007
2.3011837547938030
2.3011922388712565
2.3011885354359944
2.3011882015228275
2.3011920532544456
2.3011877116839088
2.3011834242502847
2.3011801784515380
2.3011795376459756
2.3011777519861853
2.3011761768341064
2.3011742436408995
2.3011707371711729
2.3011707757631941
2.3011699964841208
2.3011711162567137
2.3011704872767131
2.3011721107165020
2.3011711023012795
2.3011707906405130
2.3011744738896684
2.3011762234052022
2.3011761313120522
2.3011782796859741
2.3011786383946737
2.3011783592859905
2.3011805235226950
2.3011839260101317
2.3011844582875574
2.3011865985552471
2.3011875574111942
2.3011874481201176
2.3011913891474407
2.3011880408287047
2.3011825608571370
2.3011857707023617
2.3011912096659346
2.3011865910212199
