0.1398316
0.0044603
0.0012824
0.0034949
0.0062993
0.0050763
0.0031192
0.0020456
0.0014992
0.0011766
0.0009672
0.0008217
0.0007118
0.0006278
0.0005630
0.0005093
0.0004660
0.0004295
0.0003985
0.0003718
0.0003484
0.0003284
0.0003104
0.0002946
0.0002807
0.0002680
0.0002565
0.0002461
0.0002367
0.0002279
0.0002199
0.0002124
0.0002055
0.0001990
0.0001930
0.0001874
0.0001821
0.0001771
0.0001723
0.0001678
0.0001637
0.0001597
0.0001559
0.0001523
0.0001488
0.0001456
0.0001424
0.0001395
0.0001367
0.0001341
0.0001315
0.0001291
0.0001268
0.0001246
0.0001225
0.0001206
0.0001186
0.0001168
0.0001151
0.0001134
0.0001116
0.0001100
0.0001084
0.0001068
0.0001053
0.0001039
0.0001024
0.0001011
0.0000999
0.0000987
0.0000975
0.0000964
0.0000953
0.0000942
0.0000931
0.0000920
0.0000909
0.0000899
0.0000891
0.0000880
0.0000872
0.0000863
0.0000854
0.0000845
0.0000837
0.0000828
0.0000819
0.0000811
0.0000803
0.0000795
0.0000788
0.0000781
0.0000775
0.0000768
0.0000762
0.0000755
0.0000749
0.0000744
0.0000739
0.0000733
0.0000729
0.0000724
