0.0099293
0.0031581
0.0004154
0.0009867
0.0003782
0.0008538
0.0007148
0.0004155
0.0002537
0.0001710
0.0001276
0.0001024
0.0000849
0.0000732
0.0000650
0.0000590
0.0000541
0.0000504
0.0000473
0.0000452
0.0000435
0.0000421
0.0000407
0.0000395
0.0000387
0.0000379
0.0000374
0.0000367
0.0000360
0.0000353
0.0000346
0.0000340
0.0000335
0.0000329
0.0000323
0.0000317
0.0000312
0.0000307
0.0000300
0.0000296
0.0000290
0.0000287
0.0000281
0.0000277
0.0000272
0.0000267
0.0000263
0.0000259
0.0000255
0.0000252
0.0000248
0.0000244
0.0000241
0.0000237
0.0000234
0.0000230
0.0000227
0.0000224
0.0000221
0.0000219
0.0000216
0.0000213
0.0000211
0.0000208
0.0000207
0.0000204
0.0000203
0.0000200
0.0000198
0.0000197
0.0000196
0.0000194
0.0000192
0.0000191
0.0000189
0.0000188
0.0000187
0.0000186
0.0000185
0.0000183
0.0000182
0.0000180
0.0000179
0.0000178
0.0000176
0.0000175
0.0000174
0.0000173
0.0000172
0.0000171
0.0000170
0.0000169
0.0000168
0.0000167
0.0000167
0.0000166
0.0000165
0.0000163
0.0000162
0.0000161
0.0000160
0.0000159
