0.1521400
0.0083751
0.0017973
0.0047181
0.0067680
0.0061347
0.0040053
0.0025607
0.0018137
0.0013887
0.0011254
0.0009485
0.0008170
0.0007186
0.0006436
0.0005824
0.0005330
0.0004919
0.0004571
0.0004278
0.0004024
0.0003805
0.0003608
0.0003435
0.0003286
0.0003150
0.0003029
0.0002916
0.0002813
0.0002717
0.0002629
0.0002546
0.0002470
0.0002398
0.0002331
0.0002267
0.0002207
0.0002150
0.0002096
0.0002045
0.0001997
0.0001952
0.0001907
0.0001865
0.0001825
0.0001787
0.0001751
0.0001717
0.0001684
0.0001652
0.0001622
0.0001594
0.0001566
0.0001540
0.0001515
0.0001491
0.0001468
0.0001446
0.0001425
0.0001405
0.0001384
0.0001364
0.0001345
0.0001326
0.0001309
0.0001292
0.0001275
0.0001260
0.0001245
0.0001231
0.0001218
0.0001204
0.0001191
0.0001179
0.0001166
0.0001153
0.0001141
0.0001129
0.0001119
0.0001108
0.0001097
0.0001087
0.0001076
0.0001066
0.0001055
0.0001045
0.0001035
0.0001025
0.0001016
0.0001007
0.0000999
0.0000991
0.0000983
0.0000976
0.0000969
0.0000961
0.0000954
0.0000946
0.0000939
0.0000933
0.0000927
0.0000921
