0.9999800079968013
0.9851409436225509
0.1391493402638945
0.0347560975609756
0.0123800479808077
0.0062824870051979
0.0036335465813675
0.0027289084366253
0.0018792483006797
0.0014844062375050
0.0012744902039184
0.0009196321471411
0.0008396641343463
0.0007996801279488
0.0006797281087565
0.0006747301079568
0.0006797281087565
0.0006397441023591
0.0005997600959616
0.0005947620951619
0.0005947620951619
0.0005497800879648
0.0005547780887645
0.0005197920831667
0.0004798080767693
0.0004798080767693
0.0004798080767693
0.0004798080767693
0.0004748100759696
0.0004398240703719
0.0004398240703719
0.0004398240703719
0.0004398240703719
0.0004398240703719
0.0004398240703719
0.0003998400639744
0.0003998400639744
0.0003948420631747
0.0003998400639744
0.0003998400639744
0.0003998400639744
0.0003998400639744
0.0003898440623750
0.0003998400639744
0.0003998400639744
0.0003948420631747
0.0003998400639744
0.0003998400639744
0.0003998400639744
0.0003998400639744
0.0003998400639744
0.0003998400639744
0.0003998400639744
0.0003998400639744
0.0003998400639744
0.0003998400639744
0.0003998400639744
0.0003998400639744
0.0003998400639744
0.0003998400639744
0.0003948420631747
0.0003998400639744
0.0003998400639744
0.0003998400639744
0.0003998400639744
0.0003998400639744
0.0003998400639744
0.0003998400639744
0.0003998400639744
0.0003998400639744
0.0003998400639744
0.0003998400639744
0.0003998400639744
0.0003998400639744
0.0003998400639744
0.0003998400639744
0.0003998400639744
0.0003948420631747
0.0003998400639744
0.0003998400639744
0.0003948420631747
0.0003998400639744
0.0003998400639744
0.0003998400639744
0.0003998400639744
0.0003998400639744
0.0003998400639744
0.0003998400639744
0.0003948420631747
0.0003998400639744
0.0003948420631747
0.0003998400639744
0.0003948420631747
0.0003998400639744
0.0003998400639744
0.0003998400639744
0.0003998400639744
0.0003998400639744
0.0003948420631747
0.0003998400639744
0.0003998400639744
0.0003948420631747
0.0003998400639744
0.0003998400639744
0.0003998400639744
0.0003998400639744
0.0003998400639744
0.0003998400639744
0.0003998400639744
0.0003998400639744
0.0003998400639744
0.0003998400639744
0.0003998400639744
0.0003998400639744
0.0003998400639744
0.0003948420631747
0.0003948420631747
0.0003998400639744
0.0003948420631747
0.0003998400639744
0.0003998400639744
0.0003948420631747
0.0003998400639744
0.0003998400639744
0.0003998400639744
0.0003948420631747
0.0003998400639744
0.0003998400639744
0.0003998400639744
0.0003998400639744
0.0003998400639744
0.0003998400639744
0.0003998400639744
0.0003998400639744
0.0003998400639744
0.0003998400639744
0.0003948420631747
0.0003998400639744
0.0003998400639744
0.0003998400639744
0.0003998400639744
0.0003998400639744
0.0003998400639744
0.0003998400639744
0.0003948420631747
0.0003998400639744
0.0003998400639744
0.0003998400639744
0.0003998400639744
0.0003948420631747
0.0003998400639744
0.0003998400639744
0.0003998400639744
0.0003998400639744
0.0003998400639744
0.0003998400639744
0.0003998400639744
0.0003998400639744
0.0003998400639744
0.0003998400639744
0.0003898440623750
0.0003998400639744
0.0003998400639744
0.0003998400639744
0.0003998400639744
0.0003998400639744
0.0003998400639744
0.0003898440623750
0.0003998400639744
0.0003998400639744
0.0003998400639744
0.0003998400639744
0.0003998400639744
0.0003998400639744
0.0003998400639744
0.0003998400639744
0.0003998400639744
0.0003998400639744
0.0003998400639744
0.0003998400639744
0.0003998400639744
0.0003998400639744
0.0003948420631747
0.0003998400639744
0.0003998400639744
0.0003998400639744
0.0003998400639744
0.0003998400639744
0.0003998400639744
0.0003898440623750
0.0003998400639744
0.0003998400639744
0.0003998400639744
0.0003898440623750
0.0003998400639744
0.0003998400639744
0.0003998400639744
0.0003998400639744
0.0003998400639744
0.0003998400639744
0.0003948420631747
0.0003948420631747
