271.8998308503228714
10.4100211496539750
0.0000475782729079
0.0000260647987068
0.0000244187693513
0.0000149759688561
0.0000117821233836
0.0000110280330446
0.0000110646776451
0.0000056028931114
0.0000044311578512
0.0000050427241583
0.0000100539498658
0.0000055398575483
0.0000052370892173
0.0000055171171067
0.0000041691754026
0.0000049570281712
0.0000040028155759
0.0000032584870678
0.0000034900085960
0.0000024728646742
0.0000021623773260
0.0000018846726830
0.0000025053205055
0.0000024066390422
0.0000027339404180
0.0000025980257310
0.0000019910726652
0.0000025598792705
0.0000018661642880
0.0000020486824357
0.0000017126421006
0.0000017990427227
0.0000024448597560
0.0000017148457986
0.0000016253400611
0.0000019578501389
0.0000024048809511
0.0000025379893951
0.0000017210459205
0.0000018673206867
0.0000009877863849
0.0000015195332269
0.0000016085490091
0.0000017784030230
0.0000013716535056
0.0000016121517897
0.0000013759619696
0.0000007436476874
0.0000017700737740
0.0000015235095206
0.0000018193738619
0.0000011898825364
0.0000008171779875
0.0000005414453901
0.0000011920713862
0.0000017933784032
0.0000007637446743
0.0000009300589907
0.0000007671737859
0.0000015022154008
0.0000016572579028
0.0000010722740610
0.0000009436778571
0.0000009254175058
0.0000009611212085
0.0000012114220195
0.0000006977591214
0.0000007616189052
0.0000008915768645
0.0000008466694261
0.0000007849190707
0.0000006805709404
0.0000005913699583
0.0000008864011783
0.0000008648094590
0.0000011609746833
0.0000008523421493
0.0000009082202486
0.0000009471862814
0.0000007736916213
0.0000006341168784
0.0000007098299212
0.0000011150443684
0.0000007870566378
0.0000012148261295
0.0000005272714316
0.0000005238398649
0.0000005634582349
0.0000005635062612
0.0000007708461886
0.0000005593077799
0.0000007627521034
0.0000012919844514
0.0000009359201042
0.0000005890285162
0.0000004311566036
0.0000006709888042
0.0000006371401636
0.0000008161187753
0.0000010153609404
0.0000008580828569
0.0000008118409119
0.0000006260944100
0.0000008725464070
0.0000005909288928
0.0000003819812477
0.0000004862041219
0.0000004513816510
0.0000004794259272
0.0000006097528455
0.0000005659025763
0.0000007597595408
0.0000005025747494
0.0000004264581410
0.0000005672286416
0.0000004479652713
0.0000006177684278
0.0000005964602257
0.0000005687253968
0.0000003384442442
0.0000007283493777
0.0000006027139873
0.0000006756559554
0.0000004438674461
0.0000005259039336
0.0000004844364763
0.0000004518860778
0.0000002933916359
0.0000004735702812
0.0000008062436326
0.0000003411418882
0.0000002600671750
0.0000004453726554
0.0000002962221491
0.0000004187368419
0.0000007088015409
0.0000006215820687
0.0000003409114991
0.0000003055572680
0.0000003168169867
0.0000003820126685
0.0000003814391539
0.0000003183370718
0.0000004890672877
0.0000003514183582
0.0000002775817511
0.0000004886497532
0.0000005716309146
0.0000004347238947
0.0000003491272422
0.0000003724555870
0.0000003684882776
0.0000005452426036
0.0000004304627761
0.0000003320915174
0.0000005968348748
0.0000004139370104
0.0000002244543881
0.0000006177467573
0.0000005281411437
0.0000004040743468
0.0000005996344088
0.0000004429619857
0.0000004253314956
0.0000004552066882
0.0000004197724366
0.0000002197761733
0.0000002804694733
0.0000003774896697
0.0000003344550103
0.0000005708959739
0.0000002920671665
0.0000003407835395
0.0000004411808529
0.0000002674758567
0.0000003184018652
0.0000004129437121
0.0000004115061519
0.0000003493537922
0.0000002741300009
0.0000002404716569
0.0000001888570061
0.0000003636946887
0.0000003201010413
0.0000002831425968
0.0000002758754097
0.0000002901246883
0.0000003588225296
0.0000004126267981
0.0000003827314443
0.0000003102648746
0.0000003903474777
0.0000003596952342
0.0000002179776913
0.0000003855058111
0.0000002529182275
0.0000004540350982
0.0000003875978094
0.0000002531840704
0.0000003614695355
