4.8161466742870447
4.6115401957631796
0.3919682285589218
0.1541462926721330
0.0974910925723768
0.0703551480597761
0.0555308499439852
0.0482316155954903
0.0438276870314473
0.0399390573426148
0.0367724331610494
0.0319534484750711
0.0320197698924106
0.0307624900036006
0.0285270844018518
0.0254842275625736
0.0261660463778915
0.0260051525645224
0.0243851409535170
0.0234410547435713
0.0244870233543253
0.0259383379516668
0.0265088241763687
0.0270203601152176
0.0272884928738815
0.0277434032623596
0.0255320994821065
0.0244766568052635
0.0259951383000103
0.0255517819157644
0.0257261701218058
0.0254905832872207
0.0245728364879403
0.0246949091333973
0.0245966589650228
0.0242699069572636
0.0248167227441540
0.0237201397046169
0.0242004394227848
0.0232594735040605
0.0233904628306414
0.0236257449241075
0.0240692927113182
0.0241305159066576
0.0246211462859345
0.0247879703860756
0.0241510520746226
0.0235822563632058
0.0247077857346909
0.0236109191487834
0.0243883089128225
0.0230498158424999
0.0232212416293045
0.0228026359961229
0.0221000980997275
0.0226442758980880
0.0229411944392268
0.0237233940965922
0.0241340298196002
0.0233932159131891
0.0231426823706669
0.0234033088958228
0.0235219890829166
0.0245444956792993
0.0237111350613939
0.0234141108891814
0.0240547351458800
0.0247071861171122
0.0241820279576963
0.0239983078868713
0.0241535855509520
0.0243361497776429
0.0243206937202922
0.0238373050165928
0.0240804276665409
0.0234131897271228
0.0231247956758482
0.0227658742739445
0.0232597189438410
0.0237088910510010
0.0240506446571089
0.0249852292218442
0.0233215655370531
0.0231023451109644
0.0222647287113285
0.0236510790445843
0.0234886938442005
0.0243632155066342
0.0254155531236064
0.0253665257878064
0.0253392165867048
0.0252948462130222
0.0254259877474114
0.0248955508501050
0.0249861336976132
0.0251044971335581
0.0248064092161826
0.0246067172763544
0.0242441970524974
0.0247117911793568
0.0230171007524129
0.0230037825588170
0.0229903236177629
0.0223547583913783
0.0225284645523127
0.0232326556504694
0.0234795003455881
0.0233525833861883
0.0231077539976923
0.0233121590895315
0.0233887262840862
0.0238707220146148
0.0233944466481830
0.0236211963925967
0.0231044605716770
0.0227310248373256
0.0229594209319031
0.0232983008935372
0.0232301981969272
0.0228054217744058
0.0228856431523150
0.0226641024243044
0.0226847500673542
0.0230759439778581
0.0225726140342886
0.0232911777648184
0.0233398286532405
0.0233198634074052
0.0231906696944160
0.0230842793088046
0.0225114786359912
0.0231648486146077
0.0223851846871723
0.0223690373633192
0.0223590852762721
0.0224117990158312
0.0230587573941732
0.0237569149226182
0.0242689830399465
0.0236428436226552
0.0230635501641254
0.0234929509567385
0.0236268122663299
0.0240654876256186
0.0241323353316183
0.0241455224251617
0.0238086338633183
0.0247513149043357
0.0242899542562904
0.0240549154127088
0.0238322484777884
0.0232057533878172
0.0232193660557132
0.0246796162556715
0.0245010928548981
0.0245258697631032
0.0247027126374866
0.0245236435289522
0.0248986403616416
0.0250849660247978
0.0249068611827232
0.0244843393798002
0.0236959843174864
0.0230463274785961
0.0230357011334184
0.0243022365590315
0.0246053475351369
0.0242347733465584
0.0247088210290427
0.0245296550598164
0.0245894510418785
0.0241976021543486
0.0242171047772652
0.0239397104271868
0.0239697061467334
0.0234794044467412
0.0236660687168211
0.0233029592626446
0.0234449027142711
0.0236940988429666
0.0238852053769920
0.0237489963628832
0.0240850756997626
0.0241002947869264
0.0239438929258375
0.0240437124196582
0.0237200570854414
0.0236475408912904
0.0233459437508907
0.0232602643702118
0.0229955114871894
0.0226331911804323
0.0225988646181376
0.0225661802446828
0.0230599159406977
0.0235652848150361
0.0237339115775923
0.0240773431000820
0.0238779009765457
0.0242532420062533
0.0242946503375363
0.0240686639036278
