0.9999600159936025
0.9999200319872051
0.1403438624550180
0.0356657337065174
0.0129548180727709
0.0065973610555778
0.0037984806077569
0.0028388644542183
0.0019192323070772
0.0015193922431028
0.0012794882047181
0.0009196321471411
0.0008396641343463
0.0007996801279488
0.0006797281087565
0.0006797281087565
0.0006797281087565
0.0006397441023591
0.0005997600959616
0.0005997600959616
0.0005997600959616
0.0005597760895642
0.0005597760895642
0.0004798080767693
0.0004798080767693
0.0004798080767693
0.0004798080767693
0.0004798080767693
0.0004798080767693
0.0004398240703719
0.0004398240703719
0.0004398240703719
0.0004398240703719
0.0004398240703719
0.0004398240703719
0.0003998400639744
0.0003998400639744
0.0003998400639744
0.0003998400639744
0.0003998400639744
0.0003998400639744
0.0003998400639744
0.0003998400639744
0.0003998400639744
0.0003998400639744
0.0003998400639744
0.0003998400639744
0.0003998400639744
0.0003998400639744
0.0003998400639744
0.0003998400639744
0.0003998400639744
0.0003998400639744
0.0003998400639744
0.0003998400639744
0.0003998400639744
0.0003998400639744
0.0003998400639744
0.0003998400639744
0.0003998400639744
0.0003998400639744
0.0003998400639744
0.0003998400639744
0.0003998400639744
0.0003998400639744
0.0003998400639744
0.0003998400639744
0.0003998400639744
0.0003998400639744
0.0003998400639744
0.0003998400639744
0.0003998400639744
0.0003998400639744
0.0003998400639744
0.0003998400639744
0.0003998400639744
0.0003998400639744
0.0003998400639744
0.0003998400639744
0.0003998400639744
0.0003998400639744
0.0003998400639744
0.0003998400639744
0.0003998400639744
0.0003998400639744
0.0003998400639744
0.0003998400639744
0.0003998400639744
0.0003998400639744
0.0003998400639744
0.0003998400639744
0.0003998400639744
0.0003998400639744
0.0003998400639744
0.0003998400639744
0.0003998400639744
0.0003998400639744
0.0003998400639744
0.0003998400639744
0.0003998400639744
0.0003998400639744
0.0003998400639744
0.0003998400639744
0.0003998400639744
0.0003998400639744
0.0003998400639744
0.0003998400639744
0.0003998400639744
0.0003998400639744
0.0003998400639744
0.0003998400639744
0.0003998400639744
0.0003998400639744
0.0003998400639744
0.0003998400639744
0.0003998400639744
0.0003998400639744
0.0003998400639744
0.0003998400639744
0.0003998400639744
0.0003998400639744
0.0003998400639744
0.0003998400639744
0.0003998400639744
0.0003998400639744
0.0003998400639744
0.0003998400639744
0.0003998400639744
0.0003998400639744
0.0003998400639744
0.0003998400639744
0.0003998400639744
0.0003998400639744
0.0003998400639744
0.0003998400639744
0.0003998400639744
0.0003998400639744
0.0003998400639744
0.0003998400639744
0.0003998400639744
0.0003998400639744
0.0003998400639744
0.0003998400639744
0.0003998400639744
0.0003998400639744
0.0003998400639744
0.0003998400639744
0.0003998400639744
0.0003998400639744
0.0003998400639744
0.0003998400639744
0.0003998400639744
0.0003998400639744
0.0003998400639744
0.0003998400639744
0.0003998400639744
0.0003998400639744
0.0003998400639744
0.0003998400639744
0.0003998400639744
0.0003998400639744
0.0003998400639744
0.0003998400639744
0.0003998400639744
0.0003998400639744
0.0003998400639744
0.0003998400639744
0.0003998400639744
0.0003998400639744
0.0003998400639744
0.0003998400639744
0.0003998400639744
0.0003998400639744
0.0003998400639744
0.0003998400639744
0.0003998400639744
0.0003998400639744
0.0003998400639744
0.0003998400639744
0.0003998400639744
0.0003998400639744
0.0003998400639744
0.0003998400639744
0.0003998400639744
0.0003998400639744
0.0003998400639744
0.0003998400639744
0.0003998400639744
0.0003998400639744
0.0003998400639744
0.0003998400639744
0.0003998400639744
0.0003998400639744
0.0003998400639744
0.0003998400639744
0.0003998400639744
0.0003998400639744
0.0003998400639744
0.0003998400639744
0.0003998400639744
0.0003998400639744
0.0003998400639744
