0.0010210208429409
0.0009865219492092
0.0000467621276164
0.0000214589043363
0.0000088104172849
0.0000059405257295
0.0000091343934716
0.0000076970740978
0.0000056352819742
0.0000046963570969
0.0000055656083908
0.0000070955291641
0.0000061056002999
0.0000068232585054
0.0000101674227946
0.0000094633511006
0.0000093643197060
0.0000065163581018
0.0000068716558451
0.0000083486760814
0.0000061074540997
0.0000054610068561
0.0000047590010102
0.0000032293912303
0.0000028641404086
0.0000024862013690
0.0000037568714034
0.0000045940588578
0.0000018406698706
0.0000020973030409
0.0000037414806945
0.0000061526118397
0.0000047866079544
0.0000050503928659
0.0000047021836492
0.0000043819730844
0.0000061627411529
0.0000058214374530
0.0000065100963416
0.0000051765725540
0.0000059136869440
0.0000055276486463
0.0000063538662052
0.0000058585865526
0.0000047733433605
0.0000052682701600
0.0000053955577223
0.0000038184471239
0.0000024494725527
0.0000036637294298
0.0000040909918978
0.0000058699059517
0.0000053087296622
0.0000032986123765
0.0000047001754429
0.0000042087063130
0.0000039165992502
0.0000030914817500
0.0000034825616886
0.0000030157531116
0.0000036168257021
0.0000036556892708
0.0000032016536624
0.0000033348429323
0.0000038957849247
0.0000043696732266
0.0000036203831159
0.0000023206310950
0.0000033914954718
0.0000035102437137
0.0000036230248468
0.0000022325705783
0.0000023720997604
0.0000027333278056
0.0000031285421205
0.0000043649885000
0.0000056705934358
0.0000046604210604
0.0000035960084529
0.0000032535125841
0.0000028648812465
0.0000028579801937
0.0000038969725056
0.0000046633911009
0.0000046910031267
0.0000031058052114
0.0000038472901188
0.0000029317875025
0.0000036172127164
0.0000030831733015
0.0000033195508706
0.0000026761611926
0.0000021491935082
0.0000031241865447
0.0000019466357489
0.0000018849761355
0.0000025545690457
0.0000033436679482
0.0000025227341988
0.0000027549034097
0.0000045409582627
0.0000048623732010
0.0000047988330627
0.0000055909778749
0.0000060073635157
0.0000046150926104
0.0000047089464498
0.0000044666929163
0.0000049620076314
0.0000045509165059
0.0000046180741923
0.0000046241393775
0.0000052366838121
0.0000056551340076
0.0000067388955354
0.0000076781230911
0.0000070143489001
0.0000070272821606
0.0000057192284974
0.0000059545485463
0.0000053653473520
0.0000057661914074
0.0000057942113632
0.0000054901133861
0.0000064643946316
0.0000054854456023
0.0000043928807879
0.0000050511285712
0.0000048944143330
0.0000049373436695
0.0000049986216514
0.0000047779755792
0.0000062377541764
0.0000072563340274
0.0000076253355006
0.0000065723754472
0.0000065601709391
0.0000057087941429
0.0000058500078747
0.0000060064995583
0.0000060855176998
0.0000054447450327
0.0000056051289314
0.0000052949205777
0.0000046923990816
0.0000042684286995
0.0000046711524564
0.0000041661882982
0.0000041814373510
0.0000043765121401
0.0000045025790652
0.0000056814623323
0.0000054582431920
0.0000040710320057
0.0000039518496363
0.0000032327397841
0.0000030316586123
0.0000028765861693
0.0000026397825912
0.0000024214022048
0.0000025894861444
0.0000031585396640
0.0000037412645238
0.0000046411679501
0.0000053760515318
0.0000038266018200
0.0000035289804449
0.0000027745033387
0.0000026068424146
0.0000026108129078
0.0000030676782596
0.0000031700776315
0.0000028581947169
0.0000036942682446
0.0000035255123899
0.0000037275585639
0.0000036456740532
0.0000038297587835
0.0000033945297774
0.0000030684392577
0.0000028642326140
0.0000032686801525
0.0000034886264675
0.0000034281061803
0.0000029051490027
0.0000026589253262
0.0000026103938290
0.0000033132827518
0.0000036540752667
0.0000035988956907
0.0000039547309402
0.0000043758205076
0.0000047951706231
0.0000041504813638
0.0000034590793277
0.0000031503465002
0.0000025366410683
0.0000024812997955
0.0000028579195776
0.0000024804596238
0.0000025569203549
0.0000024839928974
