271.9008518711657985
10.4110076716031834
0.0000943404005243
0.0000475237030431
0.0000332291866363
0.0000209164945856
0.0000209165168552
0.0000187251071423
0.0000166999596193
0.0000102992502083
0.0000099967662420
0.0000121382533224
0.0000161595501657
0.0000123631160537
0.0000154045120118
0.0000149804682073
0.0000135334951086
0.0000114733862730
0.0000108744714210
0.0000116071631492
0.0000095974626957
0.0000079338715303
0.0000069213783362
0.0000051140639133
0.0000053694609141
0.0000048928404112
0.0000064908118214
0.0000071920845889
0.0000038317425358
0.0000046571823113
0.0000056076449825
0.0000082012942754
0.0000064992500550
0.0000068494355886
0.0000071470434052
0.0000060968188830
0.0000077880812140
0.0000077792875919
0.0000089149772927
0.0000077145619491
0.0000076347328645
0.0000073949693330
0.0000073416525901
0.0000073781197795
0.0000063818923696
0.0000070466731830
0.0000067672112279
0.0000054305989135
0.0000038254345223
0.0000044073771171
0.0000058610656718
0.0000073934154724
0.0000071281035241
0.0000044884949129
0.0000055173534304
0.0000047501517031
0.0000051086706364
0.0000048848601532
0.0000042463063629
0.0000039458121023
0.0000043839994880
0.0000051579046716
0.0000048589115652
0.0000044071169933
0.0000048394627818
0.0000052950907325
0.0000045815043244
0.0000035320531145
0.0000040892545932
0.0000042718626189
0.0000045146017113
0.0000030792400045
0.0000031570188311
0.0000034138987460
0.0000037199120789
0.0000052513896783
0.0000065354028949
0.0000058213957437
0.0000044483506022
0.0000041617328327
0.0000038120675279
0.0000036316718150
0.0000045310893840
0.0000053732210222
0.0000058060474951
0.0000038928618491
0.0000050621162484
0.0000034590589342
0.0000041410525813
0.0000036466315364
0.0000038830571318
0.0000034470073812
0.0000027085012881
0.0000038869386481
0.0000032386202002
0.0000028208962396
0.0000031435975619
0.0000037748245518
0.0000031937230031
0.0000033920435733
0.0000053570770380
0.0000058777341414
0.0000056569159196
0.0000064028187868
0.0000066334579258
0.0000054876390174
0.0000052998753425
0.0000048486741640
0.0000054482117533
0.0000050022981569
0.0000050975001195
0.0000052338922230
0.0000058025863884
0.0000064148935484
0.0000072414702848
0.0000081045812321
0.0000075815775416
0.0000074752474319
0.0000063369969252
0.0000065510087720
0.0000059340727489
0.0000061046356516
0.0000065225607409
0.0000060928273734
0.0000071400505870
0.0000059293130483
0.0000049187847215
0.0000055355650475
0.0000053463004108
0.0000052307353055
0.0000054721919327
0.0000055842192118
0.0000065788960647
0.0000075164012024
0.0000080707081560
0.0000068685975963
0.0000069789077810
0.0000064175956839
0.0000064715899434
0.0000063474110574
0.0000063910749678
0.0000057615620194
0.0000059871415999
0.0000056763597316
0.0000050107361534
0.0000047574959872
0.0000050225708146
0.0000044437700493
0.0000046700871041
0.0000049481430548
0.0000049373029599
0.0000060305895745
0.0000058306987790
0.0000044395202833
0.0000044970922399
0.0000036632025602
0.0000033637501298
0.0000034734210440
0.0000030537196016
0.0000026458565929
0.0000032072329017
0.0000036866808076
0.0000041453388706
0.0000052408023590
0.0000058190135176
0.0000042519333156
0.0000039841871331
0.0000031942757753
0.0000028266185879
0.0000028912823812
0.0000034451679292
0.0000035045326418
0.0000034290906908
0.0000039863354111
0.0000038662959293
0.0000041687394168
0.0000039131499098
0.0000041481606487
0.0000038074734895
0.0000034799454096
0.0000032135864063
0.0000035428101534
0.0000037290981244
0.0000036169631864
0.0000032688436914
0.0000029790263675
0.0000028935364258
0.0000035891581615
0.0000039441999550
0.0000039577182203
0.0000043673577383
0.0000047585519519
0.0000051054354977
0.0000045408288415
0.0000038187745619
0.0000033683241915
0.0000029221468795
0.0000027342180230
0.0000033119546757
0.0000028680574332
0.0000028101044252
0.0000028454624329
