2.3076174847602844
2.3030461675008134
2.3011213356653846
2.3012299906412759
2.3011860790888470
2.3011836609840390
2.3012041002273560
2.3011981469154357
2.3011888749758400
2.3011835682868957
2.3011911503156028
2.3011986970901490
2.3011922569910683
2.3011960183779396
2.3012169683138533
2.3012106897989910
2.3012121327400212
2.3011965307871503
2.3012001629511518
2.3012062491734824
2.3011959879875183
2.3011895871480306
2.3011851641019185
2.3011793829282126
2.3011774206797284
2.3011751069386803
2.3011797297477723
2.3011842566808065
2.3011708728472389
2.3011736369768778
2.3011821072896321
2.3011902270634970
2.3011880800247191
2.3011886149088543
2.3011876012166339
2.3011863700548809
2.3011958370208738
2.3011960157394409
2.3011989161809288
2.3011902107556663
2.3011935937563579
2.3011928716023760
2.3011955766042074
2.3011924305280047
2.3011878618876138
2.3011902797381083
2.3011897365252176
2.3011825862248738
2.3011737165133157
2.3011800436973573
2.3011820041656494
2.3011931824684142
2.3011892237027487
2.3011803996404012
2.3011868825276691
2.3011843160629271
2.3011832151412963
2.3011785263697306
2.3011790735244753
2.3011777785936989
2.3011823149045307
2.3011826794624328
2.3011788386980694
2.3011798081080119
2.3011838514645895
2.3011840543111166
2.3011817655245466
2.3011742219607036
2.3011792268753051
2.3011790224393209
2.3011801534652712
2.3011739909807840
2.3011733848571780
2.3011755526224773
2.3011778345425924
2.3011834148724875
2.3011908100763954
2.3011872564633689
2.3011809696833292
2.3011788881937667
2.3011774094581607
2.3011772415796918
2.3011825647036233
2.3011864106178286
2.3011873996416723
2.3011794053077699
2.3011829233487449
2.3011767781575521
2.3011802070299785
2.3011772533416748
2.3011789952596029
2.3011763356526691
2.3011735545476277
2.3011776019414265
2.3011721101760867
2.3011730744997658
2.3011752490043640
2.3011795962015786
2.3011763923009236
2.3011770854949951
2.3011867886225383
2.3011880406061809
2.3011892501195272
2.3011944112777707
2.3011961008707682
2.3011877331733706
2.3011883361816405
2.3011863203366598
2.3011892214139298
2.3011877186139427
2.3011883329391480
2.3011876847267150
2.3011916106541950
2.3011926777839662
2.3011994043032327
2.3012035798390711
2.3012009283383685
2.3012000857353212
2.3011944080988567
2.3011950672149659
2.3011912530263263
2.3011944235165913
2.3011942273457846
2.3011921729723612
2.3011975999196368
2.3011925762176517
2.3011868642807007
2.3011902185757958
2.3011900735219322
2.3011901825269065
2.3011905932744345
2.3011894751866659
2.3011963780721030
2.3012021817525228
2.3012032193501790
2.3011979712804158
2.3011991833368937
2.3011937360445658
2.3011943224589033
2.3011955729802454
2.3011968687375388
2.3011925470670063
2.3011915837287900
2.3011905640284223
2.3011876019159954
2.3011852861722311
2.3011875256220500
2.3011847079277037
2.3011847800890606
2.3011849279085794
2.3011856696128845
2.3011926461855570
2.3011919112205508
2.3011835997899373
2.3011825465520226
2.3011797588348388
2.3011786812782287
2.3011779801686600
2.3011772495905558
2.3011743442535399
2.3011757085164390
2.3011787441571556
2.3011810165405269
2.3011864570299787
2.3011896762530006
2.3011822904586792
2.3011800350507099
2.3011775750796000
2.3011772882143657
2.3011766534169515
2.3011778689384461
2.3011795646667483
2.3011771980285647
2.3011810177167256
2.3011810774803161
2.3011825989087420
2.3011820957183837
2.3011831941604615
2.3011815512975056
2.3011793447494506
2.3011779810905457
2.3011803739229837
2.3011817232131957
2.3011815663019819
2.3011782687505087
2.3011768877983094
2.3011760430971782
2.3011793245633445
2.3011809944470722
2.3011812235832214
2.3011830673217775
2.3011848956108092
2.3011871083577473
2.3011850932757061
2.3011805962244667
2.3011784354209901
2.3011762573560079
2.3011756925900775
2.3011771646181742
2.3011752905527749
2.3011757683753968
2.3011755965232847
