2.3029999979019165
2.3029866152127583
2.3011200398763019
2.3012264985720319
2.3011892938296001
2.3011846043586730
2.3012037793795268
2.3011956802368165
2.3011863358179729
2.3011832786242166
2.3011890205065408
2.3011985291163128
2.3011935288747152
2.3011958493868510
2.3012159818967182
2.3012106340726217
2.3012107932090760
2.3011952212015787
2.3011996084849038
2.3012069835980733
2.3011944355964662
2.3011905518849689
2.3011850104649860
2.3011783032735189
2.3011766605695088
2.3011740564346312
2.3011804596900940
2.3011847906748453
2.3011712663014730
2.3011728204091391
2.3011812305132548
2.3011908066431683
2.3011881832440695
2.3011889359474180
2.3011873593012493
2.3011864295641580
2.3011955217361448
2.3011947907129922
2.3011975636800130
2.3011903968811036
2.3011937040011090
2.3011926741917930
2.3011955940246582
2.3011935195922852
2.3011880982398987
2.3011902228037515
2.3011900025367735
2.3011821634610494
2.3011740045865379
2.3011806090037026
2.3011821167310078
2.3011928928693135
2.3011898129781088
2.3011803096771239
2.3011869975090029
2.3011844301859536
2.3011830702463785
2.3011783936182657
2.3011789452234903
2.3011776829401653
2.3011821445465088
2.3011823750495912
2.3011793567339578
2.3011799084663389
2.3011841541926068
2.3011843658765159
2.3011815857251485
2.3011742134094240
2.3011795976320903
2.3011793653488160
2.3011799916585285
2.3011735718091328
2.3011730808575948
2.3011762468338013
2.3011777266502382
2.3011842465718586
2.3011907537778220
2.3011871710141500
2.3011810870806375
2.3011788183212278
2.3011770449320474
2.3011772149721783
2.3011828358650206
2.3011864514986673
2.3011880001068117
2.3011784666379294
2.3011826483408608
2.3011770022074383
2.3011797163009642
2.3011770226796466
2.3011785768826805
2.3011761986414592
2.3011734224001565
2.3011772827784220
2.3011725598335264
2.3011727534929913
2.3011752205212912
2.3011799110730489
2.3011764515876769
2.3011768647511799
2.3011869879722595
2.3011887544631957
2.3011886728604636
2.3011939482688906
2.3011958488146464
2.3011878229141236
2.3011882710774740
2.3011867197672524
2.3011892481168110
2.3011879328409832
2.3011879820823671
2.3011877168655395
2.3011913286526999
2.3011927062352497
2.3011995602607729
2.3012039250691734
2.3012006972312928
2.3011998021125795
2.3011943165143331
2.3011951783816018
2.3011914244016012
2.3011942660331726
2.3011940706570941
2.3011923549652100
2.3011976497968036
2.3011922670364382
2.3011860839525857
2.3011897106806436
2.3011897767384846
2.3011901442209881
2.3011902321497599
2.3011891487439473
2.3011965464909871
2.3012022498448688
2.3012032737731936
2.3011982385953269
2.3011989846865335
2.3011938824335734
2.3011939642270405
2.3011953918774921
2.3011966755231223
2.3011928501129151
2.3011915660858153
2.3011907878875730
2.3011875223159790
2.3011854476610818
2.3011874165852864
2.3011845774968465
2.3011846776962281
2.3011852150281271
2.3011859211285910
2.3011929668108624
2.3011920889854429
2.3011835503578184
2.3011824231147768
2.3011800222078960
2.3011784754117328
2.3011783012708027
2.3011772062619529
2.3011746296246844
2.3011760172526041
2.3011791108767192
2.3011811193784077
2.3011868465105692
2.3011896718343099
2.3011821690241496
2.3011797878901166
2.3011776533762616
2.3011770298322043
2.3011768730481466
2.3011782454808554
2.3011796270688376
2.3011769944508869
2.3011810249328613
2.3011811502774555
2.3011825961748760
2.3011821283022562
2.3011828712463380
2.3011813235918681
2.3011791997273763
2.3011781037648520
2.3011803428649902
2.3011815752347311
2.3011814136505127
2.3011783632278444
2.3011765764554339
2.3011762233416237
2.3011789928118387
2.3011807829538982
2.3011811887105305
2.3011833450317383
2.3011850059509276
2.3011868848482768
2.3011846310933430
2.3011803680419920
2.3011785936991376
2.3011760485966999
2.3011758642514546
2.3011771483421324
2.3011753280639646
2.3011755179405213
2.3011756544748940
