45.5972000
71.9120000
71.9120000
71.9120000
71.9120000
73.9119000
78.5304000
80.7296000
81.6714000
82.1639000
82.4144000
82.6218000
82.7476000
82.8320000
82.8801000
82.9341000
82.9673000
82.9937000
83.0223000
83.0408000
83.0579000
83.0716000
83.0940000
83.1163000
83.1312000
83.1525000
83.1760000
83.1987000
83.2202000
83.2314000
83.2423000
83.2545000
83.2721000
83.2924000
83.3223000
83.3455000
83.3718000
83.3907000
83.4139000
83.4273000
83.4447000
83.4640000
83.5561000
83.5691000
83.6463000
83.7673000
83.7786000
83.8205000
83.8315000
83.8784000
83.9257000
83.9326000
83.9455000
83.9474000
83.9645000
83.9722000
83.9801000
83.9985000
83.9988000
84.0101000
84.0217000
84.0298000
84.0459000
84.0555000
84.0637000
84.0785000
84.0858000
84.0992000
84.1101000
84.1135000
84.1211000
84.1242000
84.1396000
84.1539000
84.1601000
84.1619000
84.1711000
84.1810000
84.1821000
84.2055000
84.1983000
84.2100000
84.2207000
84.2259000
84.2318000
84.2319000
84.2605000
84.2692000
84.2589000
84.2737000
84.2841000
84.2911000
84.2821000
84.2932000
84.3072000
84.3060000
84.3140000
84.3105000
84.3289000
84.3302000
84.3289000
84.3405000
