32.3058383
71.9120000
71.9120000
71.9120000
71.9120000
73.0258532
77.8362471
80.4665903
81.5260459
82.0517084
82.3544790
82.5603336
82.7165327
82.7990405
82.8461739
82.9104912
82.9453777
82.9738738
82.9965798
83.0241508
83.0437705
83.0543093
83.0761888
83.1003358
83.1109487
83.1336672
83.1539746
83.1799145
83.2007144
83.2154716
83.2301226
83.2409002
83.2521861
83.2703952
83.3001806
83.3255787
83.3509008
83.3701376
83.3943816
83.4129905
83.4253088
83.4472262
83.4606335
83.4752479
83.5375495
83.6577249
83.6672078
83.7284179
83.7416134
83.8109206
83.9153470
83.9201816
83.9358332
83.9366532
83.9525544
83.9568373
83.9639459
83.9831888
83.9824395
83.9957145
84.0096813
84.0165680
84.0342205
84.0433757
84.0508503
84.0634035
84.0704999
84.0822264
84.0999176
84.1013062
84.1092312
84.1101076
84.1294488
84.1403847
84.1457841
84.1496584
84.1593975
84.1640327
84.1662750
84.1949587
84.1874683
84.1921306
84.2087454
84.2158467
84.2222389
84.2196647
84.2466317
84.2573010
84.2435407
84.2621242
84.2720769
84.2801575
84.2692640
84.2797692
84.2976028
84.2950275
84.3039179
84.2957824
84.3218907
84.3202684
84.3183325
84.3264391
