21.4443757
0.0000000
0.0000000
0.0000000
0.0000000
1.4295541
1.1199512
0.4243417
0.2345153
0.1810107
0.0966770
0.0991704
0.0501242
0.0531771
0.0547366
0.0380906
0.0353696
0.0319877
0.0414971
0.0268619
0.0227967
0.0278970
0.0287367
0.0257567
0.0326735
0.0303850
0.0355359
0.0303086
0.0314382
0.0256990
0.0196471
0.0219420
0.0321293
0.0355027
0.0356877
0.0321411
0.0337188
0.0331754
0.0314911
0.0230870
0.0312859
0.0270629
0.1540263
0.1514216
0.1754589
0.1767892
0.1797210
0.1485660
0.1450236
0.1088717
0.0167036
0.0200360
0.0155965
0.0173390
0.0192730
0.0247863
0.0260632
0.0247032
0.0263962
0.0232097
0.0193910
0.0213485
0.0188438
0.0195614
0.0207319
0.0243567
0.0246852
0.0273854
0.0164283
0.0196736
0.0191492
0.0227368
0.0163780
0.0218057
0.0230974
0.0197507
0.0188809
0.0273752
0.0255321
0.0170074
0.0174760
0.0288305
0.0192876
0.0162200
0.0154260
0.0197406
0.0223752
0.0191979
0.0247808
0.0186765
0.0193982
0.0176547
0.0207097
0.0216693
0.0154842
0.0177031
0.0162665
0.0237455
0.0113088
0.0160237
0.0170496
0.0226859
