58.8885617
71.9120000
71.9120000
71.9120000
71.9120000
74.7979468
79.2245529
80.9926097
81.8167541
82.2760916
82.4743210
82.6832664
82.7786673
82.8649595
82.9140261
82.9577088
82.9892223
83.0135262
83.0480202
83.0574492
83.0720295
83.0888907
83.1118112
83.1322642
83.1514513
83.1713328
83.1980254
83.2174855
83.2396856
83.2473284
83.2544774
83.2680998
83.2920139
83.3144048
83.3444194
83.3654213
83.3926992
83.4112624
83.4334184
83.4416095
83.4640912
83.4807738
83.6515665
83.6629521
83.7550505
83.8768751
83.8899922
83.9125821
83.9213866
83.9458794
83.9360530
83.9450184
83.9551668
83.9581468
83.9764456
83.9875627
83.9962541
84.0138112
84.0151605
84.0244855
84.0337187
84.0430320
84.0575795
84.0676243
84.0765497
84.0935965
84.1011001
84.1161736
84.1202824
84.1256938
84.1329688
84.1382924
84.1497512
84.1674153
84.1744159
84.1741416
84.1828025
84.1979673
84.1979250
84.2160413
84.2091317
84.2278694
84.2326546
84.2359533
84.2413611
84.2441353
84.2743683
84.2810990
84.2742593
84.2852758
84.2961231
84.3020425
84.2949360
84.3066308
84.3167972
84.3169725
84.3240821
84.3252176
84.3359093
84.3401316
84.3394675
84.3545609
