272.5848748
10.4981968
0.0010705
0.0011460
0.0006864
0.0005674
0.0004426
0.0004268
0.0003568
0.0002832
0.0003249
0.0002144
0.0002227
0.0002109
0.0002219
0.0001709
0.0001611
0.0001550
0.0001486
0.0001257
0.0001292
0.0001139
0.0001009
0.0001007
0.0001041
0.0000875
0.0000923
0.0000764
0.0000790
0.0000827
0.0000832
0.0000793
0.0000557
0.0000724
0.0000651
0.0000642
0.0000668
0.0000604
0.0000586
0.0000570
0.0000631
0.0000557
0.0000526
0.0000585
0.0000569
0.0000468
0.0000481
0.0000399
0.0000468
0.0000504
0.0000472
0.0000386
0.0000483
0.0000400
0.0000410
0.0000374
0.0000487
0.0000379
0.0000419
0.0000321
0.0000358
0.0000440
0.0000309
0.0000406
0.0000309
0.0000302
0.0000360
0.0000357
0.0000303
0.0000325
0.0000339
0.0000292
0.0000332
0.0000268
0.0000330
0.0000257
0.0000293
0.0000295
0.0000234
0.0000293
0.0000341
0.0000273
0.0000280
0.0000262
0.0000315
0.0000262
0.0000280
0.0000264
0.0000264
0.0000200
0.0000262
0.0000225
0.0000246
0.0000243
0.0000249
0.0000206
0.0000273
0.0000212
0.0000183
0.0000249
0.0000233
0.0000226
0.0000272
0.0000204
0.0000225
0.0000189
0.0000247
0.0000238
0.0000219
0.0000221
0.0000214
0.0000199
0.0000193
0.0000217
0.0000184
0.0000225
0.0000186
0.0000193
0.0000186
0.0000198
0.0000157
0.0000202
0.0000183
0.0000146
0.0000167
0.0000145
0.0000189
0.0000159
0.0000181
0.0000176
0.0000175
0.0000194
0.0000200
0.0000188
0.0000140
0.0000158
0.0000146
0.0000149
0.0000140
0.0000164
0.0000166
0.0000158
0.0000127
0.0000164
0.0000167
0.0000149
0.0000152
0.0000172
0.0000121
0.0000120
0.0000145
0.0000138
0.0000135
0.0000120
0.0000166
0.0000118
0.0000140
0.0000126
0.0000132
0.0000132
0.0000163
0.0000130
0.0000133
0.0000145
0.0000121
0.0000127
0.0000158
0.0000141
0.0000162
0.0000110
0.0000140
0.0000139
0.0000117
0.0000136
0.0000138
0.0000135
0.0000141
0.0000112
0.0000115
0.0000155
0.0000156
0.0000104
0.0000143
0.0000120
0.0000117
0.0000110
0.0000098
0.0000112
0.0000147
0.0000138
0.0000134
0.0000124
0.0000101
0.0000130
0.0000123
0.0000129
0.0000090
0.0000114
0.0000114
0.0000113
0.0000104
0.0000084
