272.1885857
10.4218214
0.0004567
0.0008651
0.0005932
0.0005122
0.0004003
0.0003877
0.0002869
0.0002253
0.0002790
0.0001714
0.0001728
0.0001640
0.0001907
0.0001542
0.0001309
0.0001362
0.0001145
0.0001176
0.0001062
0.0001050
0.0000748
0.0000857
0.0000850
0.0000771
0.0000754
0.0000677
0.0000702
0.0000659
0.0000583
0.0000637
0.0000496
0.0000568
0.0000535
0.0000529
0.0000564
0.0000477
0.0000481
0.0000494
0.0000551
0.0000450
0.0000447
0.0000495
0.0000498
0.0000384
0.0000376
0.0000322
0.0000381
0.0000406
0.0000363
0.0000297
0.0000395
0.0000336
0.0000374
0.0000336
0.0000447
0.0000322
0.0000402
0.0000275
0.0000299
0.0000349
0.0000268
0.0000300
0.0000272
0.0000253
0.0000329
0.0000309
0.0000251
0.0000280
0.0000273
0.0000213
0.0000304
0.0000219
0.0000299
0.0000214
0.0000280
0.0000262
0.0000167
0.0000215
0.0000278
0.0000224
0.0000267
0.0000212
0.0000282
0.0000229
0.0000241
0.0000256
0.0000212
0.0000185
0.0000220
0.0000198
0.0000193
0.0000187
0.0000233
0.0000183
0.0000207
0.0000174
0.0000171
0.0000209
0.0000186
0.0000196
0.0000224
0.0000167
0.0000202
0.0000163
0.0000192
0.0000201
0.0000159
0.0000166
0.0000203
0.0000179
0.0000141
0.0000184
0.0000166
0.0000182
0.0000167
0.0000162
0.0000156
0.0000148
0.0000125
0.0000153
0.0000134
0.0000123
0.0000133
0.0000123
0.0000152
0.0000143
0.0000152
0.0000168
0.0000152
0.0000169
0.0000164
0.0000135
0.0000126
0.0000131
0.0000102
0.0000135
0.0000120
0.0000143
0.0000141
0.0000135
0.0000103
0.0000130
0.0000134
0.0000116
0.0000135
0.0000156
0.0000110
0.0000099
0.0000117
0.0000111
0.0000108
0.0000089
0.0000125
0.0000102
0.0000114
0.0000113
0.0000110
0.0000110
0.0000140
0.0000101
0.0000082
0.0000109
0.0000107
0.0000105
0.0000115
0.0000116
0.0000127
0.0000080
0.0000112
0.0000123
0.0000106
0.0000091
0.0000111
0.0000115
0.0000122
0.0000099
0.0000097
0.0000090
0.0000100
0.0000089
0.0000133
0.0000089
0.0000107
0.0000082
0.0000072
0.0000089
0.0000118
0.0000105
0.0000099
0.0000090
0.0000081
0.0000122
0.0000104
0.0000102
0.0000071
0.0000087
0.0000087
0.0000103
0.0000094
0.0000051
