0.4521068
0.0871329
0.0007003
0.0003205
0.0001062
0.0000630
0.0000483
0.0000446
0.0000797
0.0000661
0.0000523
0.0000491
0.0000569
0.0000534
0.0000356
0.0000190
0.0000345
0.0000215
0.0000389
0.0000092
0.0000262
0.0000102
0.0000298
0.0000171
0.0000218
0.0000119
0.0000193
0.0000099
0.0000101
0.0000192
0.0000284
0.0000179
0.0000069
0.0000178
0.0000132
0.0000129
0.0000119
0.0000145
0.0000120
0.0000086
0.0000091
0.0000122
0.0000090
0.0000102
0.0000080
0.0000096
0.0000119
0.0000088
0.0000100
0.0000111
0.0000124
0.0000101
0.0000100
0.0000072
0.0000041
0.0000043
0.0000045
0.0000065
0.0000020
0.0000052
0.0000068
0.0000104
0.0000047
0.0000121
0.0000043
0.0000055
0.0000036
0.0000054
0.0000058
0.0000052
0.0000076
0.0000090
0.0000032
0.0000055
0.0000036
0.0000049
0.0000015
0.0000038
0.0000076
0.0000089
0.0000071
0.0000056
0.0000015
0.0000057
0.0000038
0.0000037
0.0000044
0.0000009
0.0000059
0.0000017
0.0000048
0.0000031
0.0000061
0.0000064
0.0000018
0.0000027
0.0000075
0.0000044
0.0000014
0.0000045
0.0000053
0.0000035
0.0000055
0.0000042
0.0000026
0.0000030
0.0000063
0.0000042
0.0000068
0.0000063
0.0000012
0.0000023
0.0000059
0.0000038
0.0000021
0.0000049
0.0000022
0.0000036
0.0000035
0.0000057
0.0000036
0.0000056
0.0000056
0.0000027
0.0000039
0.0000025
0.0000043
0.0000018
0.0000032
0.0000009
0.0000026
0.0000029
0.0000041
0.0000061
0.0000016
0.0000031
0.0000051
0.0000016
0.0000023
0.0000024
0.0000028
0.0000026
0.0000028
0.0000039
0.0000037
0.0000037
0.0000020
0.0000018
0.0000013
0.0000024
0.0000032
0.0000031
0.0000030
0.0000035
0.0000046
0.0000018
0.0000029
0.0000015
0.0000026
0.0000025
0.0000026
0.0000033
0.0000058
0.0000041
0.0000015
0.0000026
0.0000048
0.0000028
0.0000040
0.0000034
0.0000032
0.0000018
0.0000013
0.0000052
0.0000030
0.0000023
0.0000022
0.0000014
0.0000020
0.0000074
0.0000063
0.0000017
0.0000012
0.0000035
0.0000011
0.0000032
0.0000030
0.0000026
0.0000032
0.0000037
0.0000040
0.0000039
0.0000023
0.0000009
0.0000021
0.0000031
0.0000021
0.0000031
0.0000032
0.0000012
0.0000011
0.0000038
