272.9811639
10.5745722
0.0016843
0.0014270
0.0007795
0.0006227
0.0004850
0.0004658
0.0004266
0.0003412
0.0003707
0.0002575
0.0002726
0.0002577
0.0002531
0.0001875
0.0001913
0.0001739
0.0001827
0.0001338
0.0001522
0.0001229
0.0001270
0.0001157
0.0001232
0.0000980
0.0001092
0.0000852
0.0000878
0.0000996
0.0001082
0.0000950
0.0000617
0.0000879
0.0000767
0.0000755
0.0000772
0.0000730
0.0000691
0.0000645
0.0000710
0.0000664
0.0000605
0.0000674
0.0000639
0.0000552
0.0000585
0.0000476
0.0000556
0.0000601
0.0000581
0.0000475
0.0000571
0.0000463
0.0000446
0.0000411
0.0000527
0.0000436
0.0000437
0.0000366
0.0000417
0.0000532
0.0000350
0.0000512
0.0000347
0.0000350
0.0000391
0.0000405
0.0000354
0.0000371
0.0000406
0.0000372
0.0000361
0.0000316
0.0000362
0.0000299
0.0000307
0.0000328
0.0000300
0.0000371
0.0000404
0.0000322
0.0000292
0.0000313
0.0000348
0.0000294
0.0000318
0.0000272
0.0000315
0.0000215
0.0000304
0.0000252
0.0000300
0.0000299
0.0000265
0.0000229
0.0000338
0.0000251
0.0000196
0.0000288
0.0000280
0.0000257
0.0000320
0.0000241
0.0000248
0.0000215
0.0000302
0.0000274
0.0000278
0.0000276
0.0000225
0.0000220
0.0000245
0.0000250
0.0000203
0.0000268
0.0000205
0.0000224
0.0000217
0.0000248
0.0000189
0.0000251
0.0000232
0.0000170
0.0000201
0.0000166
0.0000227
0.0000175
0.0000209
0.0000184
0.0000198
0.0000219
0.0000236
0.0000241
0.0000154
0.0000185
0.0000191
0.0000163
0.0000161
0.0000186
0.0000190
0.0000181
0.0000151
0.0000198
0.0000199
0.0000181
0.0000169
0.0000187
0.0000132
0.0000141
0.0000174
0.0000165
0.0000161
0.0000151
0.0000206
0.0000133
0.0000166
0.0000139
0.0000154
0.0000154
0.0000185
0.0000159
0.0000184
0.0000181
0.0000134
0.0000150
0.0000200
0.0000166
0.0000198
0.0000140
0.0000167
0.0000155
0.0000129
0.0000182
0.0000164
0.0000156
0.0000160
0.0000124
0.0000133
0.0000220
0.0000211
0.0000119
0.0000154
0.0000151
0.0000127
0.0000138
0.0000125
0.0000134
0.0000175
0.0000170
0.0000169
0.0000158
0.0000121
0.0000138
0.0000141
0.0000156
0.0000108
0.0000141
0.0000142
0.0000124
0.0000114
0.0000117
