0.9999752
0.9999628
0.9994669
0.9956732
0.9694644
0.8406025
0.6721919
0.5242499
0.4345648
0.3692413
0.3184478
0.2757005
0.2389784
0.2134391
0.1893380
0.1730474
0.1604761
0.1485247
0.1400074
0.1337590
0.1268783
0.1233449
0.1189809
0.1149640
0.1127820
0.1095338
0.1067444
0.1044508
0.1021572
0.1006075
0.0982767
0.0982271
0.0955988
0.0962435
0.0940243
0.0926358
0.0924126
0.0904042
0.0898835
0.0888049
0.0874163
0.0868212
0.0864741
0.0853955
0.0848376
0.0828168
0.0845276
0.0821225
0.0815026
0.0817506
0.0802256
0.0796305
0.0784776
0.0778949
0.0786759
0.0772750
0.0777089
0.0774485
0.0758244
0.0764691
0.0758121
0.0747211
0.0749194
0.0745227
0.0740764
0.0733945
0.0720431
0.0717704
0.0712869
0.0721051
0.0708530
0.0700099
0.0701091
0.0684478
0.0689189
0.0686958
0.0694644
0.0668113
0.0676172
0.0672700
0.0666625
0.0666253
0.0658939
0.0657203
0.0654228
0.0651748
0.0648029
0.0638730
0.0641706
0.0637119
0.0635879
0.0639474
0.0627449
0.0623729
0.0624597
0.0617902
0.0619514
0.0624349
0.0612075
0.0613439
0.0599430
0.0594347
