0.9999445
0.9999276
0.9992577
0.9951806
0.9683551
0.8376894
0.6677834
0.5200638
0.4312898
0.3662440
0.3148230
0.2714608
0.2350275
0.2091531
0.1849810
0.1681524
0.1558930
0.1433949
0.1347543
0.1284135
0.1216779
0.1175265
0.1125657
0.1084060
0.1066986
0.1025799
0.1006786
0.0984088
0.0956460
0.0947726
0.0924586
0.0922461
0.0889883
0.0900801
0.0869249
0.0852151
0.0866676
0.0838296
0.0829011
0.0820349
0.0806623
0.0801480
0.0795391
0.0783774
0.0787812
0.0770788
0.0778962
0.0750615
0.0746299
0.0747885
0.0722805
0.0726859
0.0712572
0.0713388
0.0714701
0.0703322
0.0707892
0.0708613
0.0692356
0.0699001
0.0692606
0.0675064
0.0678011
0.0668607
0.0662558
0.0654006
0.0652539
0.0643345
0.0629636
0.0642764
0.0630236
0.0632971
0.0630719
0.0614906
0.0615093
0.0619705
0.0616233
0.0600204
0.0598386
0.0600472
0.0600274
0.0596212
0.0588389
0.0589897
0.0592748
0.0582793
0.0573376
0.0567323
0.0574715
0.0571004
0.0568719
0.0565646
0.0555251
0.0554179
0.0560086
0.0550356
0.0550226
0.0558417
0.0539878
0.0537483
0.0527054
0.0517949
