0.0000496
0.0000568
0.0003375
0.0007947
0.0017898
0.0047000
0.0071128
0.0067540
0.0052840
0.0048358
0.0058483
0.0068403
0.0063745
0.0069150
0.0070296
0.0078976
0.0073943
0.0082764
0.0084754
0.0086245
0.0083903
0.0093875
0.0103503
0.0105807
0.0098151
0.0112195
0.0097865
0.0097481
0.0105052
0.0094140
0.0093870
0.0096499
0.0106654
0.0099440
0.0114542
0.0119726
0.0092690
0.0106075
0.0112654
0.0109227
0.0108969
0.0107666
0.0111889
0.0113230
0.0097714
0.0092577
0.0106993
0.0113922
0.0110885
0.0112327
0.0128187
0.0112046
0.0116494
0.0105777
0.0116259
0.0112015
0.0111643
0.0106280
0.0106304
0.0105985
0.0105701
0.0116401
0.0114847
0.0123619
0.0126178
0.0128974
0.0109538
0.0119972
0.0134289
0.0126309
0.0126320
0.0108305
0.0113539
0.0112248
0.0119547
0.0108506
0.0126509
0.0109564
0.0125499
0.0116534
0.0107052
0.0113006
0.0113826
0.0108592
0.0099191
0.0111253
0.0120446
0.0115209
0.0108084
0.0106670
0.0108357
0.0119115
0.0116484
0.0112213
0.0104083
0.0108979
0.0111790
0.0106375
0.0116485
0.0122548
0.0116772
0.0123260
