1.0000059
0.9999980
0.9996761
0.9961658
0.9705737
0.8435156
0.6766004
0.5284361
0.4378399
0.3722385
0.3220726
0.2799401
0.2429294
0.2177251
0.1936949
0.1779423
0.1650591
0.1536545
0.1452605
0.1391045
0.1320786
0.1291634
0.1253961
0.1215220
0.1188655
0.1164878
0.1128101
0.1104927
0.1086684
0.1064423
0.1040948
0.1042082
0.1022093
0.1024069
0.1011237
0.1000565
0.0981576
0.0969788
0.0968658
0.0955748
0.0941703
0.0934944
0.0934091
0.0924135
0.0908940
0.0885547
0.0911591
0.0891834
0.0883753
0.0887126
0.0881708
0.0865752
0.0856979
0.0844510
0.0858817
0.0842178
0.0846286
0.0840358
0.0824133
0.0830382
0.0823635
0.0819357
0.0820377
0.0821847
0.0818970
0.0813884
0.0788324
0.0792063
0.0796102
0.0799338
0.0786823
0.0767228
0.0771463
0.0754050
0.0763285
0.0754210
0.0773055
0.0736022
0.0753957
0.0744928
0.0732977
0.0736295
0.0729489
0.0724509
0.0715707
0.0720703
0.0722682
0.0710138
0.0708697
0.0703234
0.0703039
0.0713302
0.0699646
0.0693280
0.0689108
0.0685448
0.0688802
0.0690281
0.0684273
0.0689395
0.0671806
0.0670744
