0.9999200
0.9999520
0.8396242
0.8607837
0.8148741
0.7897001
0.7739624
0.7673011
0.7606477
0.7568812
0.7476849
0.7412075
0.7364494
0.7316993
0.7264134
0.7198561
0.7151379
0.7148501
0.7074050
0.7028469
0.7012235
0.6984246
0.6927869
0.6880608
0.6901399
0.6842543
0.6847661
0.6820152
0.6791923
0.6814794
0.6787605
0.6778089
0.6746661
0.6761855
0.6722511
0.6724910
0.6712915
0.6697321
0.6692363
0.6678848
0.6670132
0.6651339
0.6650140
0.6637345
0.6617753
0.6618393
0.6625510
0.6584326
0.6579288
0.6589364
0.6594402
0.6549860
0.6559616
0.6526110
0.6520912
0.6499560
0.6531387
0.6492123
0.6505878
0.6468533
0.6478289
0.6494442
0.6455018
0.6442703
0.6427029
0.6417193
0.6429668
0.6432067
0.6410076
0.6416953
0.6400160
0.6341783
0.6374250
0.6331867
0.6346102
0.6313315
0.6353139
0.6306198
0.6295802
0.6295162
0.6295242
0.6274210
0.6262615
0.6285886
0.6289644
0.6240544
0.6262215
0.6235106
0.6223031
0.6223511
0.6214714
0.6212715
0.6182087
0.6177609
0.6202079
0.6126669
0.6194002
0.6139384
0.6132587
0.6163695
0.6135866
0.6148101
0.6166174
0.6140424
0.6121951
0.6123870
0.6137225
0.6103319
0.6102199
0.6066613
0.6077489
0.6054458
0.6069332
0.6074450
0.6020952
0.6007837
0.6029988
0.6048141
0.6010716
0.5990804
0.6011036
0.6014074
0.5956417
0.5983127
0.5953699
0.5944662
0.5950500
0.5926989
0.5901799
0.5931547
0.5903239
0.5906357
0.5932747
0.5909556
0.5871811
0.5898281
0.5913555
0.5873331
0.5848461
0.5866933
0.5837585
0.5838065
0.5796721
0.5868373
0.5840224
0.5844862
0.5781767
0.5824150
0.5789284
0.5795282
0.5787125
0.5770572
0.5741064
0.5710596
0.5757697
0.5783447
0.5733786
0.5734906
0.5722831
0.5710756
0.5723231
0.5714434
0.5712995
0.5734186
0.5683007
0.5706277
0.5671731
0.5703639
0.5711955
0.5680848
0.5668852
0.5677729
0.5644062
0.5665254
0.5644382
0.5618473
0.5643023
0.5593842
0.5614554
0.5618073
0.5636865
0.5591603
0.5606557
0.5586086
0.5569532
0.5548820
0.5485166
0.5490764
0.5555778
0.5582887
0.5538265
0.5479568
0.5516114
0.5538505
0.5522271
0.5493003
0.5429828
0.5433187
0.5495482
0.5490044
0.5463575
0.5385446
