0.9998979
0.9999005
0.7024629
0.7568288
0.6894205
0.6524668
0.6320075
0.6262232
0.6197063
0.6154877
0.6121682
0.6049735
0.6020116
0.5969927
0.5944385
0.5916404
0.5871658
0.5851656
0.5814155
0.5780229
0.5777267
0.5754062
0.5720010
0.5688348
0.5696429
0.5661818
0.5659337
0.5645722
0.5630357
0.5643140
0.5618092
0.5614688
0.5591422
0.5599357
0.5579622
0.5573138
0.5566512
0.5544276
0.5543417
0.5527502
0.5526608
0.5512024
0.5518023
0.5514315
0.5501827
0.5500637
0.5499715
0.5451174
0.5456380
0.5467586
0.5464301
0.5448373
0.5437613
0.5414478
0.5418474
0.5399829
0.5434138
0.5411075
0.5407175
0.5369414
0.5384429
0.5388412
0.5360115
0.5344463
0.5330674
0.5332926
0.5338157
0.5342758
0.5319591
0.5328556
0.5317017
0.5263703
0.5292864
0.5258326
0.5271644
0.5237363
0.5284756
0.5253096
0.5225498
0.5212007
0.5228598
0.5214819
0.5198606
0.5222159
0.5219935
0.5194054
0.5205221
0.5177844
0.5182307
0.5193128
0.5164861
0.5181169
0.5149684
0.5119515
0.5140515
0.5119014
0.5153545
0.5104505
0.5123469
0.5144026
0.5134133
0.5132243
0.5120950
0.5119227
0.5094740
0.5103163
0.5116350
0.5107328
0.5060793
0.5065778
0.5087947
0.5054006
0.5099376
0.5061296
0.5030506
0.5023941
0.5050708
0.5044951
0.5021302
0.5015910
0.5037307
0.5019615
0.4981737
0.5002295
0.4996956
0.5013801
0.4988227
0.4976393
0.4928938
0.4960555
0.4962423
0.4979386
0.4970606
0.4971709
0.4927346
0.4938958
0.4942500
0.4938168
0.4910330
0.4946423
0.4891806
0.4892891
0.4876515
0.4931760
0.4890459
0.4906240
0.4866829
0.4912743
0.4868506
0.4876047
0.4881976
0.4861128
0.4810863
0.4828944
0.4840021
0.4848223
0.4813895
0.4810714
0.4828048
0.4820731
0.4813685
0.4816907
0.4791694
0.4805662
0.4795217
0.4785906
0.4787987
0.4807347
0.4831505
0.4782644
0.4781417
0.4771629
0.4765470
0.4757834
0.4744205
0.4714403
0.4740480
0.4682996
0.4694960
0.4718010
0.4738312
0.4695682
0.4704573
0.4712829
0.4679937
0.4680352
0.4607860
0.4642148
0.4666542
0.4722538
0.4685906
0.4610224
0.4645704
0.4674522
0.4632825
0.4606363
0.4557943
0.4595643
0.4620094
0.4607315
0.4608913
0.4546521
