0.0000253
0.0000588
0.1564806
0.1185971
0.1431238
0.1565628
0.1619495
0.1609489
0.1607932
0.1613090
0.1546044
0.1554227
0.1533735
0.1536802
0.1505638
0.1462750
0.1459971
0.1479506
0.1437353
0.1424055
0.1408915
0.1403457
0.1377986
0.1360191
0.1374691
0.1347031
0.1355701
0.1339850
0.1325174
0.1336683
0.1334241
0.1327267
0.1317956
0.1326237
0.1303866
0.1314001
0.1307875
0.1315453
0.1310777
0.1313515
0.1304590
0.1299789
0.1291577
0.1281210
0.1273105
0.1275192
0.1284365
0.1292758
0.1281072
0.1279782
0.1289277
0.1256632
0.1280038
0.1268206
0.1257717
0.1254630
0.1251798
0.1233314
0.1253456
0.1253930
0.1247931
0.1261816
0.1249121
0.1252928
0.1250777
0.1236988
0.1245251
0.1242739
0.1244081
0.1241699
0.1235704
0.1229929
0.1233701
0.1224750
0.1225796
0.1227501
0.1218866
0.1201432
0.1221057
0.1235719
0.1216882
0.1208607
0.1213876
0.1213554
0.1220379
0.1193889
0.1205872
0.1206179
0.1187311
0.1175513
0.1197726
0.1176841
0.1177818
0.1207128
0.1211086
0.1149585
0.1187007
0.1180643
0.1151254
0.1163290
0.1142828
0.1158942
0.1192445
0.1165033
0.1171895
0.1164476
0.1164666
0.1136277
0.1188089
0.1141804
0.1128920
0.1141367
0.1106576
0.1155858
0.1129951
0.1122479
0.1117212
0.1144490
0.1128774
0.1112209
0.1110879
0.1134530
0.1111965
0.1118983
0.1091501
0.1061974
0.1097810
0.1084489
0.1109890
0.1107757
0.1073330
0.1057537
0.1097660
0.1069944
0.1077494
0.1094444
0.1107829
0.1066881
0.1070267
0.1050165
0.1078992
0.1078303
0.1049819
0.1068536
0.1083540
0.1070827
0.1043808
0.1039780
0.1050471
0.1048710
0.1032640
0.1037539
0.1061220
0.1005833
0.1046931
0.1066951
0.1049460
0.1054365
0.1020813
0.1015385
0.1037656
0.1023944
0.1051067
0.1059308
0.1012836
0.1050006
0.1008221
0.1022536
0.1004462
0.1024717
0.1012432
0.1033725
0.1002343
0.1035231
0.1026968
0.1031409
0.1029666
0.1039141
0.1049120
0.1026838
0.1025116
0.1022112
0.1029030
0.0996255
0.1014895
0.0990794
0.1000875
0.0968144
0.1014485
0.0981530
0.0972414
0.0991792
0.0993008
0.0985676
0.1014725
0.1011524
0.0994691
0.0955512
0.0998687
0.1007062
0.0975041
0.0957088
