0.9999422
1.0000035
0.9767854
0.9647386
0.9403276
0.9269334
0.9159174
0.9083790
0.9015892
0.8982748
0.8832017
0.8774416
0.8708872
0.8664060
0.8583884
0.8480718
0.8431101
0.8445345
0.8333946
0.8276708
0.8247203
0.8214431
0.8135727
0.8072868
0.8106370
0.8023268
0.8035985
0.7994582
0.7953490
0.7986449
0.7957118
0.7941489
0.7901901
0.7924353
0.7865400
0.7876682
0.7859318
0.7850366
0.7841309
0.7830195
0.7813655
0.7790655
0.7782257
0.7760375
0.7733678
0.7736148
0.7751305
0.7717479
0.7702197
0.7711142
0.7724504
0.7651347
0.7681619
0.7637741
0.7623349
0.7599292
0.7628637
0.7573171
0.7604580
0.7567651
0.7572149
0.7600473
0.7549921
0.7540943
0.7523384
0.7501461
0.7521179
0.7521376
0.7500561
0.7505350
0.7483302
0.7419863
0.7455637
0.7405408
0.7420559
0.7389267
0.7421522
0.7359299
0.7366105
0.7378317
0.7361886
0.7333601
0.7326624
0.7349612
0.7359354
0.7287034
0.7319209
0.7292368
0.7263755
0.7253893
0.7264567
0.7244261
0.7214490
0.7235703
0.7263643
0.7134325
0.7234460
0.7174264
0.7141705
0.7183363
0.7137598
0.7163958
0.7211398
0.7161620
0.7149163
0.7144578
0.7158100
0.7099309
0.7143605
0.7067448
0.7067031
0.7054910
0.7039289
0.7087605
0.7011397
0.6991733
0.7009268
0.7051330
0.7000129
0.6965698
0.6984764
0.7008534
0.6931098
0.6963959
0.6910441
0.6875523
0.6912773
0.6877585
0.6874661
0.6902539
0.6844054
0.6833329
0.6894888
0.6847404
0.6816277
0.6857603
0.6884609
0.6808493
0.6786591
0.6787443
0.6783363
0.6783239
0.6716928
0.6804986
0.6789989
0.6783484
0.6696706
0.6735557
0.6710063
0.6714517
0.6692274
0.6680015
0.6671264
0.6592247
0.6675373
0.6718670
0.6653678
0.6659098
0.6617613
0.6600780
0.6632776
0.6611961
0.6634296
0.6662711
0.6570797
0.6626649
0.6555476
0.6599930
0.6592405
0.6579052
0.6556288
0.6583829
0.6522655
0.6572674
0.6544559
0.6522543
0.6545565
0.6504689
0.6534148
0.6518136
0.6535419
0.6487524
0.6508542
0.6459342
0.6459127
0.6417289
0.6362472
0.6339380
0.6445013
0.6443236
0.6390623
0.6348913
0.6386523
0.6402487
0.6411717
0.6379643
0.6301713
0.6270730
0.6370870
0.6372772
0.6318236
0.6224371
