272.5862212
10.9621722
0.0013064
0.0012791
0.0012629
0.0012581
0.0012647
0.0012837
0.0013131
0.0013538
0.0014065
0.0014709
0.0015477
0.0016378
0.0017439
0.0018666
0.0020073
0.0021700
0.0023556
0.0025663
0.0028064
0.0030792
0.0033901
0.0037438
0.0041511
0.0046149
0.0051466
0.0057568
0.0064576
0.0072647
0.0081989
0.0092823
0.0105407
0.0120059
0.0137168
0.0157198
0.0180728
0.0208465
0.0241131
0.0279704
0.0325438
0.0379472
0.0443391
0.0518571
0.0606639
0.0709161
0.0826928
0.0960267
0.1107892
0.1266573
0.1430910
0.1593095
0.1743900
0.1873814
0.1975446
0.2046019
0.2087838
0.2108190
0.2117375
0.2125624
0.2140470
0.2165409
0.2199868
0.2240758
0.2283611
0.2324256
0.2359529
0.2386853
0.2404480
0.2411742
0.2408440
0.2394641
0.2370684
0.2337191
0.2294952
0.2244871
0.2187784
0.2124957
0.2057593
0.1986811
0.1913777
0.1839613
0.1765375
0.1691823
0.1619903
0.1550282
0.1483231
0.1419283
0.1358497
0.1300989
0.1246743
0.1195580
0.1147523
0.1102430
0.1059954
0.1020090
0.0982540
0.0947173
0.0913925
0.0882613
0.0853085
0.0825208
0.0798857
0.0773851
0.0750129
0.0727675
0.0706344
0.0686005
0.0666723
0.0648314
0.0630755
0.0613977
0.0597924
0.0582531
0.0567825
0.0553663
0.0540038
0.0527029
0.0514433
0.0502327
0.0490681
0.0479398
0.0468526
0.0458029
0.0447885
0.0438129
0.0428698
0.0419564
0.0410708
0.0402191
0.0393946
0.0385937
0.0378213
0.0370743
0.0363487
0.0356461
0.0349670
0.0343100
0.0336705
0.0330490
0.0324515
0.0318724
0.0313091
0.0307662
0.0302345
0.0297187
0.0292186
0.0287326
0.0282622
0.0278050
0.0273622
0.0269280
0.0265066
0.0260970
0.0256991
0.0253131
0.0249374
0.0245713
0.0242138
0.0238676
0.0235276
0.0231967
0.0228736
0.0225602
0.0222553
0.0219557
0.0216643
0.0213782
0.0211021
0.0208277
0.0205625
0.0203023
0.0200490
0.0198017
0.0195610
0.0193256
0.0190969
0.0188680
0.0186477
0.0184315
0.0182179
0.0180098
0.0178087
0.0176102
0.0174157
0.0172263
0.0170425
0.0168593
0.0166778
0.0165038
0.0163308
0.0161625
0.0159982
0.0158353
0.0156743
0.0155173
0.0153641
0.0152132
0.0150674
0.0149228
0.0147812
0.0146393
