272.1898312
10.8835470
0.0011800
0.0011643
0.0011577
0.0011604
0.0011726
0.0011953
0.0012262
0.0012658
0.0013146
0.0013719
0.0014394
0.0015162
0.0016061
0.0017093
0.0018253
0.0019606
0.0021122
0.0022829
0.0024770
0.0026950
0.0029413
0.0032209
0.0035410
0.0039038
0.0043165
0.0047872
0.0053238
0.0059392
0.0066476
0.0074664
0.0084119
0.0095055
0.0107754
0.0122525
0.0139794
0.0160032
0.0183792
0.0211769
0.0244895
0.0284072
0.0330633
0.0385863
0.0451448
0.0529265
0.0621149
0.0728923
0.0853764
0.0995204
0.1150863
0.1315593
0.1481143
0.1637245
0.1773109
0.1879845
0.1951229
0.1986251
0.1990810
0.1977710
0.1962450
0.1956989
0.1967044
0.1993104
0.2031981
0.2079372
0.2131012
0.2182967
0.2231461
0.2273736
0.2307139
0.2328282
0.2328467
0.2290245
0.2223361
0.2145932
0.2063861
0.1979979
0.1896004
0.1813055
0.1732137
0.1653954
0.1578763
0.1507001
0.1438635
0.1373888
0.1312532
0.1254686
0.1200055
0.1148605
0.1100206
0.1054622
0.1011857
0.0971645
0.0933906
0.0898560
0.0865360
0.0834147
0.0804932
0.0777524
0.0751765
0.0727557
0.0704815
0.0683278
0.0662969
0.0643805
0.0625666
0.0608381
0.0592048
0.0576461
0.0561595
0.0547460
0.0533931
0.0520931
0.0508511
0.0496570
0.0485101
0.0474093
0.0463474
0.0453248
0.0443453
0.0433940
0.0424764
0.0415833
0.0407244
0.0399011
0.0391083
0.0383371
0.0375874
0.0368686
0.0361737
0.0354998
0.0348489
0.0342214
0.0336089
0.0330163
0.0324467
0.0318923
0.0313539
0.0308276
0.0303237
0.0298339
0.0293538
0.0288929
0.0284394
0.0280020
0.0275746
0.0271586
0.0267556
0.0263619
0.0259779
0.0256030
0.0252404
0.0248832
0.0245373
0.0241992
0.0238687
0.0235488
0.0232324
0.0229252
0.0226232
0.0223278
0.0220369
0.0217556
0.0214780
0.0212038
0.0209331
0.0206672
0.0204113
0.0201519
0.0199020
0.0196549
0.0194137
0.0191765
0.0189440
0.0187122
0.0184864
0.0182621
0.0180422
0.0178269
0.0176145
0.0174043
0.0172031
0.0170033
0.0168063
0.0166146
0.0164264
0.0162389
0.0160549
0.0158755
0.0156999
0.0155262
0.0153608
0.0151944
0.0150302
0.0148689
0.0147137
0.0145576
0.0144097
0.0142641
0.0141211
0.0139773
