0.0013464
0.0012808
0.1251878
0.0663310
0.0322923
0.0207134
0.0156280
0.0157050
0.0125556
0.0120618
0.0091255
0.0100456
0.0083072
0.0086947
0.0084363
0.0068807
0.0068701
0.0062417
0.0077739
0.0067250
0.0057864
0.0057793
0.0061131
0.0049726
0.0051610
0.0054187
0.0051834
0.0054153
0.0050363
0.0056884
0.0045090
0.0065949
0.0041963
0.0049218
0.0050421
0.0042567
0.0044800
0.0038645
0.0040486
0.0040945
0.0043870
0.0038587
0.0042454
0.0035695
0.0043397
0.0043898
0.0039100
0.0040821
0.0036086
0.0032995
0.0043547
0.0035372
0.0035941
0.0040241
0.0038912
0.0036868
0.0033171
0.0035462
0.0032116
0.0034105
0.0035763
0.0036290
0.0030339
0.0032941
0.0030029
0.0036553
0.0037688
0.0033131
0.0036592
0.0042280
0.0029086
0.0030373
0.0037598
0.0030180
0.0034152
0.0031901
0.0031353
0.0029476
0.0035079
0.0032414
0.0028981
0.0028650
0.0028943
0.0030589
0.0032309
0.0027996
0.0028724
0.0033236
0.0028977
0.0031670
0.0028503
0.0030090
0.0028020
0.0028346
0.0028384
0.0027991
0.0034603
0.0031475
0.0031658
0.0029330
0.0031322
0.0028432
0.0029107
0.0030145
0.0029407
0.0029495
0.0030002
0.0032480
0.0028212
0.0029833
0.0028585
0.0030073
0.0026899
0.0027289
0.0027359
0.0027135
0.0026319
0.0026299
0.0026722
0.0027684
0.0032264
0.0023918
0.0026121
0.0028573
0.0026622
0.0026688
0.0026098
0.0024547
0.0025255
0.0029915
0.0025687
0.0030016
0.0024982
0.0023232
0.0024541
0.0025130
0.0023324
0.0025500
0.0026822
0.0028244
0.0024666
0.0023854
0.0028368
0.0024069
0.0023103
0.0027904
0.0023069
0.0026872
0.0022989
0.0022292
0.0025655
0.0027543
0.0022294
0.0022433
0.0022824
0.0026816
0.0028590
0.0022856
0.0023103
0.0026176
0.0024161
0.0022740
0.0024952
0.0027300
0.0022619
0.0023994
0.0023171
0.0023558
0.0021679
0.0026356
0.0022475
0.0021873
0.0022774
0.0022893
0.0022123
0.0023333
0.0023614
0.0023448
0.0022794
0.0024599
0.0023129
0.0026083
0.0020782
0.0023617
0.0022125
0.0024805
0.0022684
0.0028498
0.0023468
0.0021672
0.0023273
0.0024963
0.0022963
0.0023106
0.0019943
0.0026104
0.0021621
0.0022759
0.0025538
0.0023508
0.0023763
0.0021659
