0.0012027
0.0011445
0.0957246
0.0401641
0.0218477
0.0163929
0.0131007
0.0138133
0.0101901
0.0096262
0.0083905
0.0092487
0.0078623
0.0067869
0.0069304
0.0060699
0.0063741
0.0055598
0.0054387
0.0060095
0.0052370
0.0052014
0.0046843
0.0043431
0.0043987
0.0045967
0.0049089
0.0050131
0.0043510
0.0038625
0.0040874
0.0031481
0.0038002
0.0043111
0.0044592
0.0040779
0.0036754
0.0036360
0.0035725
0.0037965
0.0035580
0.0036143
0.0034000
0.0031854
0.0035969
0.0037554
0.0032328
0.0036934
0.0032722
0.0031122
0.0033653
0.0033606
0.0031558
0.0033378
0.0030189
0.0031096
0.0030544
0.0031645
0.0030909
0.0030157
0.0032559
0.0026755
0.0028087
0.0029638
0.0027253
0.0029026
0.0030414
0.0029184
0.0030092
0.0028996
0.0026499
0.0028215
0.0031955
0.0028331
0.0026861
0.0027076
0.0029181
0.0026494
0.0024118
0.0029144
0.0027131
0.0026070
0.0025007
0.0027557
0.0028775
0.0025171
0.0026514
0.0028821
0.0026035
0.0030445
0.0026581
0.0025071
0.0025867
0.0024740
0.0025934
0.0025461
0.0026510
0.0027865
0.0027351
0.0026923
0.0026246
0.0026283
0.0025631
0.0024666
0.0025329
0.0025510
0.0027359
0.0022109
0.0024441
0.0026170
0.0022830
0.0026300
0.0023919
0.0023956
0.0025199
0.0024347
0.0024094
0.0023590
0.0023988
0.0024250
0.0023228
0.0022265
0.0023390
0.0021564
0.0023724
0.0024343
0.0023231
0.0022756
0.0023499
0.0022399
0.0022984
0.0021414
0.0022594
0.0020863
0.0022421
0.0023358
0.0021353
0.0022326
0.0025148
0.0025588
0.0022295
0.0020740
0.0023880
0.0021318
0.0021166
0.0022257
0.0021029
0.0022883
0.0021766
0.0020798
0.0023327
0.0023777
0.0020749
0.0020851
0.0020034
0.0023706
0.0017868
0.0021279
0.0020606
0.0022644
0.0021205
0.0020733
0.0022904
0.0021689
0.0019987
0.0022330
0.0020208
0.0019680
0.0019968
0.0022981
0.0020082
0.0020515
0.0019981
0.0019943
0.0019639
0.0021079
0.0020634
0.0020574
0.0020322
0.0021221
0.0021246
0.0021020
0.0018765
0.0021149
0.0018846
0.0023225
0.0021119
0.0016685
0.0020623
0.0020293
0.0021077
0.0023371
0.0019426
0.0019191
0.0018093
0.0021622
0.0019735
0.0020067
0.0022428
0.0020964
0.0021901
0.0018925
