0.0001639
0.0001555
0.0336130
0.0298525
0.0119157
0.0049290
0.0028832
0.0021581
0.0026987
0.0027786
0.0008384
0.0009091
0.0005075
0.0021765
0.0017181
0.0009250
0.0005659
0.0007780
0.0026641
0.0008164
0.0006268
0.0006593
0.0016300
0.0007181
0.0008697
0.0009377
0.0003132
0.0004588
0.0007818
0.0020830
0.0004810
0.0039322
0.0004519
0.0006968
0.0006650
0.0002039
0.0009179
0.0002607
0.0005432
0.0003399
0.0009457
0.0002788
0.0009644
0.0004382
0.0008474
0.0007237
0.0007726
0.0004435
0.0003838
0.0002137
0.0011287
0.0002016
0.0005000
0.0007830
0.0009952
0.0006586
0.0002997
0.0004355
0.0001378
0.0004504
0.0003655
0.0010878
0.0002569
0.0003768
0.0003167
0.0008587
0.0008298
0.0004502
0.0007416
0.0015156
0.0002952
0.0002462
0.0006438
0.0002109
0.0008317
0.0005505
0.0002478
0.0003402
0.0012505
0.0003731
0.0002111
0.0002943
0.0004491
0.0003459
0.0004032
0.0003223
0.0002522
0.0005037
0.0003357
0.0001397
0.0002192
0.0005725
0.0002456
0.0004114
0.0002795
0.0002886
0.0009233
0.0004118
0.0004914
0.0002747
0.0005791
0.0002453
0.0003965
0.0006251
0.0004652
0.0004546
0.0003015
0.0011831
0.0004302
0.0004178
0.0006566
0.0004304
0.0003400
0.0003803
0.0002464
0.0003181
0.0002539
0.0003091
0.0003119
0.0003918
0.0010309
0.0001886
0.0003116
0.0007997
0.0003307
0.0002675
0.0003270
0.0002043
0.0002003
0.0008574
0.0003083
0.0009814
0.0002725
0.0002703
0.0002419
0.0002022
0.0002248
0.0003622
0.0001910
0.0003031
0.0002706
0.0003553
0.0005120
0.0003138
0.0002210
0.0006443
0.0002327
0.0004551
0.0001395
0.0001705
0.0002656
0.0004297
0.0001762
0.0001804
0.0003183
0.0003549
0.0012232
0.0001800
0.0002848
0.0004030
0.0003372
0.0002290
0.0002337
0.0006401
0.0003003
0.0001899
0.0003380
0.0004424
0.0001952
0.0003851
0.0002729
0.0001549
0.0003186
0.0003366
0.0002834
0.0002571
0.0003400
0.0003278
0.0002820
0.0003854
0.0002149
0.0005777
0.0002301
0.0002815
0.0003741
0.0001802
0.0001786
0.0013477
0.0003246
0.0001573
0.0002505
0.0001816
0.0004035
0.0004466
0.0002111
0.0005114
0.0002152
0.0003072
0.0003548
0.0002902
0.0002124
0.0003119
