0.0014900
0.0014171
0.1546509
0.0924978
0.0427368
0.0250338
0.0181553
0.0175967
0.0149211
0.0144974
0.0098604
0.0108424
0.0087521
0.0106025
0.0099423
0.0076915
0.0073662
0.0069237
0.0101091
0.0074406
0.0063359
0.0063573
0.0075418
0.0056021
0.0059234
0.0062406
0.0054579
0.0058175
0.0057216
0.0075142
0.0049306
0.0100416
0.0045924
0.0055326
0.0056250
0.0044354
0.0052845
0.0040930
0.0045247
0.0043925
0.0052159
0.0041030
0.0050908
0.0039535
0.0050824
0.0050242
0.0045872
0.0044709
0.0039450
0.0034868
0.0053440
0.0037139
0.0040323
0.0047104
0.0047635
0.0042641
0.0035799
0.0039279
0.0033324
0.0038053
0.0038966
0.0045825
0.0032591
0.0036244
0.0032806
0.0044079
0.0044962
0.0037077
0.0043092
0.0055565
0.0031673
0.0032531
0.0043241
0.0032029
0.0041442
0.0036726
0.0033525
0.0032458
0.0046040
0.0035685
0.0030831
0.0031230
0.0032880
0.0033620
0.0035843
0.0030821
0.0030935
0.0037651
0.0031920
0.0032895
0.0030424
0.0035108
0.0030173
0.0031952
0.0030834
0.0030520
0.0042695
0.0035084
0.0035965
0.0031738
0.0036398
0.0030582
0.0032583
0.0035624
0.0033484
0.0033479
0.0032644
0.0042850
0.0031983
0.0033496
0.0034340
0.0033845
0.0029879
0.0030623
0.0029518
0.0029924
0.0028544
0.0029008
0.0029457
0.0031119
0.0041300
0.0025571
0.0028851
0.0035583
0.0029520
0.0029033
0.0028964
0.0026338
0.0027011
0.0037430
0.0028389
0.0038619
0.0027371
0.0025601
0.0026661
0.0026902
0.0025295
0.0028675
0.0028496
0.0030901
0.0027038
0.0026969
0.0032856
0.0026820
0.0025040
0.0033552
0.0025108
0.0030861
0.0024211
0.0023786
0.0027983
0.0031310
0.0023839
0.0024014
0.0025614
0.0029927
0.0039313
0.0024434
0.0025600
0.0029709
0.0027117
0.0024748
0.0027000
0.0032910
0.0025251
0.0025659
0.0026134
0.0027436
0.0023390
0.0029731
0.0024867
0.0023231
0.0025567
0.0025843
0.0024607
0.0025587
0.0026594
0.0026321
0.0025266
0.0027977
0.0025013
0.0031147
0.0022799
0.0026084
0.0025405
0.0026385
0.0024249
0.0040311
0.0026313
0.0023050
0.0025469
0.0026555
0.0026500
0.0027021
0.0021794
0.0030586
0.0023507
0.0025452
0.0028648
0.0026051
0.0025625
0.0024394
