0.9999200
0.9999440
0.9448461
0.8807757
0.8188645
0.7593842
0.7038225
0.6518193
0.6059496
0.5664294
0.5396961
0.5337065
0.5532427
0.5917473
0.6405678
0.7002639
0.7556977
0.7905718
0.8195042
0.8338984
0.8460056
0.8541623
0.8584326
0.8600960
0.8610796
0.8566653
0.8533627
0.8522591
0.8494442
0.8435426
0.8408397
0.8384726
0.8328109
0.8306837
0.8296281
0.8248780
0.8234146
0.8225350
0.8207277
0.8156577
0.8152499
0.8161855
0.8133627
0.8101639
0.8078289
0.8037985
0.8047741
0.8001759
0.8004398
0.7971371
0.7996162
0.7989924
0.7963535
0.7924190
0.7928828
0.7919392
0.7900840
0.7886445
0.7852459
0.7830308
0.7826789
0.7789444
0.7829748
0.7751779
0.7777689
0.7737385
0.7722751
0.7689964
0.7684766
0.7698361
0.7637505
0.7668133
0.7647901
0.7634866
0.7602719
0.7612155
0.7556737
0.7542663
0.7559936
0.7536905
0.7468053
0.7523071
0.7460216
0.7493243
0.7486206
0.7401120
0.7437265
0.7408397
0.7393203
0.7399760
0.7375130
0.7363455
0.7368972
0.7332587
0.7336186
0.7350180
0.7337065
0.7339864
0.7335706
0.7289084
0.7239904
0.7275090
0.7292843
0.7210396
0.7209436
0.7259816
0.7198481
0.7230148
0.7227829
0.7202079
0.7219912
0.7190964
0.7179368
0.7150340
0.7104438
0.7118992
0.7167453
0.7158497
0.7113235
0.7102439
0.7093882
0.7059176
0.7090364
0.7069972
0.7044222
0.7054538
0.7002719
0.7016713
0.7033267
0.6998721
0.6965854
0.7014474
0.6960656
0.6978249
0.6958257
0.6907957
0.6930348
0.6922271
0.6918832
0.6912675
0.6895082
0.6910676
0.6861895
0.6846461
0.6857497
0.6885166
0.6796082
0.6813435
0.6797441
0.6789044
0.6797521
0.6779688
0.6780008
0.6767853
0.6775370
0.6697321
0.6679088
0.6742823
0.6757377
0.6726829
0.6712115
0.6722191
0.6706437
0.6694362
0.6671251
0.6706917
0.6625030
0.6678848
0.6636305
0.6623351
0.6625830
0.6615434
0.6639824
0.6610876
0.6570252
0.6595122
0.6567453
0.6574330
0.6572731
0.6496601
0.6506357
0.6525230
0.6575770
0.6482767
0.6468693
0.6506357
0.6475810
0.6514754
0.6499800
0.6492283
0.6466693
0.6475170
0.6452379
0.6447261
0.6465734
0.6426309
0.6419272
0.6425830
0.6385926
0.6414554
0.6373291
0.6357217
