0.9998979
0.9999083
0.9431523
0.8788131
0.8161668
0.7566308
0.6999070
0.6470423
0.5965286
0.5499744
0.5121393
0.4780839
0.4620848
0.4619862
0.5001882
0.5663250
0.6389892
0.6867301
0.7296674
0.7547680
0.7785232
0.7935572
0.8036904
0.8076695
0.8109452
0.8081198
0.8038394
0.8028892
0.8009144
0.7943975
0.7913705
0.7902230
0.7828166
0.7808824
0.7801570
0.7702338
0.7697249
0.7705219
0.7665949
0.7615096
0.7595115
0.7610812
0.7609895
0.7520713
0.7538387
0.7471856
0.7475569
0.7417529
0.7439613
0.7384895
0.7409504
0.7404355
0.7373558
0.7331711
0.7339481
0.7312857
0.7287267
0.7304337
0.7253565
0.7238905
0.7226244
0.7198001
0.7246862
0.7149393
0.7166340
0.7132296
0.7116329
0.7098092
0.7077185
0.7113926
0.7044433
0.7062659
0.7057516
0.7006458
0.6998436
0.6990697
0.6927642
0.6936869
0.6937362
0.6931125
0.6821964
0.6901835
0.6802301
0.6849360
0.6847923
0.6792040
0.6792430
0.6733001
0.6754450
0.6726133
0.6695795
0.6711936
0.6724858
0.6662651
0.6709296
0.6720985
0.6696428
0.6687788
0.6689449
0.6616704
0.6588933
0.6633411
0.6641937
0.6573381
0.6591917
0.6618675
0.6574446
0.6582694
0.6592804
0.6573058
0.6595887
0.6570002
0.6548593
0.6524363
0.6512021
0.6483003
0.6534548
0.6524396
0.6460442
0.6489699
0.6470634
0.6441175
0.6493630
0.6427923
0.6412879
0.6442578
0.6381167
0.6419772
0.6419054
0.6390409
0.6383085
0.6409059
0.6363700
0.6409231
0.6371432
0.6311506
0.6338613
0.6263463
0.6319652
0.6281873
0.6327311
0.6303854
0.6269726
0.6235875
0.6250909
0.6251828
0.6242420
0.6240704
0.6188787
0.6229341
0.6192622
0.6239370
0.6198323
0.6179545
0.6230372
0.6129645
0.6159366
0.6174682
0.6198699
0.6190125
0.6156743
0.6162068
0.6134632
0.6116964
0.6099490
0.6131601
0.6069719
0.6130343
0.6101331
0.6112820
0.6083664
0.6100676
0.6132299
0.6087067
0.6057078
0.6053356
0.6048458
0.6032073
0.6063772
0.5953872
0.6000376
0.5993874
0.6072650
0.5958703
0.5941083
0.6003699
0.5995351
0.5987184
0.5962941
0.5986470
0.5957034
0.5942926
0.5961650
0.5950243
0.5989879
0.5952587
0.5928994
0.5932812
0.5894566
0.5873338
0.5893826
0.5876857
