0.0000253
0.0000408
0.0019323
0.0022390
0.0030776
0.0031413
0.0044670
0.0054498
0.0107480
0.0187728
0.0314382
0.0634571
0.1039976
0.1480381
0.1601522
0.1528044
0.1331470
0.1184678
0.1024904
0.0902761
0.0769873
0.0691414
0.0624527
0.0598108
0.0571959
0.0553832
0.0564987
0.0563237
0.0553653
0.0560673
0.0564370
0.0550457
0.0570360
0.0568159
0.0564392
0.0623409
0.0612520
0.0593392
0.0617574
0.0617750
0.0635892
0.0628658
0.0597499
0.0662750
0.0615947
0.0645869
0.0652763
0.0666520
0.0644336
0.0669082
0.0669288
0.0668047
0.0673076
0.0675931
0.0672357
0.0691967
0.0699995
0.0664099
0.0683249
0.0674703
0.0685133
0.0674749
0.0664987
0.0687233
0.0697458
0.0690316
0.0691837
0.0675238
0.0693160
0.0666753
0.0676607
0.0690755
0.0673541
0.0716920
0.0689397
0.0708991
0.0717705
0.0691120
0.0710264
0.0691105
0.0737091
0.0708738
0.0750583
0.0734575
0.0728185
0.0694869
0.0735660
0.0770526
0.0728722
0.0768508
0.0775020
0.0743286
0.0734839
0.0764297
0.0715188
0.0717818
0.0730871
0.0743922
0.0737282
0.0767086
0.0742660
0.0732060
0.0742586
0.0726739
0.0704498
0.0731446
0.0711931
0.0738648
0.0724469
0.0717619
0.0711919
0.0708424
0.0719621
0.0714146
0.0675860
0.0725569
0.0722050
0.0723414
0.0744739
0.0699045
0.0711033
0.0705047
0.0680785
0.0732482
0.0720268
0.0698155
0.0709098
0.0681021
0.0700725
0.0693993
0.0664852
0.0690689
0.0681038
0.0649164
0.0669480
0.0680461
0.0675081
0.0751602
0.0683575
0.0719652
0.0647742
0.0692293
0.0675577
0.0696588
0.0692027
0.0722545
0.0631645
0.0653400
0.0694383
0.0638539
0.0690100
0.0616422
0.0663616
0.0671172
0.0621762
0.0647634
0.0592926
0.0648164
0.0637369
0.0612299
0.0633597
0.0639017
0.0652345
0.0658726
0.0652295
0.0656350
0.0633527
0.0625763
0.0610326
0.0582440
0.0618530
0.0587262
0.0579011
0.0597588
0.0585455
0.0618074
0.0592095
0.0618635
0.0580647
0.0619173
0.0577249
0.0606198
0.0573984
0.0597879
0.0601924
0.0573459
0.0548132
0.0601879
0.0612476
0.0577058
0.0581445
0.0607212
0.0559848
0.0567024
0.0542879
0.0540447
0.0559335
0.0562460
0.0560568
0.0617447
0.0546998
0.0548019
