0.9999422
0.9999798
0.9465398
0.8827383
0.8215621
0.7621377
0.7077379
0.6565962
0.6153706
0.5828845
0.5672529
0.5893291
0.6444006
0.7215084
0.7809474
0.8342028
0.8724062
0.8944134
0.9093410
0.9130289
0.9134880
0.9147674
0.9131748
0.9125225
0.9112140
0.9052109
0.9028859
0.9016290
0.8979740
0.8926877
0.8903089
0.8867223
0.8828051
0.8804851
0.8790993
0.8795223
0.8771043
0.8745481
0.8748605
0.8698059
0.8709883
0.8712899
0.8657358
0.8682565
0.8618190
0.8604114
0.8619913
0.8585990
0.8569184
0.8557848
0.8582819
0.8575493
0.8553511
0.8516670
0.8518175
0.8525928
0.8514412
0.8468554
0.8451353
0.8421711
0.8427335
0.8380888
0.8412635
0.8354165
0.8389037
0.8342474
0.8329173
0.8281836
0.8292347
0.8282796
0.8230577
0.8273607
0.8238286
0.8263274
0.8207002
0.8233613
0.8185833
0.8148457
0.8182510
0.8142686
0.8114141
0.8144307
0.8118131
0.8137126
0.8124488
0.8010199
0.8082100
0.8083793
0.8031956
0.8073387
0.8054465
0.8014974
0.8013087
0.8002523
0.7963075
0.7979375
0.7977702
0.7991941
0.7981962
0.7961465
0.7890875
0.7916769
0.7943749
0.7847411
0.7826956
0.7900957
0.7822515
0.7877602
0.7862854
0.7831100
0.7843937
0.7811925
0.7810144
0.7776316
0.7696856
0.7754982
0.7800358
0.7792597
0.7766027
0.7715179
0.7717131
0.7677178
0.7687098
0.7712021
0.7675565
0.7666498
0.7624271
0.7613655
0.7647480
0.7607032
0.7548622
0.7619890
0.7557611
0.7547266
0.7545082
0.7504407
0.7522082
0.7581079
0.7518012
0.7543477
0.7462853
0.7517497
0.7454065
0.7457047
0.7464085
0.7518504
0.7349743
0.7386165
0.7406095
0.7348748
0.7402420
0.7320006
0.7361693
0.7356161
0.7320368
0.7264997
0.7198811
0.7310963
0.7316055
0.7263533
0.7267488
0.7282314
0.7278243
0.7271761
0.7243013
0.7282233
0.7180341
0.7227354
0.7171280
0.7133882
0.7167995
0.7130192
0.7147349
0.7134684
0.7083426
0.7136888
0.7086448
0.7116588
0.7081690
0.7039331
0.7012339
0.7056586
0.7078889
0.7006831
0.6996302
0.7009016
0.6956268
0.7042324
0.7036659
0.6998097
0.6976352
0.7007414
0.6943108
0.6944279
0.6941588
0.6900032
0.6909551
0.6918847
0.6877285
0.6955771
0.6852755
0.6837577
