0.9999411
0.9999705
0.4236299
0.2174425
0.1425457
0.1167943
0.1056276
0.0974367
0.0929876
0.0891573
0.0868002
0.0830583
0.0839423
0.0782852
0.0751915
0.0796700
0.0733648
0.0728344
0.0713612
0.0697113
0.0698880
0.0670301
0.0640247
0.0678845
0.0679140
0.0659988
0.0632882
0.0610784
0.0626105
0.0608427
0.0591927
0.0578963
0.0573365
0.0589275
0.0579847
0.0561285
0.0586918
0.0567472
0.0568356
0.0554213
0.0571597
0.0564526
0.0543017
0.0551562
0.0533883
0.0525633
0.0540660
0.0542428
0.0533294
0.0542722
0.0528580
0.0515321
0.0525044
0.0508839
0.0527401
0.0517384
0.0510018
0.0500884
0.0503241
0.0503241
0.0510312
0.0504714
0.0497938
0.0495580
0.0506777
0.0492929
0.0491456
0.0482911
0.0486741
0.0481438
0.0478197
0.0469947
0.0468768
0.0467295
0.0467590
0.0462876
0.0459045
0.0449912
0.0454626
0.0466411
0.0458161
0.0449028
0.0450206
0.0446965
0.0445787
0.0438126
0.0450206
0.0451385
0.0444019
0.0443724
0.0434590
0.0436948
0.0426341
0.0423689
0.0418091
0.0415144
0.0421037
0.0424573
0.0423100
0.0418680
0.0410136
0.0408368
