0.9998680
0.9999158
0.4190435
0.2124795
0.1365722
0.1116090
0.1005396
0.0925107
0.0884690
0.0850323
0.0834636
0.0790930
0.0801051
0.0751158
0.0724537
0.0751521
0.0705653
0.0705349
0.0672260
0.0667081
0.0671957
0.0633276
0.0610373
0.0637675
0.0631426
0.0613365
0.0597737
0.0580854
0.0586605
0.0579595
0.0571146
0.0554691
0.0541003
0.0544752
0.0535982
0.0532315
0.0543198
0.0525365
0.0532204
0.0528227
0.0539413
0.0523396
0.0505662
0.0511346
0.0503164
0.0488046
0.0505530
0.0508889
0.0502110
0.0503455
0.0492412
0.0483644
0.0481669
0.0468821
0.0489034
0.0484744
0.0480039
0.0466244
0.0469978
0.0467281
0.0469471
0.0464513
0.0462706
0.0458704
0.0461254
0.0451229
0.0452444
0.0447019
0.0445819
0.0440773
0.0440178
0.0432787
0.0430571
0.0428900
0.0425239
0.0422713
0.0420576
0.0413884
0.0416651
0.0423904
0.0419836
0.0411851
0.0407685
0.0408929
0.0409089
0.0401447
0.0405700
0.0410429
0.0405365
0.0401911
0.0393926
0.0395860
0.0392995
0.0391527
0.0388156
0.0382248
0.0385387
0.0382958
0.0382092
0.0384084
0.0375201
0.0376171
