0.0001179
0.0000884
0.0073998
0.0080074
0.0096377
0.0083660
0.0082090
0.0079476
0.0072904
0.0066554
0.0053834
0.0063977
0.0061908
0.0051136
0.0044172
0.0072892
0.0045167
0.0037101
0.0066718
0.0048453
0.0043439
0.0059736
0.0048199
0.0066424
0.0076982
0.0075222
0.0056702
0.0048289
0.0063730
0.0046516
0.0033528
0.0039160
0.0052213
0.0071834
0.0070772
0.0046740
0.0070538
0.0067936
0.0058327
0.0041927
0.0051926
0.0066358
0.0060268
0.0064885
0.0049562
0.0060644
0.0056679
0.0054112
0.0050313
0.0063355
0.0058353
0.0051108
0.0069982
0.0064566
0.0061902
0.0052660
0.0048368
0.0055888
0.0053666
0.0058019
0.0065894
0.0064861
0.0056843
0.0059496
0.0073447
0.0067279
0.0062942
0.0057909
0.0066025
0.0065608
0.0061339
0.0059954
0.0061627
0.0061947
0.0068329
0.0064800
0.0062067
0.0058127
0.0061268
0.0068582
0.0061835
0.0059982
0.0068604
0.0061367
0.0059207
0.0059178
0.0071807
0.0066078
0.0062364
0.0067461
0.0065609
0.0066291
0.0053799
0.0051890
0.0048296
0.0053075
0.0057518
0.0067142
0.0066162
0.0055817
0.0056364
0.0051947
