1.0000141
1.0000253
0.4282164
0.2224056
0.1485192
0.1219797
0.1107156
0.1023626
0.0975062
0.0932824
0.0901369
0.0870237
0.0877794
0.0814546
0.0779293
0.0841879
0.0761642
0.0751340
0.0754965
0.0727144
0.0725804
0.0707325
0.0670122
0.0720015
0.0726853
0.0706611
0.0668026
0.0640714
0.0665605
0.0637258
0.0612708
0.0603235
0.0605727
0.0633798
0.0623712
0.0590254
0.0630638
0.0609579
0.0604507
0.0580200
0.0603781
0.0605655
0.0580372
0.0591777
0.0564602
0.0563221
0.0575790
0.0575966
0.0564478
0.0581990
0.0564747
0.0546998
0.0568420
0.0548858
0.0565769
0.0550023
0.0539997
0.0535524
0.0536504
0.0539202
0.0551154
0.0544916
0.0533169
0.0532457
0.0552300
0.0534628
0.0530467
0.0518803
0.0527664
0.0522102
0.0516215
0.0507107
0.0506965
0.0505690
0.0509940
0.0503039
0.0497515
0.0485939
0.0492600
0.0508919
0.0496487
0.0486205
0.0492728
0.0485001
0.0482484
0.0474805
0.0494713
0.0492340
0.0482672
0.0485537
0.0475255
0.0478035
0.0459686
0.0455850
0.0448025
0.0448041
0.0456687
0.0466188
0.0464107
0.0453276
0.0445071
0.0440565
