0.9999752
0.9999504
0.9993553
0.9982643
0.9969378
0.9955864
0.9942599
0.9934044
0.9923010
0.9911728
0.9900694
0.9890528
0.9879246
0.9870320
0.9859286
0.9850731
0.9841929
0.9833747
0.9824820
0.9818869
0.9808455
0.9799777
0.9790107
0.9779817
0.9771138
0.9761344
0.9749194
0.9740764
0.9731093
0.9718448
0.9709397
0.9700595
0.9691669
0.9683858
0.9674808
0.9665634
0.9655715
0.9645797
0.9635879
0.9625961
0.9615299
0.9607116
0.9596578
0.9587032
0.9577610
0.9568063
0.9557030
0.9547979
0.9538433
0.9531614
0.9519588
0.9509422
0.9498512
0.9488966
0.9479916
0.9471237
0.9464914
0.9453509
0.9442847
0.9431441
0.9421646
0.9413836
0.9404042
0.9393876
0.9382098
0.9373791
0.9364989
0.9354575
0.9344037
0.9335234
0.9325936
0.9316638
0.9307339
0.9295562
0.9284900
0.9274609
0.9267047
0.9256509
0.9245103
0.9234565
0.9224895
0.9216588
0.9206174
0.9195140
0.9186090
0.9175676
0.9167493
0.9158939
0.9151252
0.9141458
0.9131788
0.9120258
0.9108604
0.9099430
0.9088768
0.9079593
0.9069675
0.9061989
0.9053558
0.9044756
0.9033474
0.9022316
