0.0000496
0.0000607
0.0002060
0.0005461
0.0007959
0.0008209
0.0009410
0.0009422
0.0011067
0.0011535
0.0010614
0.0012813
0.0015216
0.0015546
0.0017082
0.0016004
0.0016938
0.0018115
0.0015093
0.0014537
0.0015850
0.0014745
0.0016250
0.0016542
0.0016810
0.0017865
0.0016476
0.0017511
0.0018484
0.0019480
0.0020680
0.0021795
0.0022378
0.0023608
0.0024845
0.0024969
0.0026527
0.0026573
0.0025697
0.0026786
0.0026376
0.0026593
0.0025209
0.0025392
0.0025420
0.0025554
0.0025073
0.0027259
0.0027315
0.0029016
0.0031852
0.0035163
0.0038617
0.0038103
0.0037874
0.0037511
0.0038273
0.0034903
0.0036299
0.0034555
0.0034993
0.0033902
0.0035018
0.0037112
0.0037384
0.0037761
0.0037472
0.0040498
0.0039061
0.0038244
0.0038405
0.0037856
0.0038799
0.0041645
0.0039923
0.0039922
0.0040897
0.0042577
0.0042379
0.0040668
0.0041851
0.0042812
0.0043629
0.0045918
0.0048434
0.0048171
0.0047385
0.0048110
0.0047382
0.0045546
0.0046725
0.0044450
0.0043505
0.0044986
0.0045064
0.0045465
0.0045431
0.0044797
0.0044708
0.0043354
0.0044808
0.0044767
