1.0000059
0.9999881
0.9994830
0.9986028
0.9974310
0.9960952
0.9948431
0.9939884
0.9929870
0.9918877
0.9907273
0.9898470
0.9888677
0.9879955
0.9869874
0.9860651
0.9852427
0.9844974
0.9834175
0.9827880
0.9818279
0.9808916
0.9800179
0.9790070
0.9781557
0.9772417
0.9759406
0.9751617
0.9742550
0.9730522
0.9722215
0.9714104
0.9705539
0.9698490
0.9690207
0.9681109
0.9672157
0.9662267
0.9651806
0.9642563
0.9631647
0.9623599
0.9612203
0.9602770
0.9593365
0.9583902
0.9572570
0.9564875
0.9555363
0.9549598
0.9539330
0.9531216
0.9522448
0.9512582
0.9503390
0.9494487
0.9488637
0.9475141
0.9465345
0.9452858
0.9443335
0.9434848
0.9425746
0.9416878
0.9405268
0.9397196
0.9388214
0.9379676
0.9368247
0.9358938
0.9349740
0.9340101
0.9331388
0.9321374
0.9309644
0.9299353
0.9292395
0.9282898
0.9271370
0.9259771
0.9250834
0.9243124
0.9233216
0.9223600
0.9216110
0.9205532
0.9196863
0.9188757
0.9180620
0.9169688
0.9160748
0.9147808
0.9135569
0.9127312
0.9116698
0.9107773
0.9097834
0.9089754
0.9081269
0.9071627
0.9061246
0.9050063
