0.9999411
1.0000000
0.4353860
0.2299352
0.1548910
0.1238656
0.1030348
0.0959635
0.0896288
0.0858279
0.0816441
0.0793459
0.0768120
0.0747201
0.0751031
0.0738656
0.0724808
0.0708014
0.0692398
0.0676193
0.0663524
0.0653506
0.0645846
0.0636417
0.0628167
0.0617560
0.0614614
0.0605775
0.0595757
0.0589864
0.0583382
0.0576900
0.0571008
0.0563936
0.0563642
0.0557454
0.0553035
0.0545963
0.0546553
0.0535946
0.0527991
0.0520035
0.0523571
0.0522098
0.0518268
0.0512669
0.0515616
0.0513553
0.0507661
0.0502357
0.0500000
0.0494107
0.0488804
0.0481438
0.0480554
0.0476429
0.0471126
0.0467295
0.0462286
0.0458456
0.0454920
0.0451974
0.0459929
0.0459045
0.0456983
0.0456099
0.0462286
0.0463170
0.0462876
0.0461992
0.0462581
0.0459929
0.0451974
0.0448438
0.0451679
0.0451090
0.0447260
0.0445492
0.0447260
0.0444608
0.0441367
0.0438421
0.0439894
0.0436653
0.0432823
0.0429287
0.0427814
0.0427225
0.0424278
0.0424867
0.0427519
0.0426341
0.0423689
0.0421921
0.0422805
0.0422216
0.0421037
0.0417796
0.0416618
0.0413966
0.0409546
0.0408073
