0.9998680
1.0000000
0.4318543
0.2245635
0.1500559
0.1188904
0.0982454
0.0910639
0.0849637
0.0812449
0.0774024
0.0750849
0.0727811
0.0707625
0.0716186
0.0701589
0.0688551
0.0669378
0.0655160
0.0638846
0.0624924
0.0615887
0.0611947
0.0602311
0.0592985
0.0582317
0.0579886
0.0572508
0.0563132
0.0558299
0.0554705
0.0547890
0.0541338
0.0536035
0.0540455
0.0534214
0.0529378
0.0521394
0.0523377
0.0511439
0.0501030
0.0492458
0.0497144
0.0495788
0.0491089
0.0486446
0.0495215
0.0493715
0.0487655
0.0482331
0.0478192
0.0471711
0.0464474
0.0457555
0.0454774
0.0450654
0.0446227
0.0442454
0.0437930
0.0435124
0.0431804
0.0428785
0.0431038
0.0427810
0.0423504
0.0418926
0.0419502
0.0420893
0.0420981
0.0420094
0.0423261
0.0424037
0.0420723
0.0416308
0.0411878
0.0408399
0.0404154
0.0401818
0.0402151
0.0398841
0.0396302
0.0393422
0.0397050
0.0394772
0.0392610
0.0391085
0.0389483
0.0386382
0.0383061
0.0381831
0.0380657
0.0378747
0.0376343
0.0374886
0.0374799
0.0372895
0.0371518
0.0368626
0.0368932
0.0366533
0.0361981
0.0361163
