0.0001179
0.0000000
0.0056981
0.0086668
0.0078010
0.0080271
0.0077272
0.0079049
0.0075266
0.0073942
0.0068435
0.0068747
0.0065035
0.0063851
0.0056220
0.0059806
0.0058499
0.0062336
0.0060080
0.0060257
0.0062277
0.0060695
0.0054692
0.0055027
0.0056763
0.0056861
0.0056031
0.0053673
0.0052637
0.0050927
0.0046268
0.0046806
0.0047869
0.0045017
0.0037410
0.0037497
0.0038168
0.0039641
0.0037391
0.0039540
0.0043499
0.0044494
0.0042637
0.0042448
0.0043850
0.0042309
0.0032915
0.0032007
0.0032277
0.0032310
0.0035185
0.0036135
0.0039253
0.0038533
0.0041594
0.0041586
0.0040171
0.0040079
0.0039297
0.0037644
0.0037297
0.0037413
0.0046613
0.0050396
0.0054015
0.0059976
0.0069029
0.0068211
0.0067593
0.0067597
0.0063440
0.0057909
0.0050420
0.0051839
0.0064215
0.0068878
0.0069547
0.0070465
0.0072780
0.0073841
0.0072708
0.0072601
0.0069124
0.0067572
0.0064880
0.0061636
0.0061843
0.0065896
0.0066499
0.0069435
0.0075607
0.0076787
0.0076388
0.0075886
0.0077454
0.0079575
0.0079895
0.0079331
0.0076936
0.0076529
0.0076742
0.0075685
