1.0000141
1.0000000
0.4389177
0.2353069
0.1597261
0.1288409
0.1078241
0.1008630
0.0942938
0.0904109
0.0858857
0.0836069
0.0808429
0.0786776
0.0785877
0.0775724
0.0761066
0.0746650
0.0729636
0.0713541
0.0702123
0.0691126
0.0679744
0.0670523
0.0663350
0.0652803
0.0649342
0.0639042
0.0628382
0.0621429
0.0612060
0.0605911
0.0600677
0.0591838
0.0586828
0.0580695
0.0576691
0.0570533
0.0569728
0.0560453
0.0554951
0.0547613
0.0549998
0.0548408
0.0545446
0.0538893
0.0536017
0.0533392
0.0527666
0.0522383
0.0521808
0.0516504
0.0513133
0.0505321
0.0506334
0.0502204
0.0496024
0.0492137
0.0486643
0.0481788
0.0478037
0.0475163
0.0488821
0.0490281
0.0490462
0.0493272
0.0505071
0.0505448
0.0504770
0.0503889
0.0501901
0.0495822
0.0483225
0.0480569
0.0491481
0.0493781
0.0490366
0.0489166
0.0492369
0.0490375
0.0486432
0.0483419
0.0482738
0.0478534
0.0473036
0.0467489
0.0466144
0.0468067
0.0465495
0.0467903
0.0474381
0.0473934
0.0471035
0.0468956
0.0470811
0.0471536
0.0470556
0.0466966
0.0464303
0.0461399
0.0457111
0.0454983
