11.4403333
13.0266667
91.0800000
93.3853333
94.5506667
95.2290000
95.6740000
95.9433333
96.1920000
96.3643333
96.4990000
96.6243333
96.7420000
96.8223333
96.9006667
96.9673333
97.0186667
97.0573333
97.1133333
97.1650000
97.2260000
97.2453333
97.2990000
97.3056667
97.3476667
97.3556667
97.3716667
97.4130000
97.4333333
97.4483333
97.4756667
97.4846667
97.5213333
97.5460000
97.5510000
97.5476667
97.5546667
97.5840000
97.6046667
97.6413333
97.6303333
97.6343333
97.6583333
97.6503333
97.6710000
97.6883333
97.7023333
97.7093333
97.7330000
97.7270000
97.7253333
97.7280000
97.7436667
97.7536667
97.7453333
97.7646667
97.7683333
97.7773333
97.7950000
97.8020000
97.8213333
97.8200000
97.8190000
97.8330000
97.8426667
97.8350000
97.8423333
97.8540000
97.8543333
97.8663333
97.8530000
97.8580000
97.8686667
97.8770000
97.8773333
97.8730000
97.8806667
97.8753333
97.8740000
97.8866667
97.9106667
97.9333333
97.9343333
97.9303333
97.9390000
97.9360000
97.9330000
97.9210000
97.9223333
97.9200000
97.9336667
97.9296667
97.9300000
97.9360000
97.9560000
97.9546667
97.9470000
97.9610000
97.9710000
97.9623333
97.9713333
97.9783333
97.9683333
97.9876667
97.9903333
97.9890000
97.9760000
97.9776667
97.9926667
98.0070000
98.0203333
98.0336667
98.0490000
98.0370000
98.0356667
98.0343333
98.0423333
98.0493333
98.0313333
98.0173333
98.0136667
98.0216667
98.0353333
98.0470000
98.0463333
98.0443333
98.0396667
98.0596667
98.0753333
98.0560000
98.0686667
98.0630000
98.0540000
98.0420000
98.0416667
98.0393333
98.0413333
98.0590000
98.0700000
98.0710000
98.0796667
98.0590000
98.0673333
98.0573333
98.0670000
98.0746667
98.0783333
98.0696667
98.0370000
98.0333333
98.0283333
98.0326667
98.0503333
98.0650000
98.0813333
98.0786667
98.0850000
98.0896667
98.0850000
98.0896667
98.0643333
98.0496667
98.0623333
98.0723333
98.0830000
98.0910000
98.0990000
98.1163333
98.1166667
98.1150000
98.1200000
98.1160000
98.1110000
98.1153333
98.1096667
98.0970000
98.0926667
98.1076667
98.0983333
98.1026667
98.0996667
98.1096667
98.0743333
98.0753333
98.0846667
98.0950000
98.0933333
98.1036667
98.1006667
98.1006667
98.1020000
98.1180000
98.1110000
98.1173333
98.1176667
98.1263333
98.1236667
98.1283333
98.1150000
98.1146667
98.1080000
98.0906667
