10.2968569
9.8789025
89.7974107
92.6290722
93.9697474
94.7913168
95.3591129
95.6822467
95.9554980
96.1581332
96.3247703
96.4779995
96.6041005
96.6910033
96.7925816
96.8807446
96.9265054
96.9546016
97.0048092
97.0474508
97.1181917
97.1231743
97.1903870
97.1829979
97.2113418
97.2198406
97.2354972
97.2724911
97.2931085
97.2996487
97.3374389
97.3320566
97.3755905
97.3716968
97.3975109
97.3949722
97.3925336
97.4218085
97.4613813
97.4999130
97.4888044
97.4895390
97.5125917
97.5155647
97.5331433
97.5492270
97.5594560
97.5631104
97.5923150
97.5883473
97.5721064
97.5538394
97.5846786
97.5998115
97.5770739
97.6018427
97.5983486
97.6192493
97.6477288
97.6562249
97.6875693
97.6912850
97.6853886
97.6842367
97.6928877
97.6949335
97.7057739
97.7125097
97.7118599
97.7219647
97.7099472
97.7152010
97.7269870
97.7471907
97.7499129
97.7387010
97.7514764
97.7520994
97.7509317
97.7599200
97.7786914
97.7912577
97.7853773
97.7824016
97.7967125
97.8055471
97.7872396
97.7819348
97.8036761
97.8133965
97.8358088
97.8108160
97.8252301
97.8316277
97.8513296
97.8451231
97.8432232
97.8481733
97.8523715
97.8435035
97.8647683
97.8774912
97.8651604
97.8805575
97.8833206
97.8826747
97.8509158
97.8440936
97.8612099
97.8887542
97.9195572
97.9313312
97.9330058
97.9164413
97.9174563
97.9360176
97.9378833
97.9527168
97.9435267
97.9095805
97.8951793
97.9142614
97.9308555
97.9478637
97.9465704
97.9570963
97.9560431
97.9745556
97.9846428
97.9646940
97.9763389
97.9725781
97.9609070
97.9506155
97.9510910
97.9530805
97.9660417
97.9804444
97.9942359
97.9905333
97.9966630
97.9759542
97.9695487
97.9669483
97.9748295
97.9992334
97.9845988
97.9729363
97.9474318
97.9534822
97.9449213
97.9403518
97.9685888
97.9829709
97.9976485
97.9934053
98.0038656
98.0156097
98.0098752
98.0118053
97.9761667
97.9560898
97.9686279
97.9821752
97.9965455
98.0087132
98.0082567
98.0372697
98.0313122
98.0170697
98.0335869
98.0298016
98.0294060
98.0246757
98.0038936
98.0026192
98.0105356
98.0224193
97.9982602
98.0072147
97.9973521
98.0263499
97.9661259
97.9849256
97.9917582
97.9949866
97.9914133
97.9998652
97.9960452
97.9922503
97.9778103
98.0035700
97.9985712
98.0020368
97.9935210
97.9959106
98.0012110
98.0081164
98.0058796
98.0030426
98.0016314
97.9841769
