1.3045363
3.5911300
1.4632434
0.8627813
0.6627423
0.4993313
0.3592393
0.2978609
0.2698135
0.2352436
0.1987701
0.1669451
0.1573227
0.1498280
0.1233090
0.0987848
0.1051422
0.1172016
0.1238099
0.1341061
0.1229932
0.1393652
0.1239113
0.1399468
0.1555263
0.1549573
0.1553491
0.1602997
0.1599757
0.1696270
0.1576973
0.1741053
0.1662709
0.1988539
0.1751082
0.1742017
0.1849697
0.1850363
0.1634673
0.1613395
0.1614634
0.1651888
0.1662695
0.1537509
0.1572740
0.1586996
0.1630017
0.1668186
0.1605006
0.1581820
0.1748091
0.1986913
0.1813817
0.1755259
0.1919589
0.1857579
0.1939272
0.1803503
0.1680145
0.1663076
0.1526048
0.1468446
0.1524307
0.1697168
0.1708755
0.1597950
0.1557940
0.1614194
0.1625409
0.1647031
0.1632020
0.1629124
0.1616354
0.1480931
0.1453677
0.1532152
0.1473869
0.1405916
0.1404026
0.1445991
0.1505641
0.1620871
0.1699366
0.1687681
0.1623289
0.1488273
0.1662909
0.1586527
0.1353703
0.1216187
0.1116413
0.1355909
0.1195268
0.1190733
0.1194134
0.1249729
0.1183939
0.1287185
0.1353374
0.1355671
0.1215749
0.1150459
0.1177049
0.1221957
0.1220856
0.1213013
0.1427025
0.1523869
0.1499726
0.1349008
0.1149705
0.1167495
0.1323321
0.1375395
0.1348604
0.1121636
0.1191619
0.1102250
0.1001743
0.1229300
0.1351764
0.1225334
0.1191936
0.1130998
0.1138147
0.0995244
0.0954021
0.0970990
0.1034644
0.1041665
0.1053323
0.1031579
0.1062053
0.1042561
0.1033333
0.0984017
0.0858966
0.0896202
0.0864356
0.0918005
0.0946948
0.0947429
0.1115577
0.1031159
0.1051528
0.0860581
0.1069372
0.1103550
0.1021839
0.0910982
0.0951607
0.1053175
0.0932583
0.0935830
0.0954719
0.0972705
0.0925623
0.0844880
0.0857062
0.0888282
0.1005850
0.1067573
0.1069039
0.1028570
0.0986318
0.0938770
0.1035246
0.0901998
0.0973767
0.1117239
0.0985844
0.0983395
0.0930866
0.1034268
0.1206713
0.1076744
0.0936993
0.0972545
0.1141685
0.1088965
0.1167257
0.0950520
0.1234486
0.1031418
0.1059948
0.1141003
0.1162755
0.1184220
0.1193575
0.1236869
0.1416820
0.1305476
0.1282645
0.1315362
0.1416318
0.1487929
0.1397037
0.1371496
0.1244901
0.1273464
0.1213507
0.1214889
