12.5838098
16.1744309
92.3625893
94.1415945
95.1315859
95.6666832
95.9888871
96.2044199
96.4285020
96.5705334
96.6732297
96.7706672
96.8798995
96.9536634
97.0087518
97.0539221
97.1108279
97.1600651
97.2218575
97.2825492
97.3338083
97.3674923
97.4076130
97.4283355
97.4839915
97.4914928
97.5078361
97.5535089
97.5735582
97.5970180
97.6138945
97.6372767
97.6670762
97.7203032
97.7044891
97.7003612
97.7167997
97.7461915
97.7479521
97.7827537
97.7718623
97.7791277
97.8040750
97.7851019
97.8088567
97.8274396
97.8452106
97.8555563
97.8736850
97.8656527
97.8785603
97.9021606
97.9026548
97.9075219
97.9135927
97.9274907
97.9383181
97.9354173
97.9422712
97.9477751
97.9550973
97.9487150
97.9526114
97.9817633
97.9924457
97.9750665
97.9788928
97.9954903
97.9968067
98.0107020
97.9960528
98.0007990
98.0103463
98.0068093
98.0047538
98.0072990
98.0098570
97.9985673
97.9970683
98.0134133
98.0426419
98.0754089
98.0832893
98.0782651
98.0812875
98.0664529
98.0787604
98.0600652
98.0409906
98.0266035
98.0315246
98.0485173
98.0347699
98.0403723
98.0606704
98.0642102
98.0507768
98.0738267
98.0896285
98.0811632
98.0778984
98.0791755
98.0715062
98.0947759
98.0973461
98.0953253
98.1010842
98.1112397
98.1241234
98.1252458
98.1211094
98.1360021
98.1649942
98.1575587
98.1538770
98.1326490
98.1467833
98.1459498
98.1191400
98.1250862
98.1321540
98.1290720
98.1398111
98.1461363
98.1460963
98.1315703
98.1232903
98.1447777
98.1660239
98.1473060
98.1609945
98.1534219
98.1470930
98.1333845
98.1322423
98.1255862
98.1166250
98.1375556
98.1457641
98.1514667
98.1626703
98.1420458
98.1651179
98.1477184
98.1591705
98.1500999
98.1720679
98.1663971
98.1265682
98.1131845
98.1117453
98.1249815
98.1320778
98.1470291
98.1650182
98.1639280
98.1661344
98.1637237
98.1601248
98.1675280
98.1524999
98.1432435
98.1560387
98.1624914
98.1694545
98.1732868
98.1897433
98.1953969
98.2020211
98.2129303
98.2064131
98.2021984
98.1925940
98.2059910
98.2154397
98.1913808
98.1747977
98.1929140
98.1984064
98.1981186
98.2019813
98.1929834
98.1825408
98.1657411
98.1775752
98.1950134
98.1952533
98.2074682
98.2052882
98.2090830
98.2261897
98.2324300
98.2234288
98.2326299
98.2418124
98.2567561
98.2461223
98.2485502
98.2241204
98.2262907
98.2143686
98.1971564
