155.5162904
46.8604190
0.0015688
0.0040221
0.0066556
0.0058861
0.0038620
0.0026371
0.0019084
0.0014244
0.0013278
0.0010162
0.0010011
0.0009881
0.0007085
0.0006666
0.0006242
0.0006254
0.0005573
0.0005199
0.0005039
0.0005128
0.0004582
0.0004589
0.0003772
0.0004014
0.0004295
0.0004766
0.0004297
0.0004285
0.0003336
0.0003144
0.0003447
0.0002664
0.0004258
0.0003336
0.0004302
0.0003485
0.0003284
0.0003510
0.0003469
0.0002772
0.0003962
0.0002265
0.0002742
0.0002580
0.0003414
0.0002908
0.0003009
0.0002053
0.0002767
0.0002780
0.0001930
0.0002463
0.0001737
0.0002524
0.0002743
0.0002161
0.0001958
0.0003551
0.0002383
0.0002358
0.0002021
0.0003288
0.0001931
0.0001940
0.0002213
0.0002023
0.0002161
0.0002157
0.0001747
0.0002563
0.0001673
0.0002377
0.0001476
0.0002155
0.0002029
0.0001442
0.0001870
0.0002574
0.0001439
0.0002282
0.0001744
0.0001387
0.0001824
0.0001791
0.0001372
0.0001923
0.0002301
0.0001370
0.0002126
0.0001533
0.0001193
0.0001689
0.0001856
0.0001728
0.0001486
0.0001487
0.0001958
0.0001533
0.0001896
0.0001679
