155.2446139
46.6508576
0.0013377
0.0033660
0.0062819
0.0053401
0.0033920
0.0023793
0.0017161
0.0012989
0.0011029
0.0008774
0.0008272
0.0007634
0.0006167
0.0006176
0.0005634
0.0005156
0.0004362
0.0004147
0.0004145
0.0004335
0.0003302
0.0003493
0.0003261
0.0003482
0.0003475
0.0002957
0.0003092
0.0003094
0.0002543
0.0002274
0.0002822
0.0002288
0.0003119
0.0002617
0.0002792
0.0002695
0.0002567
0.0002673
0.0002290
0.0002073
0.0002735
0.0001892
0.0002106
0.0001931
0.0002405
0.0001913
0.0002382
0.0001533
0.0001680
0.0001724
0.0001578
0.0001395
0.0001376
0.0001775
0.0001635
0.0001755
0.0001418
0.0001373
0.0001918
0.0001790
0.0001702
0.0001763
0.0001607
0.0001517
0.0001524
0.0001252
0.0001199
0.0001341
0.0001456
0.0001794
0.0001154
0.0001082
0.0001126
0.0001575
0.0001216
0.0001227
0.0001464
0.0001879
0.0001186
0.0001056
0.0001122
0.0001010
0.0001355
0.0001362
0.0001024
0.0001499
0.0001588
0.0001041
0.0000954
0.0001019
0.0001004
0.0001137
0.0000667
0.0001246
0.0001154
0.0000981
0.0001117
0.0001164
0.0001353
0.0001022
