0.4383248
0.3381078
0.0003729
0.0010585
0.0006028
0.0008810
0.0007583
0.0004159
0.0003103
0.0002024
0.0003628
0.0002240
0.0002807
0.0003627
0.0001481
0.0000791
0.0000981
0.0001771
0.0001954
0.0001698
0.0001443
0.0001279
0.0002066
0.0001767
0.0000825
0.0000859
0.0001323
0.0002919
0.0001944
0.0001921
0.0001280
0.0001403
0.0001009
0.0000606
0.0001838
0.0001160
0.0002436
0.0001275
0.0001157
0.0001351
0.0001902
0.0001127
0.0001980
0.0000601
0.0001026
0.0001047
0.0001629
0.0001606
0.0001013
0.0000839
0.0001754
0.0001703
0.0000568
0.0001722
0.0000583
0.0001208
0.0001787
0.0000655
0.0000871
0.0003514
0.0000749
0.0000917
0.0000515
0.0002460
0.0000522
0.0000682
0.0001112
0.0001245
0.0001552
0.0001315
0.0000469
0.0001241
0.0000836
0.0002090
0.0000564
0.0000936
0.0001311
0.0000347
0.0000655
0.0001120
0.0000408
0.0001977
0.0001003
0.0000609
0.0000756
0.0000692
0.0000561
0.0000685
0.0001150
0.0000531
0.0001892
0.0000830
0.0000305
0.0000891
0.0001918
0.0000778
0.0000536
0.0000818
0.0001356
0.0000596
0.0000877
0.0001061
