155.7879670
47.0699803
0.0018000
0.0046781
0.0070292
0.0064322
0.0043320
0.0028948
0.0021008
0.0015498
0.0015527
0.0011551
0.0011751
0.0012129
0.0008003
0.0007156
0.0006850
0.0007351
0.0006784
0.0006252
0.0005933
0.0005921
0.0005862
0.0005684
0.0004284
0.0004547
0.0005115
0.0006575
0.0005502
0.0005476
0.0004129
0.0004014
0.0004072
0.0003039
0.0005398
0.0004055
0.0005812
0.0004275
0.0004001
0.0004347
0.0004648
0.0003470
0.0005189
0.0002637
0.0003378
0.0003229
0.0004424
0.0003904
0.0003637
0.0002573
0.0003854
0.0003835
0.0002282
0.0003530
0.0002099
0.0003272
0.0003850
0.0002567
0.0002497
0.0005729
0.0002847
0.0002927
0.0002340
0.0004813
0.0002255
0.0002363
0.0002902
0.0002795
0.0003123
0.0002972
0.0002037
0.0003332
0.0002191
0.0003672
0.0001826
0.0002735
0.0002841
0.0001658
0.0002276
0.0003268
0.0001692
0.0003507
0.0002365
0.0001765
0.0002292
0.0002220
0.0001719
0.0002348
0.0003014
0.0001700
0.0003299
0.0002048
0.0001382
0.0002241
0.0003045
0.0002210
0.0001819
0.0001994
0.0002798
0.0001902
0.0002440
0.0002337
