50.1670762
75.9213759
75.9213759
75.9213759
75.9735872
78.4398034
81.7140663
82.5433047
82.8587224
83.0506757
83.2361794
83.4112408
83.5325553
83.6200860
83.6962531
83.7770270
83.8335381
83.8774570
83.9081695
83.9339681
83.9465602
83.9895577
84.0285627
84.0543612
84.0823096
84.1133292
84.1388206
84.1547912
84.1664619
84.1772113
84.1848894
84.1971744
84.2122236
84.2278870
84.2457002
84.2573710
84.2665848
84.2727273
84.2874693
84.3077396
84.3178747
84.3261671
84.3304668
84.3387592
84.3467445
84.3507371
84.3581081
84.3657862
84.3740786
84.3789926
84.3765356
84.3792998
84.3808354
84.3805283
84.3854423
84.3903563
84.3952703
84.3955774
84.3971130
84.3977273
84.3998771
84.4057125
84.4149263
84.4204545
84.4256757
84.4284398
84.4315111
84.4376536
84.4459459
84.4533170
84.4539312
84.4591523
84.4689803
84.4769656
84.4812654
84.4864865
84.4877150
84.4892506
84.4914005
84.4960074
84.4993857
84.5027641
84.5055283
84.5101351
84.5116708
84.5147420
84.5190418
84.5187346
84.5224201
84.5211916
84.5208845
84.5248771
84.5251843
84.5264128
84.5279484
84.5288698
84.5285627
84.5288698
84.5316339
84.5359337
84.5362408
84.5386978
