34.2017089
75.9213759
75.9213759
75.9213759
75.8765045
77.2554582
81.2698105
82.3935968
82.7780284
82.9645207
83.1492123
83.3315216
83.4721856
83.5634241
83.6400136
83.7190643
83.7822204
83.8261926
83.8709425
83.8958446
83.9023823
83.9419758
83.9772856
84.0020736
84.0377251
84.0698371
84.1028012
84.1287628
84.1375776
84.1425530
84.1494889
84.1639822
84.1788457
84.1951897
84.2132142
84.2273595
84.2382501
84.2455680
84.2623017
84.2771374
84.2860849
84.2952821
84.3024900
84.3141293
84.3213611
84.3255378
84.3329405
84.3392417
84.3464301
84.3520074
84.3527447
84.3559943
84.3547876
84.3532990
84.3553265
84.3589241
84.3640208
84.3641619
84.3644728
84.3643581
84.3646408
84.3707130
84.3775729
84.3843662
84.3910849
84.3956291
84.3976032
84.4054110
84.4120515
84.4200723
84.4217973
84.4303277
84.4429430
84.4524981
84.4547590
84.4595550
84.4627672
84.4631910
84.4664469
84.4694874
84.4729403
84.4751990
84.4799465
84.4847346
84.4865031
84.4897043
84.4934006
84.4936673
84.4967641
84.4962634
84.4967158
84.4988175
84.4996280
84.4998062
84.5023376
84.5023669
84.5029349
84.5034557
84.5073269
84.5130044
84.5128647
84.5152783
