25.7586349
0.0000000
0.0000000
0.0000000
0.1566339
1.9108309
0.7167655
0.2415398
0.1301922
0.1390030
0.1403132
0.1286195
0.0974009
0.0914187
0.0907372
0.0935175
0.0827963
0.0827103
0.0600624
0.0615087
0.0712769
0.0767690
0.0827308
0.0843611
0.0719329
0.0701706
0.0581141
0.0419943
0.0466022
0.0559179
0.0571154
0.0535526
0.0538521
0.0527541
0.0524133
0.0484207
0.0457153
0.0438189
0.0406056
0.0493737
0.0512899
0.0498301
0.0451380
0.0397380
0.0409538
0.0406567
0.0406056
0.0428272
0.0446083
0.0435382
0.0383845
0.0376012
0.0420257
0.0439318
0.0485889
0.0507129
0.0504182
0.0506859
0.0526619
0.0538381
0.0568505
0.0564685
0.0602662
0.0582252
0.0558090
0.0529370
0.0547071
0.0520204
0.0546856
0.0536371
0.0518451
0.0465059
0.0420089
0.0394761
0.0427655
0.0434514
0.0402510
0.0420448
0.0402604
0.0427875
0.0426672
0.0444738
0.0412738
0.0409814
0.0406056
0.0403960
0.0413697
0.0404439
0.0413936
0.0402193
0.0389940
0.0420448
0.0412326
0.0429273
0.0413206
0.0427600
0.0413480
0.0410032
0.0392171
0.0369943
0.0377152
0.0377852
