66.1324435
75.9213759
75.9213759
75.9213759
76.0706699
79.6241487
82.1583222
82.6930126
82.9394163
83.1368306
83.3231464
83.4909600
83.5929250
83.6767479
83.7524926
83.8349898
83.8848558
83.9287214
83.9453966
83.9720915
83.9907381
84.0371397
84.0798397
84.1066487
84.1268941
84.1568214
84.1748401
84.1808195
84.1953462
84.2118696
84.2202899
84.2303667
84.2456015
84.2605843
84.2781863
84.2873825
84.2949194
84.2998865
84.3126369
84.3383417
84.3496645
84.3570521
84.3584437
84.3633891
84.3721279
84.3759364
84.3832757
84.3923308
84.4017271
84.4059779
84.4003266
84.4026052
84.4068832
84.4077575
84.4155580
84.4217884
84.4265198
84.4269928
84.4297532
84.4310965
84.4351135
84.4407121
84.4522797
84.4565429
84.4602664
84.4612505
84.4654189
84.4698961
84.4798404
84.4865616
84.4860651
84.4879770
84.4950177
84.5014331
84.5077717
84.5134180
84.5126628
84.5153102
84.5163541
84.5225274
84.5258312
84.5303293
84.5311100
84.5355357
84.5368384
84.5397797
84.5446830
84.5438020
84.5480762
84.5461199
84.5450533
84.5509368
84.5507405
84.5530194
84.5535592
84.5553727
84.5541904
84.5542839
84.5559409
84.5588629
84.5596169
84.5621173
