0.9999411
0.9999705
0.4077784
0.2124632
0.1389806
0.1126105
0.1009723
0.0934590
0.0873600
0.0853860
0.0801709
0.0784620
0.0755156
0.0749558
0.0730701
0.0720389
0.0712139
0.0702711
0.0679729
0.0674720
0.0662345
0.0654685
0.0653801
0.0636123
0.0623748
0.0602239
0.0593400
0.0587802
0.0593989
0.0581320
0.0571302
0.0566588
0.0577195
0.0565410
0.0560401
0.0538892
0.0551562
0.0538892
0.0536240
0.0532999
0.0520919
0.0514732
0.0522687
0.0512669
0.0516205
0.0513259
0.0505009
0.0500884
0.0487036
0.0488214
0.0483500
0.0484384
0.0494697
0.0487920
0.0489393
0.0480259
0.0474367
0.0465822
0.0458751
0.0456394
0.0461402
0.0456099
0.0446965
0.0441956
0.0439894
0.0443724
0.0439599
0.0442251
0.0438715
0.0437537
0.0434001
0.0428108
0.0433117
0.0430466
0.0432823
0.0426635
0.0417796
0.0415439
0.0422216
0.0423984
0.0421332
0.0418680
0.0415439
0.0412493
0.0411903
0.0409841
0.0409546
0.0405127
0.0404832
0.0403654
0.0401886
0.0397761
0.0399529
0.0395993
0.0403948
0.0393341
0.0388627
0.0393047
0.0392752
0.0389216
0.0385386
0.0379199
