0.9998680
0.9999158
0.4030149
0.2077934
0.1323497
0.1061432
0.0942481
0.0875773
0.0818826
0.0800569
0.0749989
0.0731667
0.0696775
0.0690994
0.0676239
0.0685269
0.0656646
0.0652697
0.0630673
0.0626813
0.0610155
0.0613091
0.0618726
0.0595761
0.0585441
0.0558976
0.0555574
0.0547491
0.0553023
0.0539877
0.0532810
0.0531083
0.0541136
0.0536646
0.0528385
0.0504402
0.0508201
0.0497688
0.0502986
0.0502821
0.0488976
0.0481237
0.0482088
0.0481293
0.0484044
0.0474289
0.0462055
0.0456919
0.0449468
0.0444325
0.0436136
0.0437092
0.0455902
0.0448564
0.0451512
0.0442268
0.0440674
0.0435336
0.0428544
0.0423967
0.0425811
0.0418250
0.0414450
0.0413279
0.0411344
0.0409990
0.0406267
0.0406582
0.0399493
0.0398710
0.0397277
0.0391284
0.0394863
0.0395629
0.0397644
0.0390269
0.0379231
0.0379403
0.0385528
0.0384872
0.0383799
0.0378318
0.0375747
0.0374013
0.0374910
0.0374986
0.0373798
0.0370283
0.0369429
0.0367166
0.0367052
0.0363111
0.0365883
0.0361294
0.0368186
0.0359115
0.0358021
0.0361775
0.0358950
0.0356821
0.0356364
0.0348947
