0.0001179
0.0000884
0.0076855
0.0075343
0.0106983
0.0104343
0.0108489
0.0094897
0.0088374
0.0085980
0.0083445
0.0085435
0.0094192
0.0094488
0.0087869
0.0056663
0.0089533
0.0080693
0.0079148
0.0077294
0.0084205
0.0067108
0.0056590
0.0065120
0.0061804
0.0069801
0.0061029
0.0065038
0.0066096
0.0066865
0.0062104
0.0057285
0.0058178
0.0046408
0.0051655
0.0055646
0.0069958
0.0066479
0.0053653
0.0048690
0.0051537
0.0054041
0.0065502
0.0050623
0.0051890
0.0062873
0.0069302
0.0070934
0.0060613
0.0070812
0.0076418
0.0076301
0.0062592
0.0063497
0.0061118
0.0061296
0.0054360
0.0049187
0.0048736
0.0052317
0.0057423
0.0061066
0.0052460
0.0046268
0.0046063
0.0054427
0.0053779
0.0057548
0.0063281
0.0062644
0.0059251
0.0059412
0.0061719
0.0056205
0.0056758
0.0058674
0.0062221
0.0058141
0.0059193
0.0063103
0.0060555
0.0065120
0.0064039
0.0062084
0.0059686
0.0056236
0.0057677
0.0056217
0.0057120
0.0058869
0.0056201
0.0055904
0.0054284
0.0055984
0.0057699
0.0055220
0.0049381
0.0050454
0.0054537
0.0052267
0.0046824
0.0048808
