1.0000141
1.0000253
0.4125419
0.2171330
0.1456114
0.1190778
0.1076966
0.0993408
0.0928375
0.0907151
0.0853429
0.0837573
0.0813537
0.0808122
0.0785163
0.0755509
0.0767632
0.0752724
0.0728785
0.0722627
0.0714536
0.0696278
0.0688875
0.0676485
0.0662055
0.0645502
0.0631226
0.0628113
0.0634956
0.0622763
0.0609795
0.0602094
0.0613254
0.0594174
0.0592417
0.0573382
0.0594922
0.0580096
0.0569495
0.0563178
0.0552862
0.0548227
0.0563286
0.0544046
0.0548367
0.0552228
0.0547963
0.0544849
0.0524604
0.0532104
0.0530865
0.0531676
0.0533491
0.0527276
0.0527274
0.0518251
0.0508059
0.0496308
0.0488958
0.0488820
0.0496994
0.0493948
0.0479480
0.0470634
0.0468444
0.0477459
0.0472932
0.0477920
0.0477938
0.0476364
0.0470726
0.0464933
0.0471371
0.0465302
0.0468002
0.0463002
0.0456361
0.0451475
0.0458904
0.0463095
0.0458864
0.0459042
0.0455131
0.0450973
0.0448897
0.0444696
0.0445295
0.0439970
0.0440236
0.0440141
0.0436719
0.0432410
0.0433174
0.0430692
0.0439710
0.0427567
0.0419233
0.0424319
0.0426554
0.0421612
0.0414408
0.0409450
