155.3703046
24.4419512
0.0218732
0.0024651
0.0002698
0.0000316
0.0000079
0.0000043
0.0000049
0.0000047
0.0000051
0.0000043
0.0000043
0.0000077
0.0000051
0.0000083
0.0000084
0.0000092
0.0000127
0.0000159
0.0000112
0.0000130
0.0000158
0.0000173
0.0000168
0.0000158
0.0000168
0.0000238
0.0000203
0.0000260
0.0000204
0.0000237
0.0000201
0.0000237
0.0000307
0.0000182
0.0000258
0.0000330
0.0000372
0.0000211
0.0000324
0.0000233
0.0000294
0.0000273
0.0000296
0.0000244
0.0000363
0.0000288
0.0000219
0.0000297
0.0000304
0.0000328
0.0000330
0.0000278
0.0000353
0.0000288
0.0000320
0.0000366
0.0000410
0.0000490
0.0000359
0.0000330
0.0000488
0.0000364
0.0000276
0.0000280
0.0000279
0.0000405
0.0000357
0.0000313
0.0000375
0.0000333
0.0000366
0.0000369
0.0000273
0.0000369
0.0000455
0.0000336
0.0000453
0.0000381
0.0000339
0.0000584
0.0000413
0.0000299
0.0000404
0.0000382
0.0000356
0.0000418
0.0000382
0.0000502
0.0000331
0.0000570
0.0000447
0.0000387
0.0000450
0.0000501
0.0000452
0.0000326
0.0000412
0.0000365
0.0000439
0.0000357
