155.0991462
24.3625528
0.0217142
0.0024457
0.0002672
0.0000309
0.0000066
0.0000030
0.0000025
0.0000037
0.0000031
0.0000029
0.0000026
0.0000048
0.0000041
0.0000062
0.0000063
0.0000069
0.0000093
0.0000088
0.0000097
0.0000089
0.0000106
0.0000133
0.0000127
0.0000116
0.0000094
0.0000156
0.0000144
0.0000202
0.0000157
0.0000195
0.0000172
0.0000187
0.0000225
0.0000154
0.0000189
0.0000246
0.0000245
0.0000184
0.0000249
0.0000162
0.0000232
0.0000180
0.0000219
0.0000177
0.0000273
0.0000216
0.0000178
0.0000217
0.0000242
0.0000278
0.0000216
0.0000220
0.0000286
0.0000229
0.0000236
0.0000256
0.0000271
0.0000212
0.0000287
0.0000247
0.0000326
0.0000265
0.0000224
0.0000211
0.0000211
0.0000276
0.0000284
0.0000240
0.0000287
0.0000268
0.0000286
0.0000309
0.0000217
0.0000299
0.0000316
0.0000276
0.0000273
0.0000317
0.0000248
0.0000405
0.0000368
0.0000242
0.0000313
0.0000279
0.0000283
0.0000260
0.0000248
0.0000374
0.0000263
0.0000448
0.0000308
0.0000316
0.0000345
0.0000380
0.0000339
0.0000293
0.0000314
0.0000282
0.0000351
0.0000277
