0.4374889
0.1281019
0.0002566
0.0000313
0.0000042
0.0000012
0.0000022
0.0000021
0.0000038
0.0000016
0.0000032
0.0000022
0.0000028
0.0000046
0.0000016
0.0000035
0.0000033
0.0000037
0.0000055
0.0000114
0.0000024
0.0000066
0.0000084
0.0000063
0.0000066
0.0000067
0.0000120
0.0000132
0.0000094
0.0000094
0.0000076
0.0000067
0.0000046
0.0000081
0.0000132
0.0000045
0.0000110
0.0000135
0.0000204
0.0000044
0.0000121
0.0000115
0.0000099
0.0000151
0.0000124
0.0000108
0.0000144
0.0000116
0.0000065
0.0000129
0.0000099
0.0000081
0.0000185
0.0000093
0.0000109
0.0000095
0.0000136
0.0000177
0.0000225
0.0000449
0.0000117
0.0000134
0.0000262
0.0000159
0.0000084
0.0000111
0.0000109
0.0000207
0.0000117
0.0000117
0.0000141
0.0000105
0.0000129
0.0000098
0.0000090
0.0000113
0.0000224
0.0000096
0.0000291
0.0000105
0.0000146
0.0000288
0.0000074
0.0000092
0.0000146
0.0000166
0.0000118
0.0000255
0.0000217
0.0000206
0.0000109
0.0000197
0.0000224
0.0000115
0.0000170
0.0000194
0.0000182
0.0000053
0.0000158
0.0000133
0.0000142
0.0000130
