155.6414630
24.5213496
0.0220322
0.0024844
0.0002724
0.0000324
0.0000093
0.0000056
0.0000073
0.0000057
0.0000071
0.0000057
0.0000061
0.0000106
0.0000061
0.0000105
0.0000104
0.0000115
0.0000161
0.0000230
0.0000126
0.0000170
0.0000211
0.0000212
0.0000208
0.0000199
0.0000243
0.0000319
0.0000261
0.0000319
0.0000251
0.0000278
0.0000230
0.0000287
0.0000389
0.0000210
0.0000326
0.0000414
0.0000498
0.0000239
0.0000398
0.0000304
0.0000355
0.0000367
0.0000374
0.0000311
0.0000452
0.0000360
0.0000259
0.0000377
0.0000366
0.0000378
0.0000445
0.0000336
0.0000421
0.0000346
0.0000404
0.0000475
0.0000550
0.0000769
0.0000431
0.0000413
0.0000650
0.0000462
0.0000328
0.0000349
0.0000346
0.0000533
0.0000429
0.0000386
0.0000462
0.0000398
0.0000446
0.0000430
0.0000328
0.0000439
0.0000594
0.0000395
0.0000633
0.0000446
0.0000430
0.0000762
0.0000459
0.0000356
0.0000494
0.0000485
0.0000429
0.0000576
0.0000516
0.0000630
0.0000399
0.0000692
0.0000586
0.0000458
0.0000555
0.0000621
0.0000564
0.0000359
0.0000510
0.0000447
0.0000527
0.0000438
