0.9999840
0.9996271
0.9452089
0.8808737
0.8188914
0.7593163
0.7040294
0.6518633
0.6058177
0.5660026
0.5376519
0.5288165
0.5416413
0.5737875
0.6157137
0.6704228
0.7206267
0.7527809
0.7796701
0.7956557
0.8056357
0.8123721
0.8153739
0.8211136
0.8212335
0.8172011
0.8115174
0.8094152
0.8054068
0.7990514
0.7953359
0.7926269
0.7869002
0.7837645
0.7811775
0.7749420
0.7731587
0.7719192
0.7699120
0.7626729
0.7629978
0.7621441
0.7571671
0.7551739
0.7519102
0.7479968
0.7489564
0.7427549
0.7438675
0.7386126
0.7386805
0.7395962
0.7374060
0.7342323
0.7321331
0.7303329
0.7290474
0.7267453
0.7236915
0.7179828
0.7202769
0.7173461
0.7182237
0.7107407
0.7140194
0.7070142
0.7088005
0.7041024
0.7038735
0.6995392
0.6991393
0.7005138
0.6986645
0.6990944
0.6920342
0.6948870
0.6886985
0.6854868
0.6892113
0.6893902
0.6798231
0.6864854
0.6764234
0.6773541
0.6818952
0.6722501
0.6745442
0.6747261
0.6715384
0.6733796
0.6670692
0.6659926
0.6636265
0.6608487
0.6615404
0.6637615
0.6627439
0.6607967
0.6611845
0.6543952
0.6514764
0.6555828
0.6531717
0.6480568
0.6442713
0.6549230
0.6470372
0.6488035
0.6494252
0.6448631
0.6465564
0.6461675
0.6455288
0.6380198
0.6352739
0.6389404
0.6430888
0.6460406
0.6345672
0.6399520
0.6347161
0.6324120
0.6333397
0.6287425
0.6273541
0.6309856
0.6240594
0.6242273
0.6281787
0.6263804
0.6213085
0.6251469
0.6169142
0.6222021
0.6198261
0.6170592
0.6182157
0.6176080
0.6129968
0.6185306
0.6147931
0.6168713
0.6108856
0.6045322
0.6106257
0.6138705
0.6044952
0.6064624
0.6068113
0.6012895
0.6046621
0.6005598
0.6046052
0.5991913
0.6028529
0.5963385
0.5938615
0.5970372
0.6032637
0.5949220
0.5965344
0.5966513
0.5978189
0.5952659
0.5906597
0.5964784
0.5848780
0.5908547
0.5865334
0.5889484
0.5861735
0.5886915
0.5888155
0.5854818
0.5826289
0.5863495
0.5819022
0.5825580
0.5847361
0.5763495
0.5749980
0.5742423
0.5831827
0.5735026
0.5697401
0.5748161
0.5731098
0.5737825
0.5740204
0.5725720
0.5706497
0.5682767
0.5695182
0.5674950
0.5725370
0.5695842
0.5653848
0.5619672
0.5671531
0.5677879
0.5641174
0.5609296
