0.9999755
0.9995799
0.9435228
0.8788530
0.8160979
0.7565733
0.7002594
0.6469269
0.5966151
0.5502362
0.5116939
0.4775937
0.4592680
0.4557363
0.4862147
0.5438243
0.6072891
0.6501654
0.6876834
0.7139546
0.7348166
0.7490440
0.7609507
0.7700307
0.7748065
0.7718345
0.7654818
0.7649191
0.7589112
0.7552554
0.7505845
0.7492041
0.7408744
0.7395303
0.7356320
0.7267648
0.7226554
0.7256854
0.7206679
0.7143062
0.7142725
0.7133488
0.7126205
0.7036720
0.7051275
0.6991623
0.6991725
0.6910781
0.6927520
0.6878330
0.6884818
0.6873976
0.6859365
0.6815090
0.6828014
0.6795558
0.6755605
0.6756539
0.6728497
0.6659691
0.6684251
0.6666616
0.6701229
0.6606382
0.6629020
0.6578222
0.6567422
0.6549578
0.6519966
0.6521690
0.6492504
0.6517550
0.6478078
0.6463084
0.6426980
0.6447259
0.6374124
0.6351220
0.6371830
0.6395407
0.6274655
0.6342340
0.6230980
0.6285415
0.6299369
0.6220348
0.6220942
0.6178571
0.6198623
0.6165381
0.6111106
0.6125041
0.6092300
0.6046588
0.6132277
0.6118291
0.6098227
0.6079125
0.6082187
0.5972252
0.5967772
0.6023033
0.5987876
0.5938039
0.5951006
0.6012579
0.5965408
0.5941843
0.5971198
0.5940813
0.5932570
0.5944220
0.5941651
0.5889158
0.5878433
0.5834176
0.5920276
0.5912541
0.5817344
0.5868068
0.5834636
0.5789053
0.5854411
0.5754281
0.5750136
0.5813293
0.5725478
0.5771955
0.5766085
0.5720340
0.5737978
0.5768929
0.5697400
0.5742533
0.5711128
0.5651936
0.5676126
0.5614561
0.5643036
0.5645938
0.5691277
0.5668506
0.5628635
0.5554158
0.5590893
0.5613409
0.5586899
0.5592590
0.5565557
0.5566834
0.5519167
0.5546367
0.5539705
0.5506537
0.5577502
0.5477668
0.5489020
0.5492965
0.5532900
0.5465060
0.5510531
0.5492217
0.5498070
0.5463186
0.5437753
0.5476490
0.5349867
0.5451821
0.5420376
0.5463622
0.5368295
0.5450709
0.5457799
0.5426664
0.5388539
0.5407940
0.5366109
0.5358933
0.5409802
0.5277527
0.5309316
0.5296410
0.5384467
0.5297372
0.5208875
0.5296097
0.5295533
0.5290711
0.5259891
0.5289665
0.5239088
0.5222353
0.5264255
0.5236789
0.5330264
0.5276049
0.5231439
0.5199518
0.5238515
0.5181260
0.5230719
0.5176794
