0.0000097
0.0000539
0.0019236
0.0023053
0.0031870
0.0031293
0.0043010
0.0056316
0.0104988
0.0179871
0.0296143
0.0584376
0.0939757
0.1346788
0.1477391
0.1444301
0.1293014
0.1170690
0.1049431
0.0932088
0.0807941
0.0722479
0.0620887
0.0582780
0.0529662
0.0517565
0.0525197
0.0507634
0.0530445
0.0499647
0.0510546
0.0495390
0.0525086
0.0504646
0.0519606
0.0549630
0.0576168
0.0527459
0.0561802
0.0551792
0.0555883
0.0556682
0.0508211
0.0587560
0.0533721
0.0557129
0.0567960
0.0589556
0.0583152
0.0579320
0.0572693
0.0595507
0.0587191
0.0601495
0.0562802
0.0579290
0.0610205
0.0582877
0.0580029
0.0593399
0.0591552
0.0578234
0.0548759
0.0571595
0.0583173
0.0561208
0.0593907
0.0560666
0.0591837
0.0540423
0.0569159
0.0556265
0.0580199
0.0602209
0.0562852
0.0572263
0.0585099
0.0574587
0.0593566
0.0568709
0.0597322
0.0596111
0.0608363
0.0556879
0.0592767
0.0572882
0.0598376
0.0648791
0.0589548
0.0648477
0.0638404
0.0610225
0.0620584
0.0641043
0.0551175
0.0592471
0.0603752
0.0603329
0.0604261
0.0652225
0.0624037
0.0607840
0.0620442
0.0618944
0.0560964
0.0612239
0.0576088
0.0623123
0.0596727
0.0579344
0.0608067
0.0590339
0.0585983
0.0560204
0.0541112
0.0633432
0.0582531
0.0625032
0.0602743
0.0606308
0.0584715
0.0610432
0.0546451
0.0608238
0.0597127
0.0566504
0.0587670
0.0536563
0.0588339
0.0620013
0.0542026
0.0550506
0.0538188
0.0547024
0.0555746
0.0591709
0.0577307
0.0640610
0.0555517
0.0615338
0.0520974
0.0570661
0.0547861
0.0560345
0.0587954
0.0599284
0.0522571
0.0538521
0.0573341
0.0508889
0.0601747
0.0523914
0.0577666
0.0553742
0.0514554
0.0554130
0.0512921
0.0544650
0.0570125
0.0552355
0.0518874
0.0541101
0.0547744
0.0558415
0.0534881
0.0557071
0.0569186
0.0521055
0.0507631
0.0485845
0.0562942
0.0497646
0.0490972
0.0488460
0.0499408
0.0519720
0.0516707
0.0532374
0.0499190
0.0554417
0.0502731
0.0508834
0.0510372
0.0499299
0.0557335
0.0515738
0.0496915
0.0510090
0.0547966
0.0497473
0.0533245
0.0525264
0.0491623
0.0499876
0.0450756
0.0478920
0.0481907
0.0479333
0.0494007
0.0566568
0.0468267
0.0493421
