0.9999925
0.9996744
0.9468950
0.8828943
0.8216849
0.7620592
0.7077994
0.6567996
0.6150202
0.5817690
0.5636100
0.5800392
0.6240147
0.6918387
0.7452127
0.7970214
0.8339644
0.8553964
0.8716569
0.8773569
0.8764549
0.8757001
0.8697970
0.8721964
0.8676605
0.8625677
0.8575530
0.8539113
0.8519024
0.8428474
0.8400872
0.8360498
0.8329261
0.8279987
0.8267230
0.8231192
0.8236621
0.8181531
0.8191562
0.8110397
0.8117231
0.8109395
0.8017138
0.8066758
0.7986930
0.7968313
0.7987403
0.7944317
0.7949829
0.7893922
0.7888792
0.7917947
0.7888756
0.7869557
0.7814649
0.7811099
0.7825342
0.7778367
0.7745333
0.7699966
0.7721287
0.7680305
0.7663246
0.7608432
0.7651368
0.7562062
0.7608587
0.7532469
0.7557503
0.7469093
0.7490283
0.7492726
0.7495212
0.7518803
0.7413703
0.7450481
0.7399847
0.7358516
0.7412397
0.7392398
0.7321806
0.7387368
0.7297488
0.7261667
0.7338535
0.7224654
0.7269942
0.7315951
0.7232145
0.7302212
0.7230277
0.7194811
0.7180231
0.7170385
0.7098530
0.7156938
0.7156651
0.7136808
0.7141503
0.7115653
0.7061756
0.7088622
0.7075559
0.7023096
0.6934420
0.7085882
0.6975336
0.7034226
0.7017307
0.6956448
0.6998558
0.6979130
0.6968924
0.6871238
0.6827044
0.6944632
0.6941499
0.7008270
0.6873999
0.6930972
0.6859687
0.6859188
0.6812382
0.6820569
0.6796945
0.6806419
0.6755709
0.6712591
0.6797489
0.6807269
0.6688191
0.6734010
0.6640885
0.6701509
0.6685393
0.6689248
0.6688189
0.6737599
0.6616900
0.6724673
0.6604585
0.6668919
0.6589078
0.6536486
0.6621622
0.6664000
0.6503005
0.6536659
0.6570669
0.6458956
0.6574076
0.6464829
0.6552399
0.6477289
0.6479555
0.6449101
0.6388209
0.6447778
0.6532373
0.6433381
0.6420157
0.6440809
0.6458308
0.6442132
0.6375441
0.6453078
0.6347694
0.6365272
0.6310292
0.6315346
0.6355176
0.6323122
0.6318511
0.6282972
0.6264040
0.6319050
0.6271936
0.6292226
0.6284920
0.6249463
0.6190644
0.6188436
0.6279188
0.6172680
0.6185927
0.6200225
0.6166662
0.6184939
0.6220517
0.6161774
0.6173907
0.6143181
0.6126109
0.6113111
0.6120475
0.6115634
0.6076258
0.6039826
0.6104548
0.6174498
0.6051628
0.6041799
