10.0023333
10.2630000
91.0846667
93.3860000
94.5500000
95.2286667
95.6750000
95.9423333
96.1913333
96.3636667
96.4993333
96.6256667
96.7426667
96.8240000
96.9006667
96.9673333
97.0186667
97.0573333
97.1130000
97.1656667
97.2256667
97.2450000
97.2983333
97.3060000
97.3476667
97.3546667
97.3713333
97.4140000
97.4333333
97.4490000
97.4756667
97.4840000
97.5213333
97.5466667
97.5506667
97.5476667
97.5546667
97.5840000
97.6040000
97.6413333
97.6313333
97.6340000
97.6593333
97.6510000
97.6703333
97.6873333
97.7016667
97.7093333
97.7330000
97.7270000
97.7253333
97.7280000
97.7436667
97.7540000
97.7450000
97.7650000
97.7690000
97.7773333
97.7946667
97.8023333
97.8210000
97.8193333
97.8186667
97.8326667
97.8420000
97.8343333
97.8426667
97.8540000
97.8543333
97.8660000
97.8530000
97.8583333
97.8690000
97.8776667
97.8770000
97.8730000
97.8803333
97.8756667
97.8733333
97.8860000
97.9103333
97.9333333
97.9350000
97.9303333
97.9390000
97.9360000
97.9330000
97.9206667
97.9223333
97.9196667
97.9336667
97.9296667
97.9296667
97.9360000
97.9560000
97.9546667
97.9463333
97.9610000
97.9703333
97.9626667
97.9716667
97.9780000
97.9676667
97.9876667
97.9903333
97.9893333
97.9756667
97.9783333
97.9920000
98.0073333
98.0200000
98.0336667
98.0496667
98.0366667
98.0360000
98.0346667
98.0416667
98.0496667
98.0316667
98.0170000
98.0133333
98.0213333
98.0350000
98.0466667
98.0466667
98.0443333
98.0393333
98.0593333
98.0753333
98.0563333
98.0690000
98.0640000
98.0540000
98.0420000
98.0423333
98.0393333
98.0420000
98.0590000
98.0703333
98.0713333
98.0796667
98.0596667
98.0666667
98.0573333
98.0670000
98.0740000
98.0783333
98.0690000
98.0376667
98.0333333
98.0273333
98.0330000
98.0503333
98.0650000
98.0816667
98.0786667
98.0846667
98.0896667
98.0846667
98.0886667
98.0646667
98.0493333
98.0620000
98.0726667
98.0830000
98.0910000
98.0990000
98.1166667
98.1170000
98.1143333
98.1200000
98.1160000
98.1106667
98.1146667
98.1093333
98.0973333
98.0926667
98.1080000
98.0986667
98.1023333
98.1000000
98.1093333
98.0740000
98.0753333
98.0843333
98.0943333
98.0936667
98.1033333
98.1013333
98.1010000
98.1020000
98.1180000
98.1113333
98.1176667
98.1176667
98.1266667
98.1236667
98.1286667
98.1150000
98.1150000
98.1093333
98.0906667
