9.2975325
8.2120662
89.8061124
92.6295892
93.9695171
94.7915780
95.3608384
95.6814404
95.9554838
96.1575249
96.3254691
96.4795372
96.6045377
96.6927317
96.7926171
96.8815469
96.9272868
96.9547762
97.0041052
97.0485701
97.1181914
97.1224412
97.1905234
97.1833660
97.2110822
97.2181109
97.2352849
97.2734540
97.2930263
97.3003021
97.3377852
97.3317590
97.3750351
97.3721814
97.3976455
97.3951876
97.3925336
97.4222064
97.4601847
97.4995754
97.4899251
97.4896929
97.5140534
97.5165288
97.5319148
97.5470488
97.5586986
97.5631104
97.5923150
97.5878556
97.5718698
97.5532766
97.5844532
97.6005665
97.5764197
97.6024709
97.5988105
97.6192493
97.6478733
97.6567745
97.6865034
97.6904010
97.6851230
97.6835045
97.6914201
97.6943290
97.7065298
97.7125097
97.7118599
97.7213472
97.7103595
97.7158977
97.7272505
97.7484797
97.7496338
97.7387010
97.7517597
97.7520550
97.7499208
97.7594535
97.7779550
97.7912577
97.7859884
97.7824016
97.7967125
97.8050084
97.7872396
97.7819364
97.8036761
97.8128935
97.8358088
97.8108160
97.8252747
97.8317586
97.8513296
97.8451231
97.8422444
97.8481733
97.8520407
97.8442218
97.8648831
97.8775676
97.8643590
97.8803027
97.8833206
97.8825674
97.8503744
97.8451494
97.8606446
97.8892819
97.9195693
97.9313312
97.9339643
97.9164533
97.9174435
97.9353411
97.9376368
97.9533874
97.9441932
97.9096647
97.8947214
97.9136645
97.9308102
97.9473213
97.9470853
97.9571747
97.9560463
97.9740760
97.9846428
97.9640101
97.9763344
97.9732755
97.9609070
97.9506155
97.9511022
97.9529914
97.9663577
97.9804444
97.9946797
97.9904708
97.9966630
97.9751899
97.9695241
97.9669483
97.9748295
97.9987185
97.9845988
97.9725515
97.9487816
97.9534822
97.9437649
97.9408480
97.9682657
97.9829709
97.9977445
97.9934053
98.0031627
98.0156097
98.0097558
98.0107177
97.9761483
97.9561075
97.9686927
97.9827503
97.9965455
98.0087132
98.0082567
98.0371852
98.0317286
98.0159569
98.0335869
98.0298016
98.0286552
98.0246279
98.0029559
98.0027935
98.0105356
98.0236749
97.9991393
98.0074195
97.9977831
98.0259029
97.9654066
97.9851478
97.9917138
97.9939128
97.9919420
97.9992912
97.9957097
97.9928675
97.9778103
98.0035700
97.9992932
98.0019746
97.9935210
97.9959673
98.0012110
98.0089964
98.0058796
98.0031101
98.0027835
97.9841769
