0.8040727
2.3398099
1.4586399
0.8629520
0.6622445
0.4986531
0.3584116
0.2976400
0.2690692
0.2351770
0.1983532
0.1667120
0.1575845
0.1497576
0.1232685
0.0978695
0.1042508
0.1170024
0.1242328
0.1335898
0.1226132
0.1398213
0.1229950
0.1399071
0.1558225
0.1557897
0.1552110
0.1603420
0.1600694
0.1696421
0.1573023
0.1736843
0.1669045
0.1990617
0.1745744
0.1739559
0.1849697
0.1845824
0.1640718
0.1617247
0.1613258
0.1646329
0.1657428
0.1534116
0.1579149
0.1600437
0.1631053
0.1668186
0.1605006
0.1587430
0.1750790
0.1993333
0.1816388
0.1750448
0.1923250
0.1854214
0.1941609
0.1803503
0.1674694
0.1660609
0.1534405
0.1470926
0.1523534
0.1701718
0.1717893
0.1597241
0.1553119
0.1614194
0.1625409
0.1650273
0.1627315
0.1624979
0.1617151
0.1473831
0.1453058
0.1532152
0.1466833
0.1410225
0.1407954
0.1443707
0.1510239
0.1620871
0.1700000
0.1687681
0.1623289
0.1494419
0.1662909
0.1582705
0.1353703
0.1218122
0.1116413
0.1355909
0.1190957
0.1189239
0.1194134
0.1249729
0.1187500
0.1287185
0.1349543
0.1351279
0.1218241
0.1145785
0.1178587
0.1224863
0.1220856
0.1218040
0.1429398
0.1519430
0.1498570
0.1346790
0.1145765
0.1167495
0.1319992
0.1371455
0.1352553
0.1133157
0.1186826
0.1098403
0.0997942
0.1224536
0.1353186
0.1228341
0.1188650
0.1133382
0.1136075
0.0994351
0.0950181
0.0972660
0.1034644
0.1053270
0.1057177
0.1035031
0.1062053
0.1042561
0.1040812
0.0985032
0.0862966
0.0896202
0.0863095
0.0922521
0.0946948
0.0963754
0.1108252
0.1031159
0.1051528
0.0858849
0.1069372
0.1100333
0.1014046
0.0910982
0.0953392
0.1051317
0.0936269
0.0935830
0.0957427
0.0972705
0.0929839
0.0844880
0.0854621
0.0889282
0.1009862
0.1063568
0.1064498
0.1025811
0.0986318
0.0938770
0.1035246
0.0906765
0.0972819
0.1122329
0.0985844
0.0983395
0.0935628
0.1027208
0.1213608
0.1078559
0.0936993
0.0962023
0.1135459
0.1082826
0.1166143
0.0951817
0.1238888
0.1028883
0.1056651
0.1145649
0.1160527
0.1186966
0.1205008
0.1233631
0.1416820
0.1305476
0.1278211
0.1319874
0.1416318
0.1491085
0.1397037
0.1365259
0.1244901
0.1276497
0.1215575
0.1214889
