10.7071341
12.3139338
92.3632209
94.1424108
95.1304829
95.6657554
95.9891616
96.2032263
96.4271829
96.5698084
96.6731976
96.7717962
96.8807956
96.9552683
97.0087162
97.0531198
97.1100465
97.1598904
97.2218948
97.2827632
97.3331419
97.3675588
97.4061432
97.4286340
97.4842512
97.4912224
97.5073817
97.5545460
97.5736404
97.5976979
97.6135482
97.6362410
97.6676316
97.7211519
97.7036879
97.7001458
97.7167997
97.7457936
97.7478153
97.7830913
97.7727416
97.7783071
97.8046133
97.7854712
97.8087518
97.8276179
97.8446348
97.8555563
97.8736850
97.8661444
97.8787969
97.9027234
97.9028801
97.9074335
97.9135803
97.9275291
97.9391895
97.9354173
97.9414601
97.9478921
97.9554966
97.9482656
97.9522103
97.9818288
97.9925799
97.9743377
97.9788035
97.9954903
97.9968067
98.0106528
97.9956405
98.0007690
98.0107495
98.0068536
98.0043662
98.0072990
98.0089069
97.9992783
97.9967459
98.0125465
98.0427116
98.0754089
98.0840116
98.0782651
98.0812875
98.0669916
98.0787604
98.0593969
98.0409906
98.0264398
98.0315246
98.0485173
98.0340586
98.0402414
98.0606704
98.0642102
98.0504223
98.0738267
98.0886260
98.0811115
98.0784502
98.0784324
98.0709743
98.0950306
98.0973461
98.0960993
98.1009589
98.1115172
98.1233554
98.1253847
98.1204307
98.1360021
98.1653690
98.1568800
98.1545565
98.1339922
98.1456965
98.1459459
98.1191402
98.1243353
98.1319453
98.1290022
98.1391898
98.1460120
98.1462480
98.1314920
98.1226204
98.1445907
98.1660239
98.1486565
98.1616656
98.1547245
98.1470930
98.1333845
98.1335645
98.1256752
98.1176423
98.1375556
98.1459870
98.1521958
98.1626703
98.1441434
98.1638092
98.1477184
98.1591705
98.1492815
98.1720679
98.1654485
98.1265517
98.1131845
98.1109018
98.1251520
98.1324009
98.1470291
98.1655889
98.1639280
98.1661706
98.1637237
98.1595775
98.1666157
98.1531850
98.1425592
98.1553073
98.1625830
98.1694545
98.1732868
98.1897433
98.1961481
98.2022714
98.2127098
98.2064131
98.2021984
98.1926781
98.2047054
98.2157108
98.1918732
98.1747977
98.1923251
98.1981940
98.1972472
98.2022169
98.1927638
98.1825934
98.1655189
98.1769529
98.1947539
98.1953913
98.2073755
98.2069569
98.2091325
98.2261897
98.2324300
98.2233734
98.2333587
98.2418124
98.2573660
98.2461223
98.2483369
98.2241204
98.2268899
98.2158832
98.1971564
