0.0001639
0.0001638
0.0001441
0.0001309
0.0001201
0.0001115
0.0001051
0.0001009
0.0000992
0.0001004
0.0001049
0.0001130
0.0001235
0.0001388
0.0001572
0.0001795
0.0002076
0.0002388
0.0002776
0.0003234
0.0003759
0.0004383
0.0005119
0.0005966
0.0006960
0.0008113
0.0009470
0.0011061
0.0012935
0.0015122
0.0017698
0.0020717
0.0024286
0.0028525
0.0033557
0.0039557
0.0046699
0.0055254
0.0065415
0.0077503
0.0091888
0.0108837
0.0128640
0.0151400
0.0177051
0.0205235
0.0234763
0.0263929
0.0289923
0.0309592
0.0319491
0.0316589
0.0299767
0.0269890
0.0230836
0.0189580
0.0155850
0.0139115
0.0144392
0.0168748
0.0203094
0.0237776
0.0265617
0.0282536
0.0287072
0.0279376
0.0260703
0.0232604
0.0197389
0.0157444
0.0115569
0.0075706
0.0048163
0.0053559
0.0081675
0.0112875
0.0141378
0.0165398
0.0184349
0.0198229
0.0207224
0.0211809
0.0212897
0.0210855
0.0206800
0.0201239
0.0194743
0.0187781
0.0180759
0.0173848
0.0167177
0.0160811
0.0154774
0.0149205
0.0143802
0.0138647
0.0133684
0.0128946
0.0124344
0.0119891
0.0115591
0.0111406
0.0107289
0.0103329
0.0099437
0.0095684
0.0092041
0.0088558
0.0085194
0.0081973
0.0078902
0.0075886
0.0073006
0.0070277
0.0067669
0.0065135
0.0062675
0.0060392
0.0058136
0.0055992
0.0053880
0.0051861
0.0049926
0.0048140
0.0046365
0.0044628
0.0042913
0.0041290
0.0039741
0.0038225
0.0036745
0.0035296
0.0033910
0.0032547
0.0031256
0.0030002
0.0028754
0.0027582
0.0026428
0.0025343
0.0024276
0.0023256
0.0022307
0.0021371
0.0020479
0.0019585
0.0018755
0.0017957
0.0017189
0.0016463
0.0015792
0.0015116
0.0014446
0.0013848
0.0013254
0.0012708
0.0012193
0.0011665
0.0011196
0.0010751
0.0010318
0.0009913
0.0009545
0.0009180
0.0008868
0.0008578
0.0008341
0.0008112
0.0007881
0.0007709
0.0007535
0.0007386
0.0007248
0.0007132
0.0007039
0.0006998
0.0006965
0.0006911
0.0006909
0.0006898
0.0006884
0.0006908
0.0006909
0.0006924
0.0006953
0.0006979
0.0007029
0.0007078
0.0007106
0.0007168
0.0007198
0.0007259
0.0007272
0.0007311
0.0007348
0.0007397
0.0007420
0.0007479
0.0007504
0.0007514
0.0007531
0.0007553
