0.0014900
0.0014898
0.0014327
0.0013938
0.0013682
0.0013558
0.0013568
0.0013721
0.0014000
0.0014419
0.0014985
0.0015699
0.0016559
0.0017595
0.0018817
0.0020240
0.0021893
0.0023793
0.0025989
0.0028498
0.0031359
0.0034634
0.0038388
0.0042667
0.0047612
0.0053260
0.0059767
0.0067263
0.0075914
0.0085901
0.0097502
0.0110982
0.0126695
0.0145062
0.0166581
0.0191871
0.0221662
0.0256897
0.0298470
0.0347638
0.0405981
0.0474872
0.0556150
0.0651279
0.0761831
0.0889058
0.1032706
0.1191610
0.1362020
0.1537942
0.1710956
0.1870598
0.2006657
0.2110383
0.2177782
0.2212193
0.2224446
0.2230129
0.2243940
0.2273538
0.2318489
0.2373829
0.2432691
0.2488412
0.2535240
0.2569139
0.2588045
0.2590740
0.2577499
0.2549748
0.2509741
0.2461000
0.2412900
0.2384137
0.2366543
0.2343810
0.2311707
0.2269935
0.2219182
0.2160566
0.2095417
0.2025271
0.1951988
0.1876646
0.1801171
0.1726675
0.1653931
0.1583880
0.1516939
0.1453373
0.1393280
0.1336537
0.1283188
0.1233214
0.1186001
0.1141619
0.1099719
0.1060199
0.1022918
0.0987702
0.0954405
0.0922859
0.0892900
0.0864423
0.0837289
0.0811546
0.0787021
0.0763630
0.0741398
0.0720166
0.0699916
0.0680494
0.0661917
0.0644132
0.0627140
0.0610756
0.0594975
0.0579965
0.0565391
0.0551406
0.0537909
0.0524857
0.0512288
0.0500225
0.0488525
0.0477248
0.0466314
0.0455756
0.0445542
0.0435697
0.0426154
0.0416875
0.0407937
0.0399271
0.0390884
0.0382758
0.0374874
0.0367277
0.0359870
0.0352704
0.0345794
0.0339109
0.0332644
0.0326394
0.0320296
0.0314353
0.0308625
0.0303066
0.0297689
0.0292481
0.0287464
0.0282530
0.0277729
0.0273108
0.0268608
0.0264270
0.0260061
0.0255938
0.0251952
0.0248100
0.0244320
0.0240657
0.0237103
0.0233649
0.0230326
0.0227076
0.0223954
0.0220893
0.0217929
0.0215034
0.0212230
0.0209498
0.0206844
0.0204269
0.0201779
0.0199390
0.0197073
0.0194738
0.0192533
0.0190362
0.0188213
0.0186152
0.0184144
0.0182170
0.0180252
0.0178381
0.0176587
0.0174797
0.0173007
0.0171320
0.0169617
0.0167988
0.0166356
0.0164761
0.0163183
0.0161656
0.0160146
0.0158688
0.0157252
0.0155814
0.0154413
0.0153013
