272.5862212
10.4994776
0.1262583
0.0674770
0.0329786
0.0212808
0.0160706
0.0161318
0.0129123
0.0123450
0.0094504
0.0102600
0.0085299
0.0089056
0.0086582
0.0070515
0.0070312
0.0063968
0.0079225
0.0068508
0.0059156
0.0058933
0.0062140
0.0050733
0.0052651
0.0055062
0.0052757
0.0054918
0.0051153
0.0057711
0.0045923
0.0066742
0.0042520
0.0049942
0.0051072
0.0043209
0.0045468
0.0039249
0.0041072
0.0041515
0.0044500
0.0039144
0.0042980
0.0036280
0.0043965
0.0044366
0.0039581
0.0041220
0.0036554
0.0033499
0.0044018
0.0035758
0.0036424
0.0040641
0.0039321
0.0037242
0.0033658
0.0035840
0.0032536
0.0034426
0.0036121
0.0036730
0.0030648
0.0033347
0.0030339
0.0036854
0.0038048
0.0033488
0.0036895
0.0042606
0.0029426
0.0030665
0.0037931
0.0030448
0.0034482
0.0032158
0.0031646
0.0029771
0.0035313
0.0032708
0.0029322
0.0028923
0.0029223
0.0030851
0.0032624
0.0028258
0.0029004
0.0033500
0.0029241
0.0031870
0.0028765
0.0030315
0.0028266
0.0028588
0.0028633
0.0028197
0.0034875
0.0031687
0.0031842
0.0029579
0.0031555
0.0028659
0.0029379
0.0030349
0.0029631
0.0029683
0.0030249
0.0032718
0.0028431
0.0030054
0.0028799
0.0030272
0.0027092
0.0027507
0.0027543
0.0027360
0.0026505
0.0026491
0.0026909
0.0027883
0.0032421
0.0024120
0.0026304
0.0028720
0.0026789
0.0026833
0.0026287
0.0024706
0.0025435
0.0030091
0.0025862
0.0030210
0.0025182
0.0023420
0.0024681
0.0025288
0.0023471
0.0025649
0.0026962
0.0028409
0.0024832
0.0024012
0.0028495
0.0024234
0.0023270
0.0028053
0.0023221
0.0027044
0.0023110
0.0022412
0.0025800
0.0027681
0.0022429
0.0022552
0.0022990
0.0026934
0.0028730
0.0022983
0.0023235
0.0026309
0.0024323
0.0022870
0.0025086
0.0027444
0.0022739
0.0024122
0.0023328
0.0023699
0.0021841
0.0026466
0.0022614
0.0022012
0.0022891
0.0023029
0.0022261
0.0023468
0.0023755
0.0023559
0.0022909
0.0024754
0.0023285
0.0026187
0.0020925
0.0023737
0.0022243
0.0024915
0.0022782
0.0028610
0.0023615
0.0021810
0.0023407
0.0025087
0.0023064
0.0023236
0.0020066
0.0026233
0.0021710
0.0022873
0.0025652
0.0023621
0.0023867
0.0021743
