272.1898312
10.4230276
0.0963211
0.0415560
0.0226262
0.0169816
0.0135056
0.0142612
0.0105424
0.0098945
0.0086845
0.0094457
0.0080653
0.0070141
0.0071566
0.0062400
0.0065314
0.0057201
0.0055960
0.0061277
0.0053623
0.0053084
0.0047852
0.0044497
0.0045076
0.0046825
0.0050150
0.0050934
0.0044323
0.0039424
0.0041518
0.0032149
0.0038548
0.0043907
0.0045340
0.0041495
0.0037445
0.0037068
0.0036292
0.0038490
0.0036255
0.0036728
0.0034534
0.0032516
0.0036553
0.0037955
0.0032840
0.0037336
0.0033162
0.0031700
0.0034112
0.0034061
0.0031993
0.0033825
0.0030566
0.0031470
0.0031027
0.0031989
0.0031326
0.0030455
0.0032948
0.0027232
0.0028429
0.0030021
0.0027565
0.0029299
0.0030794
0.0029539
0.0030367
0.0029320
0.0026891
0.0028474
0.0032288
0.0028632
0.0027174
0.0027359
0.0029475
0.0026796
0.0024301
0.0029404
0.0027510
0.0026354
0.0025298
0.0027812
0.0029080
0.0025421
0.0026820
0.0029087
0.0026331
0.0030641
0.0026867
0.0025296
0.0026102
0.0025000
0.0026169
0.0025667
0.0026771
0.0028069
0.0027542
0.0027155
0.0026498
0.0026514
0.0025923
0.0024862
0.0025535
0.0025700
0.0027581
0.0022372
0.0024711
0.0026371
0.0023041
0.0026503
0.0024111
0.0024201
0.0025374
0.0024569
0.0024273
0.0023783
0.0024178
0.0024425
0.0023394
0.0022432
0.0023599
0.0021713
0.0023867
0.0024494
0.0023428
0.0022922
0.0023678
0.0022580
0.0023146
0.0021607
0.0022760
0.0021084
0.0022560
0.0023523
0.0021477
0.0022470
0.0025284
0.0025747
0.0022472
0.0020878
0.0023989
0.0021483
0.0021310
0.0022376
0.0021166
0.0023055
0.0021885
0.0020903
0.0023465
0.0023901
0.0020882
0.0020956
0.0020194
0.0023826
0.0017987
0.0021415
0.0020719
0.0022780
0.0021367
0.0020878
0.0023011
0.0021849
0.0020119
0.0022436
0.0020378
0.0019810
0.0020140
0.0023062
0.0020241
0.0020654
0.0020098
0.0020076
0.0019791
0.0021205
0.0020782
0.0020693
0.0020451
0.0021330
0.0021441
0.0021119
0.0018909
0.0021247
0.0018957
0.0023332
0.0021214
0.0016785
0.0020782
0.0020455
0.0021185
0.0023468
0.0019523
0.0019324
0.0018220
0.0021746
0.0019835
0.0020168
0.0022548
0.0021068
0.0022003
0.0019003
