0.4522220
0.0872181
0.0341539
0.0295720
0.0118106
0.0049048
0.0029264
0.0021341
0.0027037
0.0027957
0.0008738
0.0009290
0.0005301
0.0021580
0.0017132
0.0009258
0.0005702
0.0007720
0.0026542
0.0008249
0.0006313
0.0006672
0.0016300
0.0007115
0.0008643
0.0009398
0.0002974
0.0004544
0.0007792
0.0020863
0.0005025
0.0039465
0.0004531
0.0006884
0.0006539
0.0001954
0.0009153
0.0002488
0.0005453
0.0003450
0.0009407
0.0002756
0.0009636
0.0004293
0.0008456
0.0007315
0.0007690
0.0004432
0.0003870
0.0002052
0.0011301
0.0001936
0.0005055
0.0007776
0.0009989
0.0006585
0.0003002
0.0004394
0.0001380
0.0004530
0.0003619
0.0010836
0.0002532
0.0003795
0.0003164
0.0008620
0.0008276
0.0004505
0.0007447
0.0015157
0.0002892
0.0002500
0.0006437
0.0002071
0.0008337
0.0005475
0.0002477
0.0003394
0.0012563
0.0003769
0.0002067
0.0002930
0.0004478
0.0003467
0.0004043
0.0003236
0.0002491
0.0005034
0.0003320
0.0001402
0.0002165
0.0005726
0.0002469
0.0004094
0.0002811
0.0002887
0.0009246
0.0004127
0.0004905
0.0002765
0.0005770
0.0002446
0.0003942
0.0006261
0.0004674
0.0004545
0.0003044
0.0011802
0.0004244
0.0004202
0.0006569
0.0004300
0.0003401
0.0003771
0.0002474
0.0003184
0.0002546
0.0003089
0.0003115
0.0003944
0.0010299
0.0001925
0.0003086
0.0007993
0.0003334
0.0002669
0.0003262
0.0002036
0.0002004
0.0008569
0.0003098
0.0009815
0.0002764
0.0002665
0.0002420
0.0002013
0.0002275
0.0003628
0.0001914
0.0003036
0.0002693
0.0003576
0.0005141
0.0003138
0.0002236
0.0006477
0.0002344
0.0004550
0.0001397
0.0001721
0.0002665
0.0004312
0.0001764
0.0001822
0.0003190
0.0003546
0.0012257
0.0001788
0.0002870
0.0004026
0.0003373
0.0002273
0.0002367
0.0006384
0.0002990
0.0001923
0.0003366
0.0004436
0.0001940
0.0003884
0.0002707
0.0001550
0.0003187
0.0003370
0.0002817
0.0002583
0.0003392
0.0003270
0.0002805
0.0003907
0.0002104
0.0005782
0.0002300
0.0002840
0.0003749
0.0001806
0.0001789
0.0013490
0.0003232
0.0001545
0.0002535
0.0001848
0.0004039
0.0004462
0.0002106
0.0005119
0.0002139
0.0003086
0.0003541
0.0002913
0.0002127
0.0003126
