272.9826112
10.5759276
0.1561955
0.0933980
0.0433311
0.0255800
0.0186357
0.0180024
0.0152823
0.0147956
0.0102162
0.0110743
0.0089946
0.0107971
0.0101599
0.0078631
0.0075310
0.0070734
0.0102491
0.0075738
0.0064690
0.0064781
0.0076428
0.0056969
0.0060227
0.0063299
0.0055364
0.0058901
0.0057983
0.0075998
0.0050327
0.0101335
0.0046492
0.0055976
0.0056804
0.0044922
0.0053491
0.0041429
0.0045852
0.0044539
0.0052746
0.0041559
0.0051427
0.0040043
0.0051377
0.0050778
0.0046321
0.0045105
0.0039947
0.0035298
0.0053924
0.0037456
0.0040855
0.0047457
0.0048077
0.0043014
0.0036289
0.0039692
0.0033746
0.0038396
0.0039293
0.0046228
0.0032867
0.0036674
0.0033112
0.0044410
0.0045302
0.0037437
0.0043422
0.0055891
0.0031961
0.0032857
0.0043573
0.0032263
0.0041790
0.0036957
0.0033817
0.0032747
0.0046325
0.0036012
0.0031133
0.0031491
0.0033148
0.0033889
0.0036168
0.0031094
0.0031188
0.0037913
0.0032151
0.0033099
0.0030662
0.0035334
0.0030431
0.0032177
0.0031097
0.0030727
0.0042979
0.0035304
0.0036141
0.0032003
0.0036612
0.0030803
0.0032834
0.0035837
0.0033728
0.0033667
0.0032917
0.0043063
0.0032150
0.0033737
0.0034557
0.0034041
0.0030073
0.0030812
0.0029712
0.0030151
0.0028736
0.0029200
0.0029639
0.0031340
0.0041448
0.0025807
0.0029009
0.0035726
0.0029711
0.0029172
0.0029146
0.0026491
0.0027192
0.0037601
0.0028578
0.0038814
0.0027605
0.0025756
0.0026803
0.0027053
0.0025464
0.0028829
0.0028640
0.0031070
0.0027192
0.0027147
0.0033001
0.0026984
0.0025230
0.0033730
0.0025275
0.0031032
0.0024335
0.0023920
0.0028136
0.0031461
0.0023975
0.0024149
0.0025785
0.0030043
0.0039474
0.0024550
0.0025751
0.0029838
0.0027280
0.0024863
0.0027161
0.0033040
0.0025360
0.0025807
0.0026279
0.0027587
0.0023541
0.0029870
0.0024987
0.0023371
0.0025685
0.0025983
0.0024730
0.0025732
0.0026728
0.0026425
0.0025368
0.0028179
0.0025129
0.0031256
0.0022941
0.0026227
0.0025528
0.0026498
0.0024351
0.0040435
0.0026448
0.0023164
0.0025628
0.0026707
0.0026605
0.0027147
0.0021913
0.0030720
0.0023585
0.0025578
0.0028756
0.0026174
0.0025731
0.0024483
