10.0023333
10.2623333
91.8073333
94.0073333
94.9713333
95.5123333
95.8963333
96.1540000
96.3480000
96.5016667
96.6196667
96.6996667
96.7866667
96.8570000
96.9263333
96.9716667
97.0266667
97.0596667
97.1003333
97.1403333
97.1573333
97.2043333
97.2250000
97.2520000
97.2953333
97.3116667
97.3456667
97.3810000
97.4050000
97.4300000
97.4416667
97.4666667
97.4846667
97.4876667
97.4946667
97.5046667
97.5256667
97.5470000
97.5590000
97.5826667
97.5773333
97.5983333
97.6146667
97.6226667
97.6316667
97.6270000
97.6416667
97.6410000
97.6496667
97.6476667
97.6460000
97.6543333
97.6666667
97.6640000
97.6843333
97.6836667
97.6800000
97.6903333
97.7056667
97.7233333
97.7393333
97.7300000
97.7440000
97.7453333
97.7453333
97.7330000
97.7260000
97.7236667
97.7356667
97.7530000
97.7616667
97.7576667
97.7750000
97.7783333
97.7986667
97.8050000
97.8040000
97.7996667
97.8013333
97.8026667
97.8116667
97.8116667
97.8143333
97.8363333
97.8360000
97.8333333
97.8306667
97.8213333
97.8196667
97.8213333
97.8280000
97.8333333
97.8376667
97.8463333
97.8520000
97.8480000
97.8516667
97.8623333
97.8656667
97.8620000
97.8623333
97.8800000
97.8836667
97.8930000
97.8966667
97.8860000
97.8663333
97.8456667
97.8433333
97.8556667
97.8573333
97.8553333
97.8760000
97.8723333
97.8816667
97.8890000
97.8740000
97.8800000
97.9066667
97.8853333
97.8736667
97.8686667
97.8503333
97.8743333
97.8836667
97.8936667
97.8870000
97.8946667
97.9173333
97.9226667
97.9366667
97.9540000
97.9643333
97.9660000
97.9656667
97.9456667
97.9220000
97.9006667
97.9020000
97.9106667
97.9260000
97.9433333
97.9536667
97.9503333
97.9716667
97.9843333
97.9810000
97.9733333
97.9653333
97.9606667
97.9466667
97.9386667
97.9436667
97.9690000
97.9666667
97.9640000
97.9750000
97.9770000
97.9806667
97.9863333
97.9790000
97.9740000
97.9546667
97.9223333
97.9220000
97.9173333
97.9270000
97.9403333
97.9420000
97.9420000
97.9390000
97.9483333
97.9580000
97.9710000
97.9810000
97.9870000
98.0040000
97.9950000
97.9930000
97.9933333
97.9993333
97.9906667
97.9983333
97.9893333
97.9910000
97.9880000
97.9690000
97.9740000
97.9790000
97.9830000
97.9873333
97.9960000
98.0200000
98.0310000
98.0463333
98.0466667
98.0126667
98.0100000
98.0136667
98.0223333
98.0353333
98.0540000
