9.2975325
8.2106556
90.8045007
93.3653433
94.4284747
95.0129160
95.4697728
95.7584018
95.9907713
96.1631732
96.3056241
96.4067905
96.5211962
96.6112852
96.6832136
96.7510508
96.7962020
96.8370987
96.8908905
96.9418890
96.9628471
97.0077840
97.0342647
97.0719349
97.1149887
97.1300753
97.1685239
97.2163844
97.2280033
97.2528298
97.2603481
97.2731586
97.3151486
97.3196759
97.3310842
97.3347362
97.3621281
97.3879341
97.4059983
97.4305295
97.4235275
97.4537738
97.4886041
97.4790207
97.4863679
97.4881504
97.5102508
97.5201153
97.5311433
97.5387946
97.5329956
97.5337315
97.5402100
97.5394115
97.5547999
97.5666510
97.5544648
97.5479684
97.5765954
97.6051938
97.6287883
97.6153442
97.6214043
97.6290055
97.6084155
97.5899143
97.5849115
97.5909792
97.6207743
97.6257109
97.6366664
97.6388333
97.6436069
97.6513142
97.6841137
97.7015049
97.6904831
97.6989202
97.7066906
97.7122863
97.7044205
97.7013520
97.7087210
97.7382706
97.7381718
97.7307038
97.7120742
97.7133952
97.7150990
97.7082844
97.7202836
97.7191962
97.7254773
97.7397362
97.7466759
97.7345177
97.7374360
97.7559800
97.7746744
97.7605064
97.7699214
97.7802345
97.7789522
97.7916705
97.8022606
97.7798998
97.7529714
97.7190595
97.7213401
97.7416021
97.7479762
97.7589344
97.7761421
97.7757787
97.7764577
97.7929907
97.7628619
97.7627927
97.7891683
97.7748083
97.7889376
97.7696898
97.7567656
97.7818799
97.7709618
97.7858314
97.7643702
97.7837985
97.8193569
97.8239351
97.8313644
97.8540994
97.8661262
97.8655965
97.8695907
97.8383743
97.8135490
97.7659355
97.7590576
97.8050180
97.8423703
97.8635785
97.8674940
97.8610468
97.8902067
97.8957369
97.8874496
97.8859379
97.8788245
97.8735766
97.8777284
97.8577619
97.8593062
97.8959633
97.8831013
97.8759836
97.8874095
97.9068745
97.9143696
97.9268377
97.9143920
97.9102031
97.8520355
97.7562540
97.7624652
97.7512771
97.7693437
97.8088026
97.8124178
97.8121052
97.8156788
97.8324702
97.8638955
97.8786805
97.8824675
97.9059898
97.9225421
97.9069186
97.8960360
97.9076644
97.9105684
97.8853498
97.8972037
97.8764045
97.8793178
97.8710063
97.8734676
97.8867092
97.9039571
97.9065215
97.9067024
97.9039630
97.9413445
97.9533352
97.9633554
97.9592908
97.9128943
97.9177573
97.9168084
97.9235887
97.9294796
97.9518558
