0.8040727
2.3406586
1.1440827
0.7324150
0.6193208
0.5697608
0.4866420
0.4513186
0.4075447
0.3861707
0.3582758
0.3341281
0.3028623
0.2803240
0.2773634
0.2516898
0.2629258
0.2539169
0.2389430
0.2263954
0.2218798
0.2242335
0.2176006
0.2054275
0.2057463
0.2071687
0.2020935
0.1878019
0.2019268
0.2021248
0.2068574
0.2207638
0.1933948
0.1916525
0.1866232
0.1938654
0.1865732
0.1814705
0.1745521
0.1735659
0.1754695
0.1649209
0.1438186
0.1638787
0.1657642
0.1584066
0.1499259
0.1379114
0.1352175
0.1242068
0.1289212
0.1375888
0.1442683
0.1421369
0.1477784
0.1334974
0.1432170
0.1624172
0.1472511
0.1347797
0.1261155
0.1308052
0.1398634
0.1327127
0.1562029
0.1632394
0.1609610
0.1513766
0.1310750
0.1452178
0.1426067
0.1355712
0.1499000
0.1449099
0.1306879
0.1180725
0.1295059
0.1149367
0.1079732
0.1031105
0.1223520
0.1258526
0.1204879
0.1118749
0.1116074
0.1170850
0.1352964
0.1231413
0.1192961
0.1289720
0.1228884
0.1302135
0.1279913
0.1216114
0.1201592
0.1294664
0.1303201
0.1213333
0.1038086
0.1157891
0.1054282
0.1138176
0.1194636
0.1156018
0.1077033
0.1210445
0.1293290
0.1444399
0.1391761
0.1301307
0.1247602
0.1099768
0.1139230
0.1101544
0.1200278
0.1095323
0.1267920
0.1337161
0.1340481
0.1260926
0.0966632
0.1129179
0.1067468
0.1054756
0.1285794
0.1230239
0.1399023
0.1264841
0.1117766
0.1126381
0.1201342
0.1139717
0.1120397
0.1145455
0.1096084
0.1224046
0.1237264
0.1537082
0.1630760
0.1205294
0.0954091
0.0909884
0.0983102
0.1018627
0.0929337
0.1010753
0.1067271
0.0997051
0.0986937
0.0993568
0.0786483
0.0923002
0.0962427
0.0833240
0.0953357
0.1004136
0.0999278
0.0800028
0.0756351
0.0678757
0.0737081
0.0727828
0.1170869
0.1894718
0.1820055
0.1894454
0.1798623
0.1500570
0.1478340
0.1481906
0.1406912
0.1321825
0.1073592
0.1053228
0.1124110
0.0924205
0.0929313
0.1004877
0.1106215
0.0977355
0.1012675
0.1201508
0.1153738
0.1288350
0.1274127
0.1334724
0.1089883
0.0995858
0.0856128
0.0872506
0.0919879
0.1050005
0.0897342
0.0886040
0.0946655
0.0996828
0.1138254
0.1052352
0.1105009
0.1126529
0.1207633
0.1165314
