10.7071341
12.3140111
92.8101660
94.6493234
95.5141919
96.0117507
96.3228939
96.5495982
96.7052287
96.8401602
96.9337093
96.9925428
97.0521372
97.1027148
97.1694531
97.1922825
97.2571313
97.2822346
97.3097761
97.3387777
97.3518196
97.4008827
97.4157353
97.4320651
97.4756780
97.4932581
97.5228094
97.5456156
97.5819967
97.6071702
97.6229852
97.6601747
97.6541847
97.6556575
97.6582491
97.6745971
97.6892053
97.7060659
97.7120017
97.7348039
97.7311392
97.7428928
97.7407292
97.7663127
97.7769654
97.7658496
97.7730825
97.7618847
97.7681900
97.7565387
97.7590044
97.7749352
97.7931234
97.7885885
97.8138668
97.8006823
97.8055352
97.8326982
97.8347380
97.8414729
97.8498784
97.8446558
97.8665957
97.8616612
97.8822512
97.8760857
97.8670885
97.8563541
97.8505590
97.8802891
97.8866669
97.8765001
97.9063931
97.9053525
97.9132197
97.9084951
97.9175169
97.9004131
97.8959761
97.8930470
97.9189129
97.9219814
97.9199456
97.9343960
97.9338282
97.9359628
97.9492592
97.9292714
97.9242343
97.9343823
97.9357164
97.9474705
97.9498560
97.9529304
97.9573241
97.9614823
97.9658973
97.9686867
97.9566589
97.9634936
97.9547452
97.9797655
97.9883811
97.9943295
97.9910728
97.9921002
97.9796952
97.9722738
97.9653266
97.9697313
97.9666905
97.9517322
97.9758579
97.9688880
97.9868756
97.9850093
97.9851381
97.9972073
98.0241650
97.9958583
97.9583957
97.9676435
97.9439011
97.9667868
97.9963715
98.0015019
98.0096298
98.0055349
98.0153098
98.0213983
98.0419689
98.0539006
98.0625404
98.0664035
98.0617427
98.0529590
98.0304510
98.0353979
98.0449424
98.0163153
98.0096297
98.0230882
98.0398393
98.0396199
98.0531266
98.0729298
98.0745504
98.0607287
98.0518422
98.0477568
98.0156049
98.0195714
98.0280272
98.0420367
98.0502321
98.0520164
98.0625905
98.0471255
98.0469637
98.0458290
98.0436080
98.0377969
98.0572978
98.0884127
98.0815348
98.0833895
98.0846563
98.0718641
98.0715822
98.0718948
98.0623212
98.0641964
98.0521045
98.0633195
98.0795325
98.0680102
98.0854579
98.0830814
98.0899640
98.0790023
98.0880982
98.0959835
98.0994629
98.1022621
98.1026822
98.1049937
98.0645324
98.0612908
98.0540429
98.0594785
98.0679643
98.0880370
98.0986555
98.1086648
98.1293113
98.1340425
98.1124390
98.1022427
98.1105250
98.1210779
98.1411870
98.1561442
