0.9999750099960016
0.9849510195921631
0.2278688524590164
0.4017243102758896
0.4184426229508197
0.4016543382646941
0.3958116753298681
0.3862255097960816
0.3846561375449820
0.3785435825669732
0.3765943622550980
0.3730507796881247
0.3681477409036386
0.3691323470611755
0.3666783286685326
0.3629348260695722
0.3602758896441424
0.3596711315473811
0.3587814874050380
0.3582766893242703
0.3566973210715714
0.3558926429428229
0.3511795281887246
0.3436075569772091
0.3500499800079968
0.3468412634946022
0.3491653338664534
0.3512395041983207
0.3449420231907237
0.3475309876049580
0.3433176729308277
0.3444672131147541
0.3434626149540184
0.3417383046781287
0.3428078768492603
0.3387694922031187
0.3432976809276290
0.3399540183926429
0.3407986805277889
0.3373650539784087
0.3355357856857257
0.3372001199520192
0.3344912035185926
0.3376299480207917
0.3278888444622151
0.3291783286685326
0.3337415033986406
0.3311525389844062
0.3307127149140344
0.3279338264694122
0.3266493402638945
0.3260195921631348
0.3274490203918433
0.3270741703318673
0.3283686525389844
0.3264044382247101
0.3255497800879648
0.3143392642942823
0.3185475809676130
0.3183576569372251
0.3189624150339864
0.3115553778488604
0.3177878848460616
0.3182876849260296
0.3158336665333866
0.3166133546581368
0.3144742103158736
0.3129498200719713
0.3131847261095562
0.3084216313474610
0.3105407836865254
0.3121851259496201
0.3083766493402639
0.3099010395841663
0.3086365453818473
0.3122750899640144
0.3076719312275090
0.3076519392243103
0.3056027588964414
0.3011545381847262
0.3070721711315474
0.3001749300279888
0.3002349060375850
0.3028988404638144
0.2986005597760896
0.2994702119152339
0.3012245101959216
0.2943322670931627
0.3009246301479408
0.2935425829668133
0.2982107157137145
0.2948970411835266
0.2942722910835666
0.2955367852858857
0.2941473410635746
0.2985455817672931
0.2949320271891244
0.2951219512195122
0.2884946021591364
0.2940373850459816
0.2933526589364254
0.2956667333066774
0.2897940823670532
0.2956717313074770
0.2932576969212315
0.2930627748900440
0.2937075169932027
0.2947720911635345
0.2966863254698121
0.2899740103958417
0.2940723710515794
0.2914784086365454
0.2950019992003198
0.2904788084766093
0.2900289884046381
0.2898940423830467
0.2905387844862055
0.2927279088364654
0.2904438224710116
0.2936375449820072
0.2904888044782087
0.2926079568172731
0.2936275489804078
0.2933776489404238
0.2870801679328269
0.2883046781287485
0.2917333066773291
0.2864954018392643
0.2897191123550580
0.2891043582566973
0.2882147141143543
0.2917732906837265
0.2910185925629748
0.2901889244302279
0.2896091563374650
0.2900489804078369
0.2893792483006797
0.2883046781287485
0.2860805677728909
0.2910235905637745
0.2891243502598960
0.2881947221111555
0.2867203118752499
0.2886345461815274
0.2859806077568973
0.2884746101559377
0.2894992003198720
0.2838764494202319
0.2862205117952819
0.2871451419432227
0.2852508996401439
0.2881947221111555
0.2859306277489004
0.2884996001599360
0.2880847660935626
0.2837564974010396
0.2872650939624151
0.2857656937225110
0.2859956017592963
0.2894842063174730
0.2881047580967613
0.2848510595761695
0.2882996801279488
0.2816573370651739
0.2854108356657337
0.2809326269492203
0.2862005197920832
0.2826569372251100
0.2886595361855258
0.2815723710515794
0.2871801279488205
0.2840563774490204
0.2872800879648141
0.2840263894442223
0.2856857257097161
0.2846261495401839
0.2813824470211915
0.2843162734906037
0.2830317872850860
0.2853608556577369
0.2855557776889245
0.2800629748100760
0.2794732107157137
0.2857407037185126
0.2856907237105158
0.2842712914834066
0.2867203118752499
0.2858556577369052
0.2859156337465014
0.2814124350259896
0.2832716913234706
0.2838764494202319
0.2816973210715714
0.2838114754098361
0.2854008396641343
0.2806377449020392
0.2795131947221111
0.2817273090763694
0.2841563374650140
0.2806827269092363
0.2877598960415834
0.2860405837664934
