271.0574996982269340
10.4781210023073612
0.0001072494110434
0.0005120120582663
0.0006846582486650
0.0003446646931107
0.0005064345304710
0.0002823689320922
0.0002669304443654
0.0002746643514296
0.0001762853021232
0.0002273291841053
0.0001455399751791
0.0001779985908827
0.0001133270371979
0.0001300163648617
0.0001566689568012
0.0001046752664098
0.0001316193949952
0.0000926897232518
0.0001295277407507
0.0000845313223044
0.0000871038172597
0.0000575313702719
0.0000726559671078
0.0000636498170825
0.0000851822356449
0.0000858806674723
0.0000538831511543
0.0000656530556850
0.0000372022877835
0.0000593917289679
0.0000755262877305
0.0000437011292545
0.0000561197573905
0.0000504365467883
0.0000681225526539
0.0000456411262165
0.0000577237721713
0.0000419240219151
0.0000420755147129
0.0000580946515570
0.0000397548430232
0.0000395236849172
0.0000342825925618
0.0000410022187716
0.0000386128331758
0.0000380371246970
0.0000435995909518
0.0000337983387573
0.0000447983476516
0.0000265582377351
0.0000469093457017
0.0000388431322838
0.0000339900358310
0.0000573670218266
0.0000281554567493
0.0000245705481395
0.0000228774021310
0.0000216057029042
0.0000230878943458
0.0000230847419141
0.0000248281411899
0.0000254184792337
0.0000231349891660
0.0000303623125637
0.0000265187703563
0.0000258329802540
0.0000263966267889
0.0000171941399287
0.0000194968804188
0.0000242678905012
0.0000202998240241
0.0000244363427280
0.0000169055943037
0.0000344771349540
0.0000240000580087
0.0000303917569738
0.0000250251116278
0.0000177170710588
0.0000299676891067
0.0000153458326360
0.0000174535160286
0.0000277142595194
0.0000169025308140
0.0000209433193211
0.0000169913277581
0.0000193314552533
0.0000225376874461
0.0000181012707962
0.0000220225359131
0.0000221836411708
0.0000142674242619
0.0000236078196465
0.0000169153620098
0.0000188478765396
0.0000189774295377
0.0000150914462813
0.0000089996132808
0.0000205982185831
0.0000165369944380
0.0000136869221246
0.0000141536648299
0.0000154382426893
0.0000101703227100
0.0000181957678231
0.0000163758270774
0.0000281827403135
0.0000179604279939
0.0000128187988505
0.0000124881949913
0.0000171531216240
0.0000129769772103
0.0000138154364594
0.0000174953849346
0.0000098319188844
0.0000096617890090
0.0000137181174260
0.0000117625458181
0.0000188510080645
0.0000127494281488
0.0000159703333893
0.0000160820490778
0.0000178160877955
0.0000094893297716
0.0000136875849252
0.0000163989616435
0.0000097198021042
0.0000116577874583
0.0000168177991783
0.0000194765121879
0.0000114358241843
0.0000156635284839
0.0000196754096196
0.0000271659451749
0.0000099978371732
0.0000115383224190
0.0000098406057283
0.0000112402264957
0.0000185744389063
0.0000156653542007
0.0000101580427562
0.0000099168294396
0.0000113040204966
0.0000097753327269
0.0000091155477908
0.0000133361917424
0.0000124289633611
0.0000120842610361
0.0000112049821426
0.0000146517990284
0.0000165505162644
0.0000144896348444
0.0000095049360221
0.0000095236037218
0.0000085455551924
0.0000161820279021
0.0000151988125724
0.0000091078821518
0.0000118997477410
0.0000142143793276
0.0000090632633303
0.0000122915353461
0.0000062648706036
0.0000090315751799
0.0000085600322494
0.0000221969399381
0.0000060102041422
0.0000135880016197
0.0000061950922110
0.0000125038626741
0.0000117582470999
0.0000102843753977
0.0000098057171609
0.0000073562274078
0.0000128411533910
0.0000085244938245
0.0000086656832166
0.0000087273134562
0.0000111191180460
0.0000100762726148
0.0000070252101771
0.0000075667243277
0.0000099611508199
0.0000093750329209
0.0000095871758784
0.0000118719607504
0.0000079033085516
0.0000127519241719
0.0000113339683526
0.0000098634543487
0.0000098510421104
0.0000104442795373
0.0000085637124299
0.0000095519599213
0.0000062399702297
0.0000119645279200
0.0000081219351208
0.0000115895791973
0.0000066674001632
0.0000116221178459
0.0000104498575997
