4.8659695248454948
4.6581258648012973
0.7968352106164207
6.1995208414094822
18.2999126536098551
27.0079642956104138
32.6718808089568711
36.8403868271683947
40.0766521421649600
42.7998591610435000
45.0322608185214790
46.9677023152791548
48.6807483682553581
50.1397757950563516
51.5044469551399260
52.7415834419014971
53.8644133658452944
54.8540130264534014
55.8333617461444902
56.7229777792516359
57.5668951056900866
58.3567932539555443
59.1046450822828575
59.7890953364526681
60.4398792008371828
61.0660855169937591
61.6753685842197470
62.2270280827099782
62.8186421023547297
63.3503468483445360
63.8871769695222440
64.3835623410363524
64.8646717185969663
65.3285631569937522
65.7841405123133143
66.2410542372226558
66.6576455679516755
67.0669316065880992
67.4630485499498178
67.8649688881174740
68.2599489092365701
68.6443197081003831
69.0237432088345884
69.3920299621769914
69.7575498739344084
70.1115003551624483
70.4466979929977271
70.7709245533332165
71.1048424720820123
71.4252416960418941
71.7589344879361306
72.0615002723554454
72.3566651193349912
72.6426819909015649
72.9382663171467982
73.2211723374052497
73.4848154764121659
73.7448948652199334
74.0181848051883549
74.2832993337256084
74.5392304493356903
74.7925370958149784
75.0486736020790204
75.3100642319052582
75.5444820430069797
75.7826972530473597
76.0180109492705753
76.2485136059404596
76.4753077962008234
76.7099675579771088
76.9323097727838245
77.1483355938465536
77.3699711961901215
77.5759310907125865
77.7954807989536619
78.0122436182420671
78.2210086491597707
78.4252558016643349
78.6254786209896679
78.8207001457262209
79.0144430073017645
79.2181772839303306
79.4258337811603496
79.6151822731390979
79.8078883315365317
80.0002514394753348
80.1901622385126984
80.3767866138588545
80.5567446919913976
80.7283622166495860
80.9101556983387411
81.0848440850305536
81.2458233968026775
81.4206354721490300
81.5822759200309662
81.7348683762081407
81.8989004483799334
82.0579777195154065
82.2219867325686380
82.3909261750761743
82.5524844616425213
82.7133640914051682
82.8637338658831482
83.0175239721070852
83.1672222748773464
83.3237040815639176
83.4852734898542508
83.6183334468171040
83.7633452102993488
83.9140090746438290
84.0744861720096424
84.2068866102412557
84.3611850299077304
84.5097142900819023
84.6441771353978254
84.7832801514908709
84.9131956378256092
85.0577407555730076
85.1957745988866151
85.3256491115438109
85.4596974671848528
85.5903211907978516
85.7269824898291120
85.8523660033589096
85.9843105131807306
86.1043177244069966
86.2320619566073248
86.3615619936283281
86.4843396171584544
86.6144917621697203
86.7390926513973994
86.8676349383110562
86.9935285227149393
87.1185029408355263
87.2352346412413624
87.3527247184554625
87.4751396684190894
87.5915192865610663
87.7244271334211163
87.8409748671667643
87.9549118266081820
88.0667564723194687
88.1871761260320568
88.2948048231852880
88.4072736689742840
88.5155179344073417
88.6144477476818508
88.7239894593957388
88.8244120285378074
88.9392892738714380
89.0483272336330600
89.1578634556687746
89.2590072001700321
89.3704972289945516
89.4903135690233711
89.5954247465987805
89.7049931877390065
89.8133377873053860
89.9152922257205915
90.0137533751046135
90.1147076540796235
90.2208896488528751
90.3222728552210441
90.4312282400703822
90.5370609989456057
90.6379254038527762
90.7331485942968925
90.8330498644591415
90.9332120797711667
91.0287625330246186
91.1254500150193678
91.2254958287542479
91.3097596550453119
91.4069861858961445
91.4977880075726517
91.5906173699863899
91.6842804796971649
91.7883498966517379
91.8730978001091643
91.9682779955594327
92.0594381760384550
92.1513645265525412
92.2476879762688782
92.3386315488352665
92.4303874326174935
92.5143820786357622
92.5980056351415897
92.6848166238943207
92.7759362291420899
92.8641683904533721
92.9556700114567889
93.0309276454078855
93.1232808230734292
93.2169567521102351
93.2986546064143454
93.3714533241555955
93.4520063536582484
93.5370381670472568
93.6222376930605122
93.7061807862804983
93.7939146350332322
93.8821346802543246
