0.9999600159936025
0.9999200319872051
0.2792882846861255
0.4972810875649740
0.4681727309076369
0.4335865653738505
0.4244302279088364
0.4143942423030788
0.4109156337465014
0.4058376649340264
0.4023190723710516
0.3991603358656537
0.3938424630147941
0.3957616953218713
0.3924830067972811
0.3898440623750500
0.3883646541383446
0.3875649740103959
0.3858056777289084
0.3831667333066773
0.3858056777289084
0.3830067972810876
0.3802079168332667
0.3779288284686125
0.3806077568972411
0.3766093562574970
0.3766893242702919
0.3765293882447021
0.3752099160335866
0.3734906037584966
0.3720111955217913
0.3730107956817273
0.3716913234706117
0.3710915633746502
0.3708516593362655
0.3679728108756498
0.3673730507796881
0.3676129548180728
0.3658936425429828
0.3639344262295082
0.3648940423830468
0.3646141543382647
0.3606957217113155
0.3638944422231107
0.3577768892443023
0.3610555777688925
0.3608156737305078
0.3587764894042383
0.3580967612954818
0.3586165533786486
0.3554978008796482
0.3566173530587765
0.3550979608156737
0.3563774490203919
0.3575769692123151
0.3540183926429428
0.3530987604958017
0.3483806477409037
0.3492602958816474
0.3486205517792883
0.3493802479008397
0.3424630147940824
0.3459016393442623
0.3479808076769292
0.3439024390243902
0.3455417832866853
0.3419832067173131
0.3400239904038385
0.3411435425829668
0.3371451419432227
0.3352259096361456
0.3407836865253898
0.3339864054378249
0.3373450619752099
0.3329068372650940
0.3371451419432227
0.3321071571371451
0.3292283086765294
0.3283086765293882
0.3259096361455418
0.3294282287085166
0.3247900839664135
0.3217512994802079
0.3271891243502599
0.3185125949620152
0.3211915233906437
0.3208316673330668
0.3183926429428229
0.3207916833266694
0.3166733306677329
0.3193922431027589
0.3193922431027589
0.3173530587764894
0.3167133146741303
0.3175529788084766
0.3183526589364254
0.3183126749300280
0.3160735705717713
0.3118352658936425
0.3140743702518992
0.3138344662135146
0.3156737305077969
0.3134346261495402
0.3151139544182327
0.3140743702518992
0.3154338264694123
0.3155937624950020
0.3129548180727709
0.3157936825269892
0.3148740503798481
0.3161135545781688
0.3116353458616553
0.3162335065973610
0.3135145941623351
0.3113154738104758
0.3133146741303479
0.3126749300279888
0.3138344662135146
0.3121551379448221
0.3142343062774890
0.3094362255097961
0.3115153938424630
0.3126349460215914
0.3132746901239504
0.3081567373050780
0.3088364654138345
0.3109556177528988
0.3085565773690524
0.3127149140343862
0.3091563374650140
0.3085165933626549
0.3127149140343862
0.3098360655737705
0.3116753298680528
0.3099160335865654
0.3097960815673730
0.3100759696121551
0.3097161135545782
0.3072770891643343
0.3084366253498600
0.3090763694522191
0.3077568972411036
0.3066773290683726
0.3091163534586165
0.3071971211515394
0.3081167532986805
0.3092363054778089
0.3065973610555778
0.3069972011195522
0.3089564174330268
0.3058776489404239
0.3095961615353858
0.3057976809276289
0.3081567373050780
0.3074370251899241
0.3062774890043982
0.3051179528188724
0.3059576169532187
0.3087564974010396
0.3087964814074370
0.3085165933626549
0.3053978408636545
0.3070771691323471
0.3052778888444622
0.3036785285885646
0.3031987205117953
0.3051979208316674
0.3049980007996801
0.3069972011195522
0.3028788484606157
0.3057576969212315
0.3030787684926030
0.3067173130747701
0.3038384646141543
0.3044782087165134
0.3058376649340264
0.3014394242303079
0.3011995201919233
0.3033186725309876
0.3049580167932827
0.3059976009596161
0.3025989604158337
0.3029188324670132
0.3058376649340264
0.3041983206717313
0.3037984806077569
0.3049580167932827
0.3056777289084366
0.3053978408636545
0.3004798080767693
0.3029988004798081
0.3030387844862055
0.3030787684926030
0.3033186725309876
0.3035985605757697
0.3013194722111155
0.2995601759296281
0.3014794082367053
0.3042782886845262
0.3030787684926030
0.3055977608956417
0.3044782087165134
