0.0013080596665432
0.0012509246192574
0.0064897777499789
0.1009018382187357
0.0706027365116038
0.0336110087567685
0.0220627165463585
0.0197440672935143
0.0121763130283201
0.0103777762842725
0.0107375892778330
0.0084991247588582
0.0084332703100834
0.0070747952827813
0.0080841257282254
0.0062050187462238
0.0067304400786577
0.0051865576235821
0.0049553207484223
0.0059433636134907
0.0042368565804765
0.0040700102535052
0.0039494124443193
0.0040172684452602
0.0039186352160279
0.0037278150286313
0.0041387434252551
0.0038761649646981
0.0040793785299833
0.0050020753549882
0.0041191481600050
0.0045890155798587
0.0041555894119832
0.0031893009189601
0.0031604059459496
0.0032300736157467
0.0029000466602156
0.0030392057152575
0.0046114423543751
0.0029884124330477
0.0034937275085628
0.0046444020240080
0.0036537690980210
0.0026422757834162
0.0025486528518890
0.0040918138752808
0.0025430082913461
0.0038902314094253
0.0025340462683312
0.0027649391435203
0.0022901032545351
0.0036479874021823
0.0029416522388797
0.0025491226680057
0.0023257397815988
0.0025894511114227
0.0028930814949236
0.0025270678912249
0.0022809758322362
0.0022602522313806
0.0033307359867940
0.0027776667439758
0.0026770509249086
0.0022903820833293
0.0021763750779365
0.0023389455524881
0.0021581517868823
0.0020937118582188
0.0033842358533347
0.0020955324093124
0.0023780063277025
0.0033945216170524
0.0023997503735190
0.0029416166784385
0.0019770996007082
0.0021062712661577
0.0025327753592220
0.0021012713431795
0.0022221411781188
0.0023946630136749
0.0021006245316753
0.0019361642231003
0.0020573074713346
0.0022769100789111
0.0021035978185435
0.0023113089461003
0.0019461029398516
0.0020667081892567
0.0020090247051187
0.0019685758483493
0.0022300618526941
0.0018750302590589
0.0020212702566296
0.0019790182176661
0.0019306178789308
0.0020871941747940
0.0020849506138815
0.0018916477607525
0.0021312241386460
0.0021689244462525
0.0018356285496033
0.0018197273130030
0.0020047267191927
0.0018964210887488
0.0019254165384872
0.0024099987121130
0.0019871011831620
0.0027864809707396
0.0020272900734222
0.0018540433786010
0.0019824667747948
0.0020430842475521
0.0019253933266506
0.0017799923629269
0.0021306948210493
0.0017499255756293
0.0017846130073843
0.0017035000207697
0.0017206893855666
0.0017828005228218
0.0020180893205040
0.0016547268156121
0.0017854978719695
0.0020186218689690
0.0017259102552876
0.0020773000182004
0.0018943979886252
0.0020821112272849
0.0019713040127104
0.0020790536300889
0.0017802441579029
0.0016245362516213
0.0017896049248173
0.0020183738285420
0.0020094461733903
0.0022207470640332
0.0016389141393356
0.0016646933177067
0.0016941102204591
0.0018478799440056
0.0016013645696147
0.0018961180577681
0.0018040009425958
0.0016672481050202
0.0022523466719840
0.0017280262142756
0.0017927067651238
0.0019057766435628
0.0018271122328551
0.0017236409271504
0.0015563061037627
0.0016884401795243
0.0022789917638750
0.0017874276432611
0.0015681649987404
0.0020470064664577
0.0016321842542262
0.0016967638911436
0.0018152651924864
0.0025994840050437
0.0017541463070361
0.0018634608616602
0.0020885831802247
0.0015586545739810
0.0015770166617080
0.0016385036525819
0.0016320078696559
0.0015771962629409
0.0015029266988376
0.0018240962645075
0.0016718913231632
0.0016596060100187
0.0015524997441769
0.0016179204927736
0.0020938161801000
0.0019475240820038
0.0017744674221123
0.0014911863732756
0.0015088639032613
0.0016938443543341
0.0017181263874473
0.0016165062767005
0.0016353174196283
0.0016109264673930
0.0015908940069809
0.0030033323486284
0.0017462195600008
0.0022825627829898
0.0018107321414275
0.0015488607788675
0.0015718029267511
0.0016868155312214
0.0015937389352588
0.0015629738816012
0.0015990148153975
0.0016848742029874
0.0016167174709632
0.0017619887351883
0.0015589869782959
0.0019618818439691
0.0014969467158049
0.0015482568007777
