271.0588077578934758
10.4793719269266177
0.0065970271610222
0.1014138502770020
0.0712873947602688
0.0339556734498792
0.0225691510768295
0.0200264362256065
0.0124432434726855
0.0106524406357021
0.0109138745799563
0.0087264539429635
0.0085788102852625
0.0072527938736639
0.0081974527654233
0.0063350351110854
0.0068871090354589
0.0052912328899919
0.0050869401434175
0.0060360533367425
0.0043663843212273
0.0041545415758096
0.0040365162615791
0.0040747998155320
0.0039912911831357
0.0037914648457138
0.0042239256609001
0.0039620456321704
0.0041332616811376
0.0050677284106732
0.0041563504477884
0.0046484073088266
0.0042311156997136
0.0032330020482146
0.0032165257033401
0.0032805101625351
0.0029681692128695
0.0030848468414741
0.0046691661265463
0.0030303364549628
0.0035358030232757
0.0047024966755650
0.0036935239410442
0.0026817994683334
0.0025829354444508
0.0041328160940524
0.0025816211245219
0.0039282685341223
0.0025776458592830
0.0027987374822776
0.0023349016021866
0.0036745456399173
0.0029885615845814
0.0025879658002895
0.0023597298174298
0.0026468181332493
0.0029212369516729
0.0025516384393645
0.0023038532343672
0.0022818579342848
0.0033538238811398
0.0028007514858900
0.0027018790660984
0.0023158005625630
0.0021995100671024
0.0023693078650518
0.0021846705572386
0.0021195448384729
0.0034106324801236
0.0021127265492412
0.0023975032081213
0.0034187895075536
0.0024200501975431
0.0029660530211664
0.0019940051950119
0.0021407484011117
0.0025567754172307
0.0021316631001533
0.0022471662897465
0.0024123800847337
0.0021305922207820
0.0019515100557363
0.0020747609873632
0.0023046243384305
0.0021205003493576
0.0023322522654214
0.0019630942676097
0.0020860396445100
0.0020315623925648
0.0019866771191455
0.0022520843886071
0.0018972139002297
0.0020355376808915
0.0020026260373125
0.0019475332409406
0.0021060420513336
0.0021039280434192
0.0019067392070338
0.0021402237519267
0.0021895226648356
0.0018521655440413
0.0018334142351276
0.0020188803840227
0.0019118593314381
0.0019355868611972
0.0024281944799361
0.0020034770102395
0.0028146637110531
0.0020452505014160
0.0018668621774515
0.0019949549697861
0.0020602373691761
0.0019383703038608
0.0017938077993863
0.0021481902059839
0.0017597574945137
0.0017942747963932
0.0017172181381957
0.0017324519313847
0.0018016515308864
0.0020308387486528
0.0016706971490014
0.0018015799210473
0.0020364379567644
0.0017353995850592
0.0020909876031256
0.0019107969502688
0.0020918310293890
0.0019829618001687
0.0020958714292671
0.0017997206700908
0.0016359720758056
0.0018052684533011
0.0020380492381616
0.0020366121185651
0.0022307449012064
0.0016504524617546
0.0016745339234350
0.0017053504469547
0.0018664543829119
0.0016170299238154
0.0019062761005244
0.0018139177720353
0.0016785521255167
0.0022621220047109
0.0017371417620664
0.0018060429568662
0.0019182056069240
0.0018391964938911
0.0017348459092930
0.0015709579027911
0.0017049906957887
0.0022934813987195
0.0017969325792832
0.0015776886024621
0.0020555520216501
0.0016483662821283
0.0017119627037161
0.0018243730746382
0.0026113837527847
0.0017683606863637
0.0018725241249904
0.0021008747155709
0.0015649194445846
0.0015860482368878
0.0016470636848313
0.0016542048095941
0.0015832064670831
0.0015165147004573
0.0018302913567185
0.0016843951858373
0.0016713642571187
0.0015627841195747
0.0016277262099345
0.0021011724075078
0.0019603652353948
0.0017829919159368
0.0014998520564922
0.0015175912167176
0.0017049634723801
0.0017282026600621
0.0016235314868776
0.0016428841439560
0.0016208876182130
0.0016002690399017
0.0030129195245068
0.0017580915207512
0.0022904660915414
0.0018234840655994
0.0015601947472200
0.0015816663810998
0.0016966665733318
0.0016041832147961
0.0015715375940312
0.0016085667753188
0.0016911141732171
0.0016286819988832
0.0017701106703090
0.0015705765574932
0.0019685492441323
0.0015085688336508
0.0015587066583774
