9.3283333333333331
9.6733333333333338
16.6166666666666671
42.4399999999999977
75.6250000000000000
84.3799999999999955
87.9466666666666583
89.7166666666666686
91.0216666666666612
91.8050000000000068
92.4050000000000011
92.9633333333333383
93.3216666666666725
93.7149999999999892
94.0750000000000028
94.3366666666666731
94.5549999999999926
94.7549999999999955
94.9399999999999977
95.0649999999999977
95.1833333333333371
95.2833333333333314
95.4133333333333411
95.4516666666666680
95.6033333333333388
95.6749999999999972
95.7300000000000040
95.8316666666666777
95.8916666666666657
95.9866666666666646
95.9949999999999903
96.0833333333333286
96.1383333333333354
96.2033333333333331
96.2533333333333303
96.2983333333333320
96.2966666666666669
96.3316666666666634
96.3700000000000045
96.4016666666666708
96.4333333333333371
96.4766666666666595
96.4866666666666646
96.5283333333333218
96.5533333333333417
96.5750000000000171
96.6099999999999994
96.6783333333333275
96.6583333333333314
96.6816666666666720
96.7183333333333337
96.7300000000000040
96.7533333333333303
96.7716666666666612
96.7899999999999920
96.8016666666666623
96.8299999999999983
96.8416666666666686
96.8583333333333343
96.8783333333333303
96.8900000000000148
96.8983333333333263
96.9083333333333314
96.9283333333333275
96.9449999999999932
96.9600000000000080
96.9666666666666686
96.9783333333333388
96.9933333333333252
97.0133333333333354
97.0000000000000000
97.0416666666666572
97.0483333333333320
97.0383333333333411
97.0933333333333479
97.1033333333333388
97.0933333333333479
97.1316666666666606
97.1283333333333303
97.1216666666666555
97.1383333333333212
97.1516666666666566
97.1483333333333263
97.1816666666666720
97.1649999999999920
97.1899999999999977
97.1766666666666623
97.1916666666666629
97.1850000000000023
97.2216666666666640
97.2266666666666595
97.2149999999999892
97.2249999999999943
97.2266666666666595
97.2349999999999994
97.2316666666666691
97.2433333333333252
97.2800000000000011
97.2733333333333405
97.2950000000000017
97.2849999999999966
97.3049999999999926
97.3200000000000074
97.3066666666666720
97.3100000000000023
97.3349999999999937
97.3300000000000125
97.3133333333333468
97.3449999999999989
97.3483333333333292
97.3333333333333428
97.3449999999999989
97.3500000000000085
97.3900000000000006
97.3649999999999949
97.3849999999999909
97.3900000000000006
97.3749999999999858
97.3949999999999960
97.4050000000000011
97.3900000000000006
97.4133333333333269
97.3933333333333309
97.4066666666666663
97.4099999999999966
97.4066666666666663
97.4083333333333314
97.4249999999999972
97.4333333333333229
97.4383333333333326
97.4500000000000028
97.4566666666666634
97.4549999999999983
97.4533333333333331
97.4516666666666680
97.4716666666666640
97.4766666666666737
97.4866666666666788
97.4966666666666697
97.4983333333333348
97.4849999999999994
97.4716666666666640
97.4749999999999943
97.5000000000000142
97.5016666666666652
97.4933333333333394
97.5166666666666799
97.5200000000000102
97.5200000000000102
97.5183333333333309
97.5233333333333405
97.5233333333333405
97.5333333333333314
97.5366666666666760
97.5349999999999966
97.5283333333333218
97.5349999999999966
97.5283333333333218
97.5400000000000063
97.5233333333333405
97.5483333333333320
97.5349999999999966
97.5400000000000063
97.5416666666666572
97.5416666666666572
97.5466666666666669
97.5666666666666629
97.5516666666666623
97.5583333333333229
97.5433333333333366
97.5649999999999977
97.5716666666666725
97.5633333333333326
97.5633333333333326
97.5600000000000023
97.5733333333333377
97.5749999999999886
97.5733333333333377
97.5849999999999937
97.5849999999999937
97.5933333333333337
97.5816666666666634
97.5849999999999937
97.5900000000000034
97.6083333333333343
97.6116666666666646
97.6083333333333343
97.6066666666666691
97.6033333333333246
97.6083333333333343
97.5966666666666640
97.6266666666666652
97.6149999999999949
97.6250000000000000
97.6183333333333252
97.6166666666666600
97.6299999999999955
97.6149999999999949
97.6250000000000000
97.6449999999999960
97.6483333333333405
97.6283333333333303
