2.3027955065727235
2.3027953886667887
2.2881247009277343
1.7450945478757223
0.9004067192236582
0.6042529525836309
0.4789332402745883
0.4084247730573018
0.3604390980740388
0.3261381127635638
0.3001524526317914
0.2790934199512005
0.2621208818415801
0.2479430462658405
0.2361214886705081
0.2258960467745861
0.2173857312122981
0.2097681842227777
0.2029324937621752
0.1970581155290206
0.1917587472567956
0.1870655262718598
0.1828565246721109
0.1791431871394316
0.1756408503810565
0.1724237976958354
0.1696218126838406
0.1669639679014683
0.1642526179701090
0.1620123250703017
0.1597011061946551
0.1577275522669156
0.1556734342326720
0.1537697588721911
0.1520010050584873
0.1504232648531596
0.1489415148913860
0.1475011735911171
0.1462357436974843
0.1447977367669344
0.1435144521017869
0.1424376865650217
0.1411263559083144
0.1398765826508403
0.1387933091094097
0.1378908650775751
0.1367799195001523
0.1360171949848533
0.1349993273024758
0.1341560592817763
0.1332239088147879
0.1326358784069618
0.1317612688307961
0.1310264831801256
0.1302712271377444
0.1296246616860231
0.1290562090377013
0.1283760937824845
0.1276804097513358
0.1270902992760142
0.1265954666326443
0.1260200507536531
0.1254123118440310
0.1248105600307385
0.1243030014365911
0.1237987988690535
0.1232695124966403
0.1227602195754647
0.1224410008927186
0.1218713540921609
0.1214277905777097
0.1210768074651559
0.1205402101462086
0.1201900253891945
0.1196065947974722
0.1192210916866859
0.1188186579475800
0.1183754699836175
0.1180427973459164
0.1176797927459081
0.1173129513700803
0.1169138707578182
0.1165061493821442
0.1162110569496950
0.1158427232315143
0.1155298625330130
0.1151082662085692
0.1148255051652590
0.1145318424438437
0.1142169730603695
0.1139090704677006
0.1135949446397523
0.1133134369211892
0.1130168407777945
0.1127683777434131
0.1125609305446347
0.1122933138638735
0.1119856743554274
0.1117860756203532
0.1114769831274947
0.1111993307833870
0.1109418649440010
0.1107586398402850
0.1105124308116734
0.1103042184010148
0.1101317928694189
0.1097807291775942
0.1097052965390185
0.1093880007008712
0.1091726792752743
0.1089567671472828
0.1087359908054272
0.1085192340463400
0.1082658650030692
0.1081428487926722
0.1078753412062923
0.1077158790064355
0.1074762914915880
0.1072987880205115
0.1071325419371327
0.1069913297832012
0.1067704670732220
0.1066078222662211
0.1064545181286832
0.1062458946819107
0.1061682608445485
0.1059555007591844
0.1057876430680354
0.1056524250403047
0.1054612881357471
0.1052845148886244
0.1051094968378544
0.1049547419682145
0.1048164522896210
0.1046741451034943
0.1045579775154591
0.1043664818242192
0.1042284503911932
0.1040448264747858
0.1039431994284193
0.1037638330936432
0.1036587197512388
0.1034813617900014
0.1033230180099606
0.1032406199490031
0.1030786731537432
0.1029867554269731
0.1028565487956007
0.1027580099180341
0.1026095939010382
0.1024622043713927
0.1023588150680065
0.1023105416317781
0.1021057063882550
0.1019254537835717
0.1018628144182265
0.1016980076834559
0.1015640982106328
0.1014641068498294
0.1014264427485565
0.1012603872338931
0.1011220025653640
0.1010371558343371
0.1008498829086622
0.1007199905931950
0.1006345534861088
0.1005218516071637
0.1003896490375201
0.1002859305784106
0.1002531575188041
0.1000986198013027
0.0999942059670885
0.0998898462923865
0.0998077077090740
0.0997499412377675
0.0996691336378455
0.0995393064970772
0.0993827792098125
0.0993149503171444
0.0992183251122634
0.0991179685885707
0.0990438810802996
0.0989398442683121
0.0988224474442502
0.0987429904038707
0.0987559915433327
0.0986204567283392
0.0985602089837194
0.0984412206485867
0.0983284589186311
0.0982416271487872
0.0981679037948449
0.0980461851735910
0.0979566997533043
0.0978765183294813
0.0978467645677427
0.0977934960385164
0.0977015784514447
0.0976044456983606
0.0975460213353237
0.0973885043822229
0.0972994129826625
