9.7300000000000004
9.7333333333333325
16.6266666666666652
42.3950000000000031
75.6616666666666617
84.3766666666666652
87.9650000000000034
89.7549999999999955
91.0183333333333309
91.7800000000000011
92.3949999999999960
92.9633333333333383
93.3250000000000028
93.6966666666666725
94.0699999999999932
94.3299999999999983
94.5716666666666725
94.7516666666666652
94.9416666666666629
95.0616666666666674
95.1749999999999972
95.2833333333333314
95.4200000000000017
95.4599999999999937
95.5983333333333292
95.6783333333333275
95.7316666666666691
95.8250000000000028
95.9000000000000057
95.9849999999999994
96.0000000000000000
96.0816666666666634
96.1466666666666612
96.2150000000000034
96.2433333333333394
96.3083333333333371
96.3083333333333371
96.3366666666666731
96.3666666666666600
96.4099999999999966
96.4333333333333371
96.4599999999999937
96.4800000000000040
96.5166666666666657
96.5466666666666669
96.5799999999999983
96.6116666666666646
96.6783333333333275
96.6616666666666617
96.6733333333333320
96.7133333333333383
96.7199999999999989
96.7533333333333303
96.7733333333333263
96.7900000000000063
96.8016666666666623
96.8250000000000028
96.8466666666666640
96.8666666666666600
96.8816666666666606
96.8850000000000051
96.8983333333333263
96.9166666666666714
96.9350000000000023
96.9466666666666725
96.9533333333333331
96.9650000000000034
96.9699999999999989
96.9966666666666697
97.0150000000000006
96.9966666666666697
97.0383333333333269
97.0466666666666669
97.0333333333333314
97.0849999999999937
97.0999999999999943
97.0916666666666686
97.1200000000000045
97.1283333333333303
97.1283333333333303
97.1449999999999960
97.1550000000000011
97.1500000000000057
97.1800000000000068
97.1650000000000063
97.1883333333333326
97.1716666666666669
97.1916666666666629
97.1850000000000023
97.2216666666666640
97.2316666666666691
97.2166666666666686
97.2183333333333337
97.2316666666666691
97.2333333333333343
97.2349999999999994
97.2399999999999949
97.2783333333333360
97.2650000000000006
97.3016666666666623
97.2849999999999966
97.3050000000000068
97.3233333333333377
97.3066666666666720
97.3066666666666720
97.3316666666666634
97.3333333333333286
97.3250000000000028
97.3383333333333383
97.3449999999999989
97.3349999999999937
97.3516666666666737
97.3516666666666737
97.3866666666666703
97.3683333333333394
97.3883333333333354
97.3916666666666657
97.3783333333333303
97.3949999999999960
97.4000000000000057
97.3916666666666657
97.4166666666666714
97.3966666666666612
97.3916666666666657
97.4150000000000063
97.3983333333333263
97.4033333333333360
97.4333333333333371
97.4350000000000023
97.4383333333333326
97.4533333333333331
97.4633333333333383
97.4483333333333377
97.4516666666666680
97.4566666666666634
97.4699999999999989
97.4766666666666737
97.4966666666666697
97.5000000000000000
97.4883333333333297
97.4883333333333297
97.4716666666666640
97.4783333333333388
97.5000000000000000
97.4966666666666697
97.4916666666666600
97.5150000000000006
97.5216666666666612
97.5233333333333263
97.5199999999999960
97.5199999999999960
97.5250000000000057
97.5283333333333360
97.5366666666666617
97.5349999999999966
97.5316666666666663
97.5300000000000011
97.5333333333333314
97.5450000000000017
97.5266666666666708
97.5483333333333320
97.5366666666666617
97.5416666666666714
97.5383333333333269
97.5383333333333269
97.5450000000000017
97.5616666666666674
97.5550000000000068
97.5566666666666720
97.5416666666666714
97.5666666666666629
97.5733333333333377
97.5633333333333326
97.5583333333333371
97.5633333333333326
97.5683333333333280
97.5783333333333331
97.5766666666666680
97.5900000000000034
97.5833333333333286
97.5916666666666686
97.5833333333333286
97.5833333333333286
97.5816666666666634
97.6066666666666691
97.6116666666666646
97.6083333333333343
97.6033333333333388
97.5949999999999989
97.6083333333333343
97.6083333333333343
97.6233333333333348
97.6099999999999994
97.6266666666666652
97.6149999999999949
97.6183333333333394
97.6283333333333303
97.6133333333333297
97.6250000000000000
97.6400000000000006
97.6449999999999960
97.6316666666666606
