2.3149302255312603
2.3028826289812723
2.2881275639851886
1.7451134373029074
0.9004835386991501
0.6043260174036026
0.4790242630243301
0.4084990160981814
0.3604960994601250
0.3262347471495469
0.3001890955229600
0.2790888676484425
0.2621352940738201
0.2479978517760833
0.2361271749208371
0.2259098829189936
0.2174345440000296
0.2097663023124139
0.2029411508033673
0.1970691505730152
0.1917830156217019
0.1870478185017904
0.1828786457707485
0.1791536753912767
0.1756487888187170
0.1724388323257367
0.1696398782859246
0.1669878462076187
0.1642520873993635
0.1620273642639319
0.1597066787858804
0.1577314001222452
0.1557053560684125
0.1537892947912216
0.1520159745464722
0.1504339801395933
0.1489419604351123
0.1474907417962948
0.1462336024741332
0.1448086227953434
0.1435105651045839
0.1424747962757945
0.1411226307859023
0.1398923391650120
0.1388097027053436
0.1379054579099019
0.1367921798651417
0.1360192077895006
0.1349965648576617
0.1341501892427603
0.1332351320832968
0.1326230821907520
0.1317840649450819
0.1310334735582272
0.1302776321093241
0.1296277439291278
0.1290573752736052
0.1283863548219204
0.1276990274677674
0.1270850947300593
0.1265998916715383
0.1260168102155129
0.1254171638513605
0.1248040478428205
0.1243097933759292
0.1237876011932890
0.1232663436844945
0.1227696692511439
0.1224467620829741
0.1218765288442373
0.1214215966875354
0.1210850535829862
0.1205471371541421
0.1202065519561370
0.1196028499831756
0.1192227643529574
0.1188291561047236
0.1183733321567376
0.1180353226423264
0.1176886666004856
0.1173160949319601
0.1169198119839032
0.1165111796937883
0.1162044703950485
0.1158374681562185
0.1155321670711041
0.1151117549022039
0.1148321728353699
0.1145276951471964
0.1142193168600400
0.1139098685572545
0.1135980849931637
0.1133118967399001
0.1130318425824245
0.1127660977328817
0.1125595529178778
0.1122827687305709
0.1119836623614033
0.1117866325030724
0.1114885479360819
0.1112058969373504
0.1109419358362754
0.1107690503234665
0.1105067455505331
0.1103068941488862
0.1101405805364251
0.1097862266317010
0.1097146476482352
0.1093827131882310
0.1091724777246515
0.1089533907650659
0.1087388776076337
0.1085252110580603
0.1082646933853626
0.1081455509578188
0.1078761969427268
0.1077153294478854
0.1074743712524573
0.1072971553524335
0.1071296397609015
0.1069988686690728
0.1067658219863971
0.1066205325404803
0.1064466764969130
0.1062518044124047
0.1061701758250594
0.1059659255142013
0.1057900206401944
0.1056576997069021
0.1054572312794626
0.1052820328568419
0.1051109211601317
0.1049566152224938
0.1048199560180307
0.1046567280630271
0.1045600957845648
0.1043695185040434
0.1042444925169150
0.1040559798096617
0.1039604482854406
0.1037638042747974
0.1036533757795890
0.1034870511973898
0.1033267384906610
0.1032476813373466
0.1030831998248895
0.1029829491175711
0.1028618513969084
0.1027561581437786
0.1026114943434795
0.1024719578926762
0.1023572224577268
0.1023115064931412
0.1021112350975474
0.1019253395681580
0.1018707518473268
0.1016936870868007
0.1015669834340612
0.1014668813305596
0.1014220202932755
0.1012654146263997
0.1011199245472749
0.1010418001433214
0.1008554539332787
0.1007196689717472
0.1006365968142947
0.1005252437561751
0.1003881438848873
0.1002837292676171
0.1002505966201425
0.1001089550706248
0.1000105975811680
0.0998922521616022
0.0998099029858907
0.0997488379190365
0.0996630601527790
0.0995391819857061
0.0993870827496052
0.0993126677376529
0.0992139295836290
0.0991186637786527
0.0990407773825030
0.0989476274907589
0.0988154311304291
0.0987438204733034
0.0987619010577599
0.0986097386218607
0.0985585021699468
0.0984506866991520
0.0983307100469867
0.0982388302440445
0.0981600385963917
0.0980471206506093
0.0979556050832073
0.0978710989053051
0.0978536285688480
0.0977941962147752
0.0977037390430768
0.0975974805672963
0.0975459565326571
0.0973851764644186
0.0973076002533237
