2.3024263
3.1565515
0.2032251
0.1604031
0.1467204
0.1400408
0.1355441
0.1318097
0.1286477
0.1260297
0.1234496
0.1212397
0.1192528
0.1172290
0.1155381
0.1140556
0.1128024
0.1114728
0.1101541
0.1090479
0.1080007
0.1069344
0.1060581
0.1051400
0.1042907
0.1034891
0.1027476
0.1019745
0.1012504
0.1006311
0.1000464
0.0994669
0.0989361
0.0984177
0.0979413
0.0974796
0.0971214
0.0967380
0.0962309
0.0957338
0.0952955
0.0948746
0.0945057
0.0941438
0.0937981
0.0934535
0.0931397
0.0928369
0.0925744
0.0923220
0.0920770
0.0917452
0.0914250
0.0911377
0.0908569
0.0906276
0.0903709
0.0901265
0.0899734
0.0897191
0.0894842
0.0893243
0.0890844
0.0888906
0.0886439
0.0884608
0.0882333
0.0879857
0.0877900
0.0876078
0.0875096
0.0872711
0.0871030
0.0869015
0.0867837
0.0865987
0.0864134
0.0862688
0.0860934
0.0859668
0.0858259
0.0856233
0.0854471
0.0853461
0.0852347
0.0851342
0.0850003
0.0848819
0.0847500
0.0847561
0.0846241
0.0844389
0.0842695
0.0842093
0.0840256
0.0839254
0.0838161
0.0837340
0.0836641
0.0836420
0.0834864
0.0833160
0.0831839
0.0830667
0.0829564
0.0829237
0.0827525
0.0825509
0.0824103
0.0823067
0.0821964
0.0821330
0.0820156
0.0818041
0.0816527
0.0815344
0.0814455
0.0814139
0.0814096
0.0813283
0.0812330
0.0811721
0.0810450
0.0809597
0.0808432
0.0807191
0.0806102
0.0805090
0.0804265
0.0804039
0.0803852
0.0802751
0.0801653
0.0800795
0.0800399
0.0800019
0.0798920
0.0798526
0.0797870
0.0796753
0.0795225
0.0794410
0.0793523
0.0793456
0.0793800
0.0792953
0.0791642
0.0790831
0.0789595
0.0788848
0.0788004
0.0786894
0.0786902
0.0786748
0.0786419
0.0785343
0.0783759
0.0782005
0.0780636
0.0779397
0.0779666
0.0779467
0.0780016
0.0779550
0.0778095
0.0776425
0.0775370
0.0775855
0.0774133
0.0772299
0.0770718
0.0769967
0.0769418
0.0770237
0.0770659
0.0771688
0.0771517
0.0771986
0.0771638
0.0770149
0.0768599
0.0767140
0.0765943
0.0764882
0.0763360
0.0762585
0.0762399
0.0762148
0.0762101
0.0761677
0.0760923
0.0761768
0.0761247
0.0760674
0.0760086
0.0759432
0.0759112
0.0758365
0.0758512
0.0758828
0.0758183
0.0757143
