2.3020925
2.8175007
0.1793541
0.1481364
0.1382588
0.1333063
0.1295639
0.1263764
0.1236109
0.1211403
0.1187605
0.1167797
0.1148298
0.1128908
0.1112374
0.1096822
0.1083494
0.1070641
0.1057587
0.1046811
0.1036800
0.1027342
0.1019439
0.1010245
0.1001447
0.0992979
0.0985898
0.0978004
0.0971792
0.0966631
0.0961248
0.0955486
0.0950049
0.0945719
0.0942022
0.0937399
0.0933958
0.0930323
0.0925437
0.0920812
0.0917105
0.0913341
0.0910310
0.0906503
0.0903623
0.0900522
0.0898013
0.0894635
0.0892184
0.0889139
0.0886740
0.0884366
0.0881907
0.0878927
0.0875824
0.0873768
0.0871065
0.0868473
0.0866705
0.0865080
0.0863295
0.0862109
0.0858532
0.0856224
0.0853324
0.0851147
0.0848838
0.0846655
0.0845033
0.0843549
0.0843966
0.0841326
0.0839635
0.0837607
0.0836786
0.0835164
0.0833490
0.0832569
0.0830379
0.0829767
0.0829138
0.0826342
0.0824510
0.0823505
0.0822825
0.0822614
0.0821265
0.0820390
0.0819251
0.0820731
0.0819474
0.0816929
0.0814986
0.0815216
0.0812651
0.0811564
0.0810339
0.0808909
0.0808235
0.0808630
0.0807712
0.0805686
0.0804406
0.0803581
0.0801852
0.0799832
0.0798614
0.0797493
0.0796617
0.0795536
0.0794217
0.0793390
0.0792471
0.0791317
0.0790607
0.0789764
0.0788646
0.0788263
0.0788650
0.0787426
0.0786286
0.0785880
0.0784525
0.0783548
0.0782367
0.0780935
0.0780090
0.0779482
0.0778728
0.0777875
0.0777791
0.0776923
0.0775878
0.0774704
0.0774166
0.0773723
0.0772721
0.0772653
0.0772098
0.0770987
0.0769872
0.0768899
0.0767741
0.0768079
0.0767665
0.0767311
0.0766366
0.0765665
0.0764398
0.0763628
0.0762909
0.0762349
0.0761668
0.0761010
0.0761032
0.0760548
0.0758891
0.0756895
0.0755162
0.0753425
0.0752901
0.0752864
0.0753469
0.0752500
0.0750914
0.0750173
0.0750197
0.0749478
0.0748568
0.0747405
0.0746326
0.0745566
0.0744665
0.0745390
0.0745851
0.0746052
0.0745256
0.0745085
0.0744166
0.0742814
0.0741622
0.0739953
0.0738735
0.0737798
0.0736691
0.0736166
0.0735977
0.0736105
0.0735995
0.0735664
0.0735454
0.0736411
0.0736576
0.0736011
0.0734950
0.0734079
0.0733220
0.0732395
0.0732264
0.0732525
0.0731861
0.0730235
