0.0003809
0.3868064
0.0272333
0.0139946
0.0096535
0.0076831
0.0068225
0.0061987
0.0057463
0.0055780
0.0053495
0.0050883
0.0050460
0.0049493
0.0049063
0.0049895
0.0050803
0.0050298
0.0050145
0.0049819
0.0049292
0.0047918
0.0046937
0.0046952
0.0047300
0.0047816
0.0047435
0.0047621
0.0046446
0.0045269
0.0044740
0.0044701
0.0044850
0.0043875
0.0042657
0.0042664
0.0042504
0.0042276
0.0042065
0.0041672
0.0040900
0.0040391
0.0039641
0.0039856
0.0039198
0.0038804
0.0038086
0.0038485
0.0038287
0.0038881
0.0038824
0.0037745
0.0036898
0.0037021
0.0037358
0.0037087
0.0037242
0.0037410
0.0037681
0.0036634
0.0035991
0.0035520
0.0036863
0.0037285
0.0037778
0.0038174
0.0038212
0.0037878
0.0037496
0.0037111
0.0035514
0.0035806
0.0035818
0.0035832
0.0035424
0.0035164
0.0034961
0.0034361
0.0034860
0.0034113
0.0033222
0.0034101
0.0034181
0.0034175
0.0033680
0.0032775
0.0032786
0.0032433
0.0032228
0.0030608
0.0030536
0.0031328
0.0031612
0.0030663
0.0031493
0.0031590
0.0031741
0.0032435
0.0032407
0.0031705
0.0030977
0.0031345
0.0031296
0.0030901
0.0031615
0.0033546
0.0032983
0.0031962
0.0031358
0.0031409
0.0031656
0.0031876
0.0031584
0.0030489
0.0029571
0.0029183
0.0029444
0.0029520
0.0029030
0.0029499
0.0029711
0.0029481
0.0029576
0.0029718
0.0029737
0.0029955
0.0029677
0.0029215
0.0029134
0.0029849
0.0029732
0.0029467
0.0029405
0.0029766
0.0029929
0.0030000
0.0029890
0.0029518
0.0029403
0.0029396
0.0028925
0.0029104
0.0029413
0.0028951
0.0029816
0.0029254
0.0028836
0.0028710
0.0028747
0.0028773
0.0028630
0.0028002
0.0028789
0.0029363
0.0028963
0.0028287
0.0028370
0.0028646
0.0029062
0.0029629
0.0030535
0.0030350
0.0030287
0.0030860
0.0031010
0.0029950
0.0028718
0.0030092
0.0029166
0.0028400
0.0027828
0.0027837
0.0028239
0.0028346
0.0028302
0.0029247
0.0029959
0.0030690
0.0031341
0.0031186
0.0030777
0.0031016
0.0031040
0.0030899
0.0030425
0.0030139
0.0030143
0.0029710
0.0029783
0.0029677
0.0029057
0.0028928
0.0028145
0.0028137
0.0028676
0.0028923
0.0029540
0.0029628
0.0029946
0.0030008
0.0030030
0.0030699
