2.3027602
3.4956023
0.2270962
0.1726699
0.1551820
0.1467753
0.1415243
0.1372431
0.1336845
0.1309191
0.1281386
0.1256998
0.1236758
0.1215673
0.1198387
0.1184291
0.1172554
0.1158816
0.1145495
0.1134148
0.1123213
0.1111345
0.1101723
0.1092556
0.1084368
0.1076803
0.1069055
0.1061487
0.1053216
0.1045991
0.1039681
0.1033851
0.1028674
0.1022635
0.1016804
0.1012192
0.1008471
0.1004436
0.0999181
0.0993865
0.0988805
0.0984151
0.0979804
0.0976373
0.0972340
0.0968548
0.0964781
0.0962102
0.0959303
0.0957301
0.0954801
0.0950537
0.0946593
0.0943827
0.0941315
0.0938784
0.0936354
0.0934056
0.0932763
0.0929301
0.0926390
0.0924377
0.0923156
0.0921588
0.0919553
0.0918069
0.0915827
0.0913059
0.0910766
0.0908606
0.0906226
0.0904096
0.0902426
0.0900423
0.0898887
0.0896809
0.0894779
0.0892806
0.0891490
0.0889570
0.0887379
0.0886124
0.0884432
0.0883417
0.0881869
0.0880071
0.0878742
0.0877247
0.0875750
0.0874390
0.0873007
0.0871849
0.0870404
0.0868971
0.0867861
0.0866944
0.0865983
0.0865771
0.0865047
0.0864211
0.0862016
0.0860635
0.0859271
0.0857752
0.0857276
0.0858641
0.0856435
0.0853524
0.0851590
0.0850599
0.0849712
0.0849271
0.0847841
0.0844766
0.0842447
0.0840924
0.0840264
0.0840015
0.0839542
0.0839140
0.0838373
0.0837562
0.0836374
0.0835647
0.0834498
0.0833448
0.0832115
0.0830698
0.0829802
0.0830202
0.0829914
0.0828580
0.0827427
0.0826887
0.0826633
0.0826315
0.0825120
0.0824399
0.0823643
0.0822520
0.0820579
0.0819921
0.0819304
0.0818832
0.0819934
0.0818595
0.0816918
0.0815997
0.0814793
0.0814069
0.0813100
0.0811438
0.0812137
0.0812486
0.0811806
0.0810138
0.0808626
0.0807114
0.0806110
0.0805368
0.0806431
0.0806070
0.0806564
0.0806599
0.0805276
0.0802678
0.0800542
0.0802232
0.0799699
0.0797193
0.0795111
0.0794367
0.0794170
0.0795083
0.0795467
0.0797323
0.0797777
0.0798887
0.0799110
0.0797485
0.0795576
0.0794326
0.0793150
0.0791966
0.0790029
0.0789003
0.0788821
0.0788190
0.0788206
0.0787690
0.0786392
0.0787124
0.0785917
0.0785337
0.0785222
0.0784784
0.0785005
0.0784335
0.0784761
0.0785132
0.0784505
0.0784051
