10.0023333
10.3993333
94.3883333
95.8093333
96.2853333
96.5260000
96.6866667
96.8083333
96.9200000
96.9836667
97.0583333
97.1273333
97.1713333
97.2286667
97.2710000
97.2950000
97.3250000
97.3610000
97.3906667
97.4106667
97.4453333
97.4723333
97.4960000
97.5116667
97.5336667
97.5510000
97.5743333
97.5883333
97.6050000
97.6020000
97.6186667
97.6290000
97.6460000
97.6526667
97.6546667
97.6740000
97.6853333
97.7076667
97.7186667
97.7323333
97.7416667
97.7496667
97.7583333
97.7620000
97.7680000
97.7800000
97.7746667
97.7893333
97.7963333
97.8056667
97.8176667
97.8246667
97.8326667
97.8323333
97.8436667
97.8530000
97.8533333
97.8646667
97.8616667
97.8743333
97.8886667
97.8893333
97.8913333
97.9003333
97.9020000
97.9023333
97.9046667
97.9110000
97.9193333
97.9176667
97.9156667
97.9190000
97.9170000
97.9256667
97.9316667
97.9333333
97.9330000
97.9486667
97.9523333
97.9513333
97.9563333
97.9566667
97.9613333
97.9660000
97.9650000
97.9593333
97.9686667
97.9760000
97.9746667
97.9796667
97.9726667
97.9870000
97.9956667
97.9873333
97.9916667
98.0026667
98.0070000
97.9950000
97.9993333
97.9943333
97.9990000
98.0083333
98.0116667
98.0120000
98.0116667
98.0130000
98.0210000
98.0290000
98.0386667
98.0420000
98.0493333
98.0463333
98.0490000
98.0633333
98.0603333
98.0710000
98.0750000
98.0776667
98.0760000
98.0770000
98.0720000
98.0753333
98.0770000
98.0730000
98.0773333
98.0773333
98.0853333
98.0923333
98.0876667
98.0823333
98.0900000
98.0930000
98.0886667
98.0910000
98.0990000
98.0980000
98.0980000
98.1046667
98.1153333
98.1116667
98.1133333
98.1156667
98.1116667
98.1076667
98.0950000
98.0926667
98.0943333
98.0946667
98.1016667
98.0986667
98.1063333
98.1046667
98.1086667
98.1070000
98.1220000
98.1293333
98.1386667
98.1463333
98.1500000
98.1503333
98.1486667
98.1456667
98.1466667
98.1373333
98.1450000
98.1376667
98.1570000
98.1490000
98.1513333
98.1510000
98.1520000
98.1586667
98.1493333
98.1483333
98.1426667
98.1540000
98.1470000
98.1493333
98.1583333
98.1583333
98.1650000
98.1683333
98.1760000
98.1753333
98.1830000
98.1900000
98.1953333
98.1940000
98.1896667
98.1923333
98.1900000
98.1860000
98.1850000
98.1813333
98.1760000
98.1793333
98.1903333
98.1880000
98.1883333
98.1840000
98.1936667
98.1820000
