9.2975325
8.0687219
93.6004020
95.3832732
95.9630494
96.2643441
96.4552354
96.6001813
96.7276846
96.7857349
96.8653466
96.9427748
96.9955651
97.0653610
97.1074901
97.1414152
97.1621535
97.2169742
97.2385800
97.2574615
97.2931939
97.3228053
97.3527110
97.3647524
97.3937850
97.4038082
97.4234102
97.4363803
97.4644407
97.4601788
97.4663450
97.4833562
97.5059317
97.5187330
97.5246307
97.5392023
97.5540104
97.5721741
97.5897747
97.5974058
97.6088069
97.6204539
97.6235090
97.6339487
97.6358573
97.6541625
97.6511352
97.6714122
97.6767987
97.6883116
97.7062830
97.7102218
97.7139590
97.7138236
97.7252153
97.7434993
97.7522755
97.7543543
97.7582912
97.7772365
97.7827485
97.7848343
97.7761190
97.7870618
97.7913129
97.7892459
97.7942189
97.8015726
97.8049138
97.8085557
97.8155271
97.8189713
97.8155569
97.8292890
97.8334361
97.8391264
97.8328655
97.8492595
97.8535801
97.8538907
97.8603827
97.8571753
97.8675787
97.8669016
97.8752956
97.8752861
97.8738347
97.8806644
97.8791396
97.8855350
97.8823052
97.9002989
97.9141826
97.9057917
97.8956289
97.9095462
97.9199795
97.9121683
97.9188401
97.9202406
97.9215443
97.9157949
97.9295387
97.9292848
97.9186131
97.9206722
97.9294559
97.9459131
97.9524197
97.9522129
97.9632588
97.9636130
97.9621996
97.9787021
97.9729555
97.9954525
97.9987137
97.9983702
98.0035147
98.0067225
97.9965045
98.0012475
97.9973769
97.9870704
97.9895306
97.9900376
98.0024789
98.0097410
98.0136950
98.0114559
98.0143712
98.0181233
98.0112452
98.0099677
98.0233114
98.0246205
98.0131501
98.0203922
98.0380111
98.0362017
98.0445190
98.0397416
98.0363433
98.0300183
98.0255436
98.0255315
98.0283784
98.0320461
98.0387293
98.0388918
98.0438629
98.0365982
98.0437370
98.0304992
98.0445454
98.0539839
98.0607615
98.0624753
98.0629962
98.0693495
98.0696031
98.0639420
98.0692804
98.0589682
98.0588541
98.0550485
98.0817537
98.0677941
98.0718605
98.0794154
98.0757955
98.0865309
98.0781614
98.0722824
98.0708083
98.0822070
98.0812473
98.0749761
98.0848399
98.0864370
98.0960617
98.0985336
98.1002945
98.1040906
98.1124739
98.1180680
98.1236129
98.1253683
98.1221460
98.1263072
98.1264081
98.1166444
98.1165464
98.1181158
98.1094459
98.1137353
98.1183041
98.1169253
98.1060808
98.1059405
98.1176809
98.1011217
