0.8040727
2.6588804
0.8989123
0.4860711
0.3676780
0.2985104
0.2640286
0.2374705
0.2194032
0.2258106
0.2201691
0.2105538
0.2005254
0.1863074
0.1865404
0.1752173
0.1857836
0.1643120
0.1735082
0.1747843
0.1735684
0.1705892
0.1634714
0.1676073
0.1595842
0.1679239
0.1721808
0.1733558
0.1603572
0.1617969
0.1737764
0.1661579
0.1597971
0.1527983
0.1483517
0.1537841
0.1498199
0.1545768
0.1470465
0.1539322
0.1515732
0.1474125
0.1538145
0.1460875
0.1507551
0.1435618
0.1409310
0.1345305
0.1363712
0.1338847
0.1270722
0.1305646
0.1354277
0.1352019
0.1351353
0.1249240
0.1152919
0.1258500
0.1179360
0.1107730
0.1208369
0.1192178
0.1314424
0.1292259
0.1262775
0.1290159
0.1260044
0.1248403
0.1305356
0.1244794
0.1142444
0.1141179
0.1157315
0.1099525
0.1120664
0.1074761
0.1142385
0.1134088
0.1126627
0.1111675
0.1094654
0.1135048
0.1069600
0.1130565
0.1023393
0.0958853
0.1081891
0.1087638
0.1089822
0.1073903
0.1030890
0.0989130
0.0929612
0.0930269
0.1095648
0.1062366
0.0992774
0.0944987
0.0918308
0.0845288
0.0883654
0.1055725
0.0936957
0.0943657
0.1061603
0.1053323
0.1044382
0.0947898
0.0983949
0.1024337
0.0981982
0.0943716
0.0990264
0.0965517
0.0996851
0.0861884
0.0870313
0.0904655
0.0826949
0.0801762
0.0861291
0.0845209
0.0908381
0.0980329
0.1001699
0.0995914
0.0945245
0.0942255
0.0843906
0.0808606
0.0862812
0.0854231
0.0883264
0.0924458
0.0863494
0.0837151
0.0968011
0.0961446
0.0882131
0.0860943
0.0785069
0.0866192
0.0859328
0.0885852
0.0792394
0.0765913
0.0752448
0.0714407
0.0718022
0.0681942
0.0712694
0.0776559
0.0740750
0.0872761
0.0883641
0.0859625
0.0888782
0.0956696
0.0992584
0.0923905
0.0901998
0.0932357
0.0882862
0.0894030
0.0982796
0.0942550
0.0858448
0.0926439
0.0906667
0.0816673
0.0869380
0.0822962
0.0811966
0.0867628
0.0819797
0.0819051
0.0750141
0.0848306
0.0838451
0.0820230
0.0786483
0.0796311
0.0863687
0.0812773
0.0804598
0.0820637
0.0818223
0.0782986
0.0770310
0.0753260
0.0725488
0.0791244
0.0780954
0.0721218
0.0759283
0.0748376
0.0821746
0.0810857
0.0938379
0.0890543
0.0866885
0.0922701
