10.7071341
12.7299448
95.1762647
96.2353934
96.6076173
96.7876559
96.9180980
97.0164854
97.1123154
97.1815984
97.2513201
97.3118918
97.3471016
97.3919723
97.4345099
97.4485848
97.4878465
97.5050258
97.5427533
97.5638719
97.5974728
97.6218613
97.6392890
97.6585810
97.6735484
97.6981918
97.7252564
97.7402864
97.7455593
97.7438212
97.7709884
97.7746438
97.7860683
97.7866003
97.7847027
97.8087977
97.8166563
97.8431592
97.8475586
97.8672608
97.8745265
97.8788794
97.8931577
97.8900513
97.9001427
97.9058375
97.8981982
97.9072545
97.9158680
97.9230218
97.9290503
97.9391116
97.9513743
97.9508430
97.9621180
97.9625007
97.9543911
97.9749791
97.9650421
97.9714302
97.9945849
97.9938324
98.0065477
98.0136048
98.0126871
98.0154208
98.0151144
98.0204274
98.0337529
98.0267776
98.0158063
98.0190287
98.0184431
98.0220443
98.0298972
98.0275403
98.0331345
98.0480739
98.0510866
98.0487760
98.0522840
98.0561580
98.0550879
98.0650984
98.0547044
98.0433805
98.0634986
98.0713356
98.0701937
98.0737984
98.0630281
98.0737011
98.0771507
98.0688750
98.0877044
98.0957872
98.0940205
98.0778317
98.0798265
98.0684261
98.0764557
98.1008717
98.0937946
98.0947152
98.1047202
98.1053278
98.1125441
98.1120869
98.1249136
98.1317871
98.1354079
98.1290537
98.1358004
98.1479646
98.1477111
98.1465475
98.1512863
98.1569631
98.1484853
98.1472775
98.1474955
98.1494191
98.1566231
98.1589296
98.1651361
98.1646290
98.1681877
98.1749256
98.1616383
98.1532108
98.1656288
98.1678767
98.1660882
98.1720323
98.1746886
98.1713795
98.1828499
98.1889411
98.1926555
98.1871316
98.1821477
98.1915918
98.1869901
98.1853150
98.1644564
98.1598019
98.1602883
98.1572872
98.1646041
98.1584415
98.1688038
98.1727351
98.1735963
98.1835008
98.1994546
98.2046828
98.2165718
98.2301914
98.2370038
98.2313172
98.2277303
98.2273913
98.2240529
98.2156985
98.2311459
98.2202848
98.2322463
98.2302059
98.2308062
98.2225846
98.2282045
98.2308025
98.2205053
98.2243843
98.2145250
98.2257930
98.2127527
98.2236906
98.2318268
98.2302297
98.2339383
98.2381331
98.2517055
98.2465760
98.2535261
98.2619320
98.2670537
98.2626317
98.2571873
98.2583594
98.2535919
98.2553556
98.2534536
98.2445509
98.2425541
98.2449314
98.2623626
98.2590747
98.2705859
98.2620595
98.2696525
98.2628783
