0.9999200
0.9999920
0.7454538
0.5700520
0.4610156
0.3911076
0.3408477
0.3064694
0.2788565
0.2573531
0.2421032
0.2269012
0.2152579
0.2044702
0.1958497
0.1883167
0.1814794
0.1745302
0.1687725
0.1654378
0.1590004
0.1545862
0.1494442
0.1471891
0.1435266
0.1409036
0.1382247
0.1343063
0.1321551
0.1298840
0.1292443
0.1252219
0.1240704
0.1221911
0.1205358
0.1183447
0.1171052
0.1162495
0.1159536
0.1139864
0.1120352
0.1099000
0.1081008
0.1076929
0.1074450
0.1052859
0.1047661
0.1034866
0.1024070
0.1013275
0.1018393
0.0996162
0.0992723
0.0985286
0.0972491
0.0973131
0.0956417
0.0958497
0.0955778
0.0952099
0.0931627
0.0942503
0.0944982
0.0934586
0.0931787
0.0924350
0.0911315
0.0907717
0.0902359
0.0888285
0.0889884
0.0892363
0.0881248
0.0880688
0.0879488
0.0864054
0.0868053
0.0860856
0.0857497
0.0862535
0.0854138
0.0843663
0.0836545
0.0848141
0.0848541
0.0840064
0.0839424
0.0833826
0.0837585
0.0839504
0.0821431
0.0828629
0.0841423
0.0839184
0.0833347
0.0830868
0.0822951
0.0834866
0.0818553
0.0815594
0.0807677
0.0816873
0.0830628
0.0809116
0.0796881
0.0813435
0.0799760
0.0802559
0.0803838
0.0783687
0.0779128
0.0786805
0.0787925
0.0799120
0.0792643
0.0780248
0.0784966
0.0785686
0.0789124
0.0787125
0.0791044
0.0778489
0.0782647
0.0773770
0.0773930
0.0755858
0.0755378
0.0750340
0.0750660
0.0763055
0.0766094
0.0757217
0.0749700
0.0745782
0.0754818
0.0754818
0.0752419
0.0756257
0.0771212
0.0766893
0.0763295
0.0767133
0.0773451
0.0782567
0.0783287
0.0774970
0.0772491
0.0755858
0.0745702
0.0747381
0.0745222
0.0754898
0.0774810
0.0760896
0.0763615
0.0758737
0.0750580
0.0743543
0.0742743
0.0745462
0.0747781
0.0759056
0.0745862
0.0742263
0.0747621
0.0745862
0.0747461
0.0760096
0.0752499
0.0753699
0.0744982
0.0743942
0.0751539
0.0757697
0.0750260
0.0744102
0.0735706
0.0750020
0.0761775
0.0749300
0.0742343
0.0734986
0.0740424
0.0730508
0.0723071
0.0713395
0.0708277
0.0706997
0.0715074
0.0716114
0.0712595
0.0728189
0.0728669
0.0729228
0.0729308
0.0735626
0.0743303
0.0742183
0.0753379
0.0748101
0.0740104
0.0736505
