0.9998979
0.9999780
0.7319913
0.5535223
0.4474604
0.3799082
0.3330938
0.2993508
0.2728197
0.2519196
0.2369739
0.2234121
0.2127220
0.2028133
0.1935249
0.1862002
0.1786775
0.1727848
0.1673898
0.1635422
0.1579058
0.1536376
0.1480059
0.1453846
0.1418586
0.1387854
0.1353684
0.1317580
0.1294300
0.1274070
0.1269688
0.1236877
0.1221419
0.1198617
0.1180365
0.1153829
0.1145553
0.1144313
0.1132292
0.1118103
0.1102499
0.1073647
0.1060367
0.1052516
0.1050837
0.1028667
0.1015064
0.1003875
0.0997491
0.0992979
0.0989229
0.0969000
0.0973567
0.0974938
0.0954015
0.0959240
0.0936100
0.0926699
0.0933118
0.0933337
0.0902937
0.0919879
0.0928173
0.0917595
0.0898663
0.0900213
0.0893388
0.0881989
0.0872444
0.0861962
0.0875825
0.0863639
0.0851235
0.0846304
0.0852106
0.0838541
0.0844421
0.0837278
0.0829105
0.0851449
0.0839225
0.0835637
0.0814917
0.0816321
0.0825435
0.0812110
0.0823091
0.0807487
0.0817781
0.0815863
0.0784492
0.0795802
0.0814301
0.0812433
0.0808334
0.0808982
0.0797729
0.0820317
0.0796086
0.0777382
0.0769495
0.0794671
0.0810540
0.0791617
0.0776061
0.0783496
0.0772591
0.0782446
0.0773646
0.0757162
0.0759519
0.0760775
0.0759638
0.0759769
0.0757733
0.0751668
0.0751949
0.0757101
0.0758200
0.0748076
0.0756012
0.0746349
0.0757375
0.0751570
0.0747856
0.0732110
0.0729511
0.0724554
0.0719471
0.0741205
0.0741252
0.0726622
0.0722221
0.0698894
0.0709802
0.0716336
0.0715720
0.0713011
0.0742713
0.0738147
0.0719436
0.0724187
0.0732694
0.0756718
0.0743393
0.0736984
0.0736819
0.0724736
0.0718120
0.0715563
0.0716325
0.0720852
0.0733148
0.0722769
0.0719669
0.0729106
0.0714686
0.0709096
0.0704003
0.0700601
0.0714228
0.0710273
0.0698678
0.0689122
0.0687562
0.0697645
0.0686954
0.0706026
0.0693133
0.0689198
0.0678324
0.0679671
0.0691270
0.0692566
0.0688855
0.0688777
0.0691695
0.0710008
0.0736601
0.0717258
0.0700612
0.0695978
0.0706023
0.0690404
0.0682144
0.0677582
0.0669020
0.0670925
0.0677481
0.0682542
0.0671213
0.0686761
0.0686749
0.0683328
0.0676653
0.0693700
0.0695004
0.0695371
0.0707673
0.0700786
0.0699817
0.0689907
