0.0000253
0.0000160
0.0153588
0.0188579
0.0154644
0.0127767
0.0088460
0.0081213
0.0068870
0.0061988
0.0058517
0.0039806
0.0028931
0.0018903
0.0026522
0.0024146
0.0031966
0.0019912
0.0015774
0.0021626
0.0012488
0.0010822
0.0016409
0.0020587
0.0019029
0.0024166
0.0032586
0.0029073
0.0031089
0.0028259
0.0025960
0.0017503
0.0022001
0.0026575
0.0028514
0.0033789
0.0029091
0.0020743
0.0031082
0.0024827
0.0020368
0.0028924
0.0023547
0.0027852
0.0026939
0.0027599
0.0037188
0.0035357
0.0030323
0.0023154
0.0033272
0.0030988
0.0021854
0.0011806
0.0021078
0.0015848
0.0023180
0.0036276
0.0025852
0.0021405
0.0032731
0.0025810
0.0019177
0.0019384
0.0037790
0.0027537
0.0020453
0.0029352
0.0034128
0.0030031
0.0016039
0.0032770
0.0034240
0.0039226
0.0031239
0.0029107
0.0026960
0.0026898
0.0032391
0.0012648
0.0017013
0.0009156
0.0024674
0.0036302
0.0026360
0.0031891
0.0018634
0.0030050
0.0022593
0.0026971
0.0042142
0.0037450
0.0030943
0.0030520
0.0028536
0.0024969
0.0028774
0.0016598
0.0025631
0.0043593
0.0043560
0.0025330
0.0022917
0.0019964
0.0023753
0.0034155
0.0030996
0.0022946
0.0034445
0.0030260
0.0022372
0.0029696
0.0032271
0.0044894
0.0039827
0.0032606
0.0037668
0.0032611
0.0035280
0.0044549
0.0039965
0.0036667
0.0028831
0.0025328
0.0029747
0.0027092
0.0029511
0.0029418
0.0035582
0.0024927
0.0028341
0.0034904
0.0031349
0.0053492
0.0051356
0.0043902
0.0041868
0.0049338
0.0032513
0.0032795
0.0050037
0.0048995
0.0046498
0.0029490
0.0045513
0.0043336
0.0040697
0.0035505
0.0031466
0.0036300
0.0032967
0.0038841
0.0047530
0.0043496
0.0050135
0.0033804
0.0040949
0.0039298
0.0044197
0.0051179
0.0038279
0.0055654
0.0053830
0.0060626
0.0068518
0.0055008
0.0069030
0.0061686
0.0067728
0.0073586
0.0076046
0.0073324
0.0068759
0.0074305
0.0070054
0.0063118
0.0050210
0.0045648
0.0028720
0.0036556
0.0047609
0.0044502
0.0039246
0.0045752
0.0046691
0.0040857
0.0044786
0.0041153
0.0042887
0.0038300
0.0047211
0.0047263
0.0047824
0.0052365
0.0060071
0.0047831
0.0055102
0.0053405
0.0052143
0.0053979
0.0045962
0.0053162
