0.9999422
1.0000060
0.7589164
0.5865816
0.4745708
0.4023069
0.3486015
0.3135881
0.2848932
0.2627865
0.2472324
0.2303904
0.2177938
0.2061271
0.1981744
0.1904332
0.1842813
0.1762755
0.1701552
0.1673335
0.1600950
0.1555348
0.1508826
0.1489936
0.1451946
0.1430219
0.1410810
0.1368546
0.1348802
0.1323611
0.1315198
0.1267561
0.1259988
0.1245206
0.1230351
0.1213064
0.1196551
0.1180677
0.1186781
0.1161626
0.1138205
0.1124354
0.1101648
0.1101343
0.1098063
0.1077051
0.1080258
0.1065858
0.1050650
0.1033570
0.1047557
0.1023323
0.1011879
0.0995634
0.0990967
0.0987022
0.0976735
0.0990294
0.0978438
0.0970861
0.0960318
0.0965127
0.0961791
0.0951577
0.0964912
0.0948487
0.0929243
0.0933445
0.0932274
0.0914608
0.0903943
0.0921087
0.0911260
0.0915071
0.0906871
0.0889567
0.0891684
0.0884433
0.0885889
0.0873621
0.0869051
0.0851688
0.0858173
0.0879961
0.0871646
0.0868018
0.0855757
0.0860166
0.0857389
0.0863146
0.0858371
0.0861455
0.0868546
0.0865936
0.0858359
0.0852754
0.0848173
0.0849415
0.0841020
0.0853805
0.0845859
0.0839076
0.0850715
0.0826616
0.0817702
0.0843373
0.0826929
0.0822672
0.0834031
0.0810211
0.0798738
0.0812835
0.0816212
0.0838471
0.0827553
0.0808828
0.0817983
0.0814270
0.0820049
0.0826174
0.0826075
0.0810629
0.0807919
0.0795971
0.0800005
0.0779605
0.0781245
0.0776126
0.0781849
0.0784904
0.0790935
0.0787812
0.0777179
0.0792670
0.0799834
0.0793300
0.0789118
0.0799504
0.0799710
0.0795639
0.0807154
0.0810079
0.0814208
0.0808416
0.0823181
0.0812956
0.0808163
0.0786979
0.0773283
0.0779199
0.0774119
0.0788944
0.0816472
0.0799022
0.0807560
0.0788367
0.0786473
0.0777989
0.0781483
0.0790322
0.0781334
0.0807840
0.0793045
0.0795404
0.0807680
0.0794078
0.0807968
0.0814166
0.0811865
0.0818199
0.0811640
0.0808214
0.0811809
0.0822828
0.0811665
0.0799427
0.0779717
0.0790032
0.0786949
0.0781343
0.0784074
0.0773994
0.0774824
0.0770611
0.0763997
0.0749207
0.0747533
0.0743070
0.0752666
0.0749685
0.0753977
0.0769616
0.0770588
0.0775128
0.0781963
0.0777551
0.0791602
0.0788995
0.0799084
0.0795415
0.0780391
0.0783104
