156.7365359
44.8558645
0.0002594
0.0000888
0.0001002
0.0000469
0.0000322
0.0000261
0.0000270
0.0000247
0.0000135
0.0000162
0.0000157
0.0000078
0.0000062
0.0000082
0.0000118
0.0000072
0.0000058
0.0000048
0.0000047
0.0000052
0.0000031
0.0000046
0.0000061
0.0000026
0.0000042
0.0000037
0.0000030
0.0000060
0.0000015
0.0000028
0.0000027
0.0000021
0.0000021
0.0000012
0.0000015
0.0000018
0.0000024
0.0000017
0.0000018
0.0000021
0.0000017
0.0000014
0.0000009
0.0000011
0.0000008
0.0000018
0.0000011
0.0000018
0.0000013
0.0000012
0.0000016
0.0000009
0.0000008
0.0000014
0.0000009
0.0000010
0.0000009
0.0000011
0.0000009
0.0000007
0.0000008
0.0000008
0.0000009
0.0000008
0.0000008
0.0000008
0.0000006
0.0000007
0.0000006
0.0000008
0.0000002
0.0000005
0.0000008
0.0000007
0.0000006
0.0000005
0.0000004
0.0000004
0.0000005
0.0000004
0.0000005
0.0000004
0.0000007
0.0000006
0.0000004
0.0000004
0.0000003
0.0000004
0.0000004
0.0000005
0.0000005
0.0000006
0.0000004
0.0000007
0.0000004
0.0000004
0.0000005
0.0000004
0.0000005
0.0000004
