156.1672577
43.9944245
0.0001710
0.0000568
0.0000597
0.0000213
0.0000148
0.0000181
0.0000168
0.0000134
0.0000071
0.0000034
0.0000096
0.0000044
0.0000048
0.0000030
0.0000072
0.0000044
0.0000040
0.0000025
0.0000030
0.0000026
0.0000019
0.0000022
0.0000022
0.0000015
0.0000022
0.0000021
0.0000021
0.0000039
0.0000010
0.0000018
0.0000018
0.0000011
0.0000013
0.0000007
0.0000010
0.0000007
0.0000013
0.0000011
0.0000008
0.0000011
0.0000010
0.0000006
0.0000006
0.0000007
0.0000005
0.0000008
0.0000005
0.0000006
0.0000007
0.0000008
0.0000009
0.0000005
0.0000002
0.0000009
0.0000004
0.0000004
0.0000006
0.0000006
0.0000006
0.0000004
0.0000005
0.0000004
0.0000006
0.0000005
0.0000003
0.0000005
0.0000004
0.0000004
0.0000003
0.0000004
0.0000001
0.0000002
0.0000005
0.0000003
0.0000004
0.0000003
0.0000003
0.0000001
0.0000003
0.0000002
0.0000003
0.0000002
0.0000003
0.0000003
0.0000002
0.0000002
0.0000002
0.0000002
0.0000003
0.0000003
0.0000002
0.0000003
0.0000002
0.0000003
0.0000002
0.0000001
0.0000002
0.0000002
0.0000003
0.0000002
