0.9184774
1.3898532
0.0001427
0.0000516
0.0000653
0.0000414
0.0000281
0.0000129
0.0000164
0.0000183
0.0000103
0.0000206
0.0000098
0.0000054
0.0000023
0.0000083
0.0000075
0.0000045
0.0000030
0.0000037
0.0000028
0.0000041
0.0000019
0.0000038
0.0000064
0.0000017
0.0000033
0.0000026
0.0000015
0.0000035
0.0000007
0.0000016
0.0000015
0.0000016
0.0000013
0.0000009
0.0000009
0.0000017
0.0000018
0.0000010
0.0000017
0.0000016
0.0000012
0.0000013
0.0000005
0.0000007
0.0000004
0.0000015
0.0000010
0.0000019
0.0000010
0.0000006
0.0000012
0.0000006
0.0000010
0.0000009
0.0000008
0.0000010
0.0000005
0.0000008
0.0000004
0.0000005
0.0000005
0.0000006
0.0000005
0.0000004
0.0000007
0.0000006
0.0000003
0.0000005
0.0000004
0.0000005
0.0000002
0.0000004
0.0000006
0.0000007
0.0000003
0.0000003
0.0000002
0.0000004
0.0000003
0.0000003
0.0000004
0.0000003
0.0000006
0.0000005
0.0000002
0.0000003
0.0000002
0.0000003
0.0000002
0.0000003
0.0000004
0.0000005
0.0000003
0.0000007
0.0000003
0.0000004
0.0000004
0.0000003
0.0000004
0.0000003
