157.3058141
45.7173045
0.0003478
0.0001208
0.0001407
0.0000726
0.0000496
0.0000341
0.0000371
0.0000361
0.0000199
0.0000290
0.0000218
0.0000111
0.0000076
0.0000133
0.0000165
0.0000100
0.0000076
0.0000071
0.0000065
0.0000077
0.0000043
0.0000069
0.0000101
0.0000037
0.0000062
0.0000053
0.0000039
0.0000082
0.0000019
0.0000037
0.0000037
0.0000031
0.0000029
0.0000017
0.0000021
0.0000029
0.0000035
0.0000024
0.0000029
0.0000031
0.0000025
0.0000022
0.0000012
0.0000015
0.0000010
0.0000027
0.0000017
0.0000029
0.0000019
0.0000016
0.0000023
0.0000012
0.0000014
0.0000020
0.0000014
0.0000016
0.0000012
0.0000016
0.0000012
0.0000010
0.0000011
0.0000012
0.0000012
0.0000010
0.0000012
0.0000012
0.0000008
0.0000010
0.0000009
0.0000011
0.0000003
0.0000007
0.0000012
0.0000011
0.0000008
0.0000007
0.0000005
0.0000006
0.0000007
0.0000006
0.0000008
0.0000006
0.0000011
0.0000009
0.0000005
0.0000006
0.0000005
0.0000006
0.0000005
0.0000007
0.0000007
0.0000008
0.0000006
0.0000011
0.0000006
0.0000006
0.0000007
0.0000006
0.0000008
0.0000006
