47.2189000
71.9120000
74.8494000
82.6784000
82.9044000
83.0721000
83.2458000
83.3827000
83.5185000
83.6037000
83.6817000
83.7355000
83.7828000
83.8159000
83.8563000
83.8886000
83.9134000
83.9392000
83.9605000
83.9737000
83.9811000
83.9911000
83.9969000
83.9930000
84.0049000
84.0170000
84.0284000
84.0282000
84.0260000
84.0303000
84.0408000
84.0526000
84.0542000
84.0569000
84.0577000
84.0503000
84.0513000
84.0650000
84.0650000
84.0737000
84.0879000
84.0784000
84.0750000
84.0839000
84.0898000
84.0912000
84.0962000
84.0946000
84.0991000
84.1403000
84.1426000
84.1330000
84.1454000
84.1489000
84.1510000
84.1556000
84.1608000
84.1537000
84.1616000
84.1659000
84.1677000
84.1627000
84.1928000
84.1972000
84.2325000
84.2326000
84.2339000
84.2382000
84.2443000
84.2521000
84.2535000
84.2867000
84.2859000
84.2869000
84.2852000
84.2942000
84.2980000
84.3416000
84.3415000
84.3431000
84.3452000
84.3469000
84.3522000
84.3847000
84.3887000
84.3956000
84.3990000
84.4013000
84.4041000
84.4371000
84.4430000
84.4476000
84.4564000
84.4527000
84.4572000
84.4577000
84.4607000
84.4643000
84.4661000
84.4670000
84.4727000
84.5056000
