44.0275720
71.9120000
73.2591838
82.5445269
82.8720615
83.0540287
83.2259627
83.3650621
83.5033908
83.5939864
83.6655112
83.7230074
83.7705072
83.8052890
83.8450884
83.8775744
83.9028189
83.9280580
83.9477608
83.9570734
83.9606568
83.9750389
83.9774348
83.9763619
83.9871678
84.0064742
84.0188092
84.0113490
84.0050472
84.0139436
84.0223202
84.0362808
84.0383523
84.0424426
84.0377926
84.0296891
84.0335643
84.0491616
84.0482698
84.0577190
84.0769680
84.0628845
84.0621953
84.0705161
84.0761676
84.0737906
84.0820586
84.0766230
84.0862700
84.0624714
84.0613537
84.0711770
84.0675985
84.0721023
84.0718160
84.0773623
84.0853908
84.0763661
84.0837442
84.0897770
84.0878219
84.0856184
84.0913394
84.0900080
84.1181383
84.1187811
84.1193879
84.1222462
84.1261040
84.1342434
84.1364713
84.1590274
84.1575847
84.1584004
84.1533012
84.1635535
84.1658140
84.2070994
84.2088338
84.2119848
84.2120115
84.2163127
84.2181908
84.2545787
84.2585589
84.2649160
84.2653467
84.2683371
84.2713785
84.3152891
84.3196626
84.3245091
84.3311978
84.3297441
84.3313955
84.3324160
84.3372785
84.3383237
84.3432909
84.3428693
84.3498919
84.3923849
