5.1489108
0.0000000
2.5656659
0.2159918
0.0521751
0.0291563
0.0320056
0.0284572
0.0243772
0.0156719
0.0261192
0.0201556
0.0198333
0.0171199
0.0180889
0.0177888
0.0170716
0.0179767
0.0205536
0.0268255
0.0329832
0.0259131
0.0314053
0.0268440
0.0286093
0.0169823
0.0154738
0.0271875
0.0338053
0.0263896
0.0298154
0.0263295
0.0255687
0.0233257
0.0321187
0.0332537
0.0286149
0.0255539
0.0269926
0.0257839
0.0176377
0.0250328
0.0206591
0.0215937
0.0219945
0.0280884
0.0228158
0.0290041
0.0207000
0.1255691
0.1310833
0.0997457
0.1255255
0.1239060
0.1277560
0.1262293
0.1216658
0.1247710
0.1256131
0.1228173
0.1288759
0.1243640
0.1636972
0.1729444
0.1845119
0.1836362
0.1847547
0.1870806
0.1906982
0.1901507
0.1888149
0.2059879
0.2070249
0.2073222
0.2128064
0.2107861
0.2132698
0.2170042
0.2140445
0.2115422
0.2148873
0.2106905
0.2162114
0.2099386
0.2099705
0.2108465
0.2156372
0.2145232
0.2141338
0.1965306
0.1989935
0.1985957
0.2020021
0.1983779
0.2029738
0.2021341
0.1991291
0.2032511
0.1981411
0.2002733
0.1981394
0.1826621
