50.4102280
71.9120000
76.4396162
82.8122731
82.9367385
83.0901713
83.2656373
83.4003379
83.5336092
83.6134136
83.6978888
83.7479926
83.7950928
83.8265110
83.8675116
83.8996256
83.9239811
83.9503420
83.9732392
83.9903266
84.0015432
84.0071611
84.0163652
84.0096381
84.0226322
84.0275258
84.0379908
84.0450510
84.0469528
84.0466564
84.0592798
84.0689192
84.0700477
84.0713574
84.0776074
84.0709109
84.0690357
84.0808384
84.0817302
84.0896810
84.0988320
84.0939155
84.0878047
84.0972839
84.1034324
84.1086094
84.1103414
84.1125770
84.1119300
84.2181286
84.2238463
84.1948230
84.2232015
84.2256977
84.2301840
84.2338377
84.2362092
84.2310339
84.2394558
84.2420230
84.2475781
84.2397816
84.2942606
84.3043920
84.3468617
84.3464189
84.3484121
84.3541538
84.3624960
84.3699566
84.3705287
84.4143726
84.4142153
84.4153996
84.4170988
84.4248465
84.4301860
84.4761006
84.4741662
84.4742152
84.4783885
84.4774873
84.4862092
84.5148213
84.5188411
84.5262840
84.5326533
84.5342629
84.5368215
84.5589109
84.5663374
84.5706909
84.5816022
84.5756559
84.5830045
84.5829840
84.5841215
84.5902763
84.5889091
84.5911307
84.5955081
84.6188151
