0.9999750099960016
0.9847461015593761
0.8963164734106357
0.8792832866853260
0.8628098760495801
0.8469162335065974
0.8302329068372651
0.8239054378248700
0.8120151939224309
0.7919832067173130
0.7840613754498200
0.7784336265493803
0.7649240303878448
0.7659436225509797
0.7593862455017993
0.7565473810475809
0.7470361855257897
0.7492502998800480
0.7492453018792484
0.7432277089164334
0.7375299880047981
0.7447071171531388
0.7386445421831267
0.7456517393042783
0.7441123550579768
0.7352608956417434
0.7319222311075571
0.7315223910435826
0.7307976809276290
0.7311425429828069
0.7367003198720512
0.7287534986005597
0.7261595361855258
0.7305627748900440
0.7222161135545782
0.7184826069572171
0.7275739704118352
0.7215163934426230
0.7308476609356257
0.7216613354658137
0.7202818872451020
0.7194622151139545
0.7191573370651739
0.7129148340663735
0.7156437425029989
0.7119252299080367
0.7151439424230308
0.7183226709316274
0.7091813274690124
0.7100659736105557
0.7110905637744902
0.7005047980807677
0.7066573370651739
0.7060125949620152
0.7091963214714114
0.7081417433026789
0.7098960415833666
0.7073570571771292
0.7105557776889244
0.7033236705317873
0.7054828068772492
0.7056527389044382
0.7001499400239903
0.6954868052778889
0.7022391043582568
0.6995001999200321
0.6981507397041182
0.7065573770491803
0.6961715313874450
0.7042532986805278
0.6968812475009996
0.6886645341863254
0.7000549780087966
0.6890743702518992
0.7007646941223510
0.6900239904038384
0.6897191123550579
0.6914284286285486
0.6909136345461815
0.6994702119152338
0.6926379448220711
0.6881647341063575
0.6918132746901240
0.6821571371451419
0.6947421031587365
0.6794182327069171
0.6842962814874051
0.6843412634946022
0.6994002399040383
0.6865903638544583
0.6847610955617753
0.6829568172730908
0.6874300279888045
0.6863904438224711
0.6865403838464614
0.6823570571771291
0.6903338664534187
0.6875999600159937
0.6773290683726509
0.6804178328668533
0.6787435025989603
0.6801079568172731
0.6810575769692123
0.6710565773690524
0.6781587365053978
0.6818922431027590
0.6757397041183527
0.6773890443822471
0.6749650139944022
0.6837564974010396
0.6690123950419832
0.6795431827269092
0.6667982806877250
0.6712564974010395
0.6753248700519793
0.6754048380647741
0.6673230707716913
0.6755047980807677
0.6726209516193522
0.6740453818472611
0.6567822870851660
0.6711315473810476
0.6670281887245102
0.6642992802878849
0.6673530587764894
0.6628698520591764
0.6717013194722110
0.6688374650139943
0.6722361055577769
0.6694872051179528
0.6537684926029589
0.6615053978408636
0.6690173930427830
0.6641693322670932
0.6494402239104359
0.6563174730107957
0.6624450219912035
0.6552079168332667
0.6603208716513395
0.6563274690123950
0.6510295881647341
0.6601809276289484
0.6454368252698921
0.6634746101559377
0.6584966013594562
0.6500999600159936
0.6554078368652538
0.6497800879648141
0.6588914434226310
0.6600009996001599
0.6520991603358657
0.6533986405437825
0.6485105957616953
0.6492003198720512
0.6565073970411834
0.6477658936425430
0.6528838464614155
0.6555527788884445
0.6560925629748101
0.6416633346661336
0.6516343462614953
0.6549030387844863
0.6606407437025190
0.6628448620551779
0.6422331067572971
0.6504998000799680
0.6409836065573771
0.6451769292283087
0.6415483806477409
0.6482856857257098
0.6389094362255099
0.6507996801279489
0.6438474610155938
0.6572520991603359
0.6419532187125150
0.6463864454218313
0.6417333066773291
0.6482307077169133
0.6468362654938025
0.6317023190723711
0.6402638944422231
0.6462564974010396
0.6433776489404238
0.6387794882047182
0.6501149540183926
0.6363454618152738
0.6443372650939625
0.6395191923230708
0.6418732506997201
0.6384296281487405
0.6336515393842463
0.6356007596961215
0.6417333066773290
0.6437075169932027
0.6383446621351458
0.6377898840463815
0.6357756897241104
0.6317572970811676
0.6419632147141143
0.6431377449020392
0.6333166733306678
0.6314274290283887
