273.0895107672358790
10.5635791403159640
0.0014563882610348
0.0015272717200460
0.0007819932887627
0.0006189380944045
0.0004452930933337
0.0004114940946895
0.0004581530993557
0.0002464258527939
0.0003034025664183
0.0002242832125605
0.0001744532652217
0.0002638654771430
0.0002817925726022
0.0001718492595378
0.0001212260413590
0.0001736821786858
0.0001556407873403
0.0001173848941741
0.0000990189614842
0.0001035345906678
0.0001521456210362
0.0001204427051166
0.0000905401143401
0.0000937453479675
0.0000720907043156
0.0000615504190104
0.0000772639586693
0.0000918129901339
0.0001389362710336
0.0000673425847467
0.0000487091473309
0.0000783293182789
0.0000662031452569
0.0000483017252547
0.0000717493893076
0.0000541080807646
0.0000727291276565
0.0000610422180751
0.0000520070250949
0.0000454565846548
0.0000502428606596
0.0000582653510734
0.0000505853834842
0.0000437930818531
0.0000536173185509
0.0000463890293260
0.0000366791654961
0.0000453512213982
0.0000383831165880
0.0000374852358026
0.0000395547180404
0.0000389588769722
0.0000453521164931
0.0000433884755852
0.0000531833463821
0.0000419684329769
0.0000419262699293
0.0000328743987370
0.0000343135260570
0.0000470308927504
0.0000247260146672
0.0000302306020085
0.0000287716799934
0.0000251151937522
0.0000358774068846
0.0000459813304223
0.0000316328675055
0.0000329106101241
0.0000263249216269
0.0000209165293579
0.0000365117658161
0.0000238009579781
0.0000308658242922
0.0000184253002989
0.0000267770052680
0.0000289836470633
0.0000226074684522
0.0000431378897171
0.0000354343916319
0.0000213973057577
0.0000267404078485
0.0000181185938586
0.0000312205061972
0.0000245134254539
0.0000256853779867
0.0000254498273556
0.0000307899988705
0.0000206815703069
0.0000220635874023
0.0000193500109823
0.0000288362138122
0.0000264188056714
0.0000238234751625
0.0000208436795961
0.0000403580916237
0.0000211742275327
0.0000197629096968
0.0000219668761389
0.0000268853731129
0.0000159902959919
0.0000209911744203
0.0000159078593924
0.0000231306121066
0.0000190538133415
0.0000145983331170
0.0000207896668405
0.0000172558263398
0.0000322569760369
0.0000226277771151
0.0000214778410943
0.0000124928700819
0.0000235602741993
0.0000151623917308
0.0000235039934250
0.0000172826386188
0.0000211848882528
0.0000222678824245
0.0000124698382729
0.0000114981819919
0.0000224483290554
0.0000160961228264
0.0000134559693168
0.0000213828614464
0.0000169673058330
0.0000256171127265
0.0000154464332803
0.0000229873205318
0.0000166715515371
0.0000181843973299
0.0000176617336793
0.0000222542315882
0.0000120683623464
0.0000161700374243
0.0000105832787465
0.0000124763790836
0.0000155378188921
0.0000168821001037
0.0000138449691793
0.0000139926013466
0.0000162273735486
0.0000119514980208
0.0000147144219110
0.0000211379617945
0.0000135450567518
0.0000166040326022
0.0000186922734813
0.0000136688614073
0.0000161870866188
0.0000129663301316
0.0000131118711616
0.0000119936287876
0.0000189356750155
0.0000186510198579
0.0000133878934008
0.0000143611334324
0.0000116585497701
0.0000175403484657
0.0000102953634560
0.0000177595374237
0.0000102171614688
0.0000120505621238
0.0000160714631092
0.0000096697149339
0.0000153941249546
0.0000122763791215
0.0000139031939958
0.0000108334753937
0.0000104373689654
0.0000131558162897
0.0000143115025751
0.0000116678647842
0.0000220993472396
0.0000092683557148
0.0000177771697270
0.0000132368631240
0.0000133379206462
0.0000109765555064
0.0000083114804038
0.0000089421361208
0.0000110339481201
0.0000139910241014
0.0000114970456465
0.0000123758579424
0.0000072909054634
0.0000110115197637
0.0000110241225127
0.0000183617512078
0.0000099164897887
0.0000141281092304
0.0000133508139798
0.0000084539855152
0.0000119547770075
0.0000095051451677
0.0000114566005918
0.0000097384924565
0.0000086627342061
0.0000170312343328
0.0000106734635799
0.0000083202884042
0.0000095665387895
