4.9535561028332884
4.7459736153187260
13.5331984128387450
25.3836787800355452
30.9518766481381036
34.7695484420375465
37.6209349213305018
40.0340691770987576
42.0313068943723067
43.7277377840867061
45.3026805034082827
46.6305519779201276
47.8374052448231595
48.9688330533438716
50.0145768599920046
50.9991241919208704
51.9488401907880899
52.7531419011193137
53.5688964430578380
54.3170324151984403
55.0445231443975516
55.7300602852985918
56.3810540507533773
57.0258977409560970
57.6475925803167968
58.2340461781198329
58.7850686099561131
59.3011778736460755
59.8267640071120610
60.3009198559181741
60.7804453061494598
61.2608133540409199
61.7204358997554294
62.1327371675002809
62.5570613864634879
62.9910521230826959
63.4033239675351865
63.8277078407803558
64.2074851154156789
64.5839312940999264
64.9340159715279270
65.2986800271826411
65.6409098318109727
65.9820571479359188
66.3137495114811202
66.6407303949752219
66.9381609324760944
67.2511525721155010
67.5610466678149351
67.8610403397825763
68.1857113222497588
68.4602606520160890
68.7353041958343169
69.0404776289700806
69.3103248258732663
69.5883226880719548
69.8601010845074200
70.1162049308095732
70.3921717565307858
70.6571103369910389
70.9040162701878671
71.1389447286799026
71.3808034777074738
71.6301604116971902
71.8674168369162061
72.0964121144635897
72.3308661289282355
72.5345465959755984
72.7477604535265527
72.9674252072989447
73.1899775513553976
73.4009709419272269
73.6059028383939022
73.8250880720081852
74.0355005487417799
74.2398404038261504
74.4391198126630513
74.6317992319558385
74.8295872361307346
75.0246750485088114
75.2084299923693465
75.3868228564404461
75.5633425575118878
75.7542606761054742
75.9268627514892387
76.1286099910420404
76.3015957165509349
76.4814720381075261
76.6603892703918319
76.8380560915520903
77.0037126698711631
77.1691080267930403
77.3504293069360074
77.5184084242715841
77.6835237962148284
77.8508345089903742
78.0067062826094286
78.1581539008359414
78.3287167134821942
78.4889408392070607
78.6434795018888479
78.7983212149155605
78.9518012010929908
79.1007388896307191
79.2545094713007074
79.4031080956652886
79.5408623923635645
79.6917374948929336
79.8425964001004473
79.9883769208826294
80.1318997985595871
80.2715294268270583
80.4093809827228654
80.5281665549309196
80.6734097530811312
80.8105380971268517
80.9431810352082266
81.0814802813314515
81.2117690492621591
81.3454410001907320
81.4890788785876765
81.6167505615903366
81.7431003128121887
81.8770883300142458
82.0039272198883253
82.1315859664561287
82.2565495161643696
82.3775041371615941
82.5024578351774238
82.6221884504080890
82.7471984993654814
82.8613863009776139
82.9833712408278075
83.0992713260905731
83.2088350835932147
83.3298835523435741
83.4440501453220236
83.5525699238995259
83.6604939712485844
83.7691190245661090
83.8733175173126426
83.9892600673982201
84.0964061261431226
84.2054627672471128
84.3137178628133199
84.4206061647403345
84.5297444559444102
84.6467920343278166
84.7524399198527050
84.8503067682856198
84.9563851893469462
85.0596493662335291
85.1657373945214289
85.2791105972519716
85.3814590262209521
85.4877033079156661
85.5935717590080287
85.6972272810409237
85.7929775492844016
85.8951007006002385
85.9847483852047105
86.0813735947337619
86.1901234025501992
86.2950534834097880
86.3934768902154246
86.4842027717260464
86.5856398511597689
86.6754979437332764
86.7807327083843774
86.8693494061663216
86.9525447011521777
87.0476243033526771
87.1426902366440430
87.2347501380597237
87.3200384587793366
87.4121337123194593
87.5111147564835932
87.5999534274991021
87.6935659140670083
87.7887199099906184
87.8760094347624374
87.9644400419252577
88.0431580176111765
88.1301214076227382
88.2155152127894553
88.3024390798231309
88.3839136443225897
88.4657737024090096
88.5491556543968699
88.6366259159282066
88.7226315039230826
88.8102299664745090
88.8982375697468683
88.9805987826751021
89.0675677882709351
89.1478009608084534
89.2246871587616397
89.3100907706187854
89.3871784509573359
89.4618433783803937
89.5373808231237405
89.6181397504956294
