0.9999200319872051
0.9998800479808077
0.9754498200719712
0.9469012395041984
0.9309876049580168
0.9182726909236305
0.9079968012794882
0.8985605757696922
0.8919632147141143
0.8820871651339465
0.8660535785685726
0.8572970811675330
0.8380647740903638
0.8340663734506197
0.8258696521391443
0.8232307077169132
0.8143142742902839
0.8161135545781687
0.8170731707317073
0.8098360655737705
0.8082367053178728
0.8111955217912835
0.8075169932027189
0.8090763694522191
0.8069172331067573
0.8015193922431028
0.8009596161535386
0.7987205117952819
0.7939624150339865
0.7954818072770892
0.7973210715713714
0.7938424630147941
0.7929628148740504
0.7924430227908836
0.7876849260295882
0.7856457417033187
0.7877249100359857
0.7858456617353059
0.7877249100359857
0.7866853258696521
0.7829668132746901
0.7829668132746901
0.7806077568972412
0.7769292283086765
0.7771291483406637
0.7756097560975610
0.7815673730507797
0.7826069572171132
0.7764894042383047
0.7741703318672531
0.7761295481807277
0.7720111955217913
0.7726509396241503
0.7715713714514194
0.7718512594962015
0.7710115953618553
0.7733706517393043
0.7701319472211116
0.7730907636945222
0.7704918032786885
0.7711315473810476
0.7690123950419832
0.7684126349460216
0.7681327469012394
0.7674530187924830
0.7687724910035986
0.7643742502998800
0.7698920431827269
0.7676929228308677
0.7662135145941623
0.7662135145941623
0.7579768092762895
0.7612554978008796
0.7579368252698920
0.7654138344662135
0.7584166333466613
0.7578168732506997
0.7597361055577769
0.7576169532187125
0.7606157536985206
0.7570171931227510
0.7568972411035586
0.7584566173530588
0.7514994002399040
0.7572171131547381
0.7507796881247502
0.7546981207516993
0.7521791283486605
0.7590563774490204
0.7498600559776090
0.7516193522590964
0.7499800079968013
0.7530587764894042
0.7557377049180328
0.7535385845661735
0.7491003598560576
0.7528188724510196
0.7495401839264294
0.7444622151139544
0.7497401039584166
0.7430227908836465
0.7490603758496601
0.7461815273890444
0.7435825669732107
0.7467812874850061
0.7473810475809676
0.7432626949220312
0.7478208716513395
0.7481407437025190
0.7492602958816473
0.7391843262694922
0.7463414634146341
0.7410635745701719
0.7453818472610956
0.7397041183526589
0.7394642143142743
0.7370651739304278
0.7417832866853259
0.7436625349860057
0.7388644542183127
0.7272291083566573
0.7352259096361455
0.7363054778088765
0.7311075569772091
0.7348260695721711
0.7292682926829268
0.7344262295081967
0.7333066773290684
0.7378248700519792
0.7363454618152739
0.7326669332267093
0.7286685325869652
0.7290283886445422
0.7323870451819272
0.7245101959216314
0.7278688524590164
0.7311475409836066
0.7223510595761695
0.7229508196721312
0.7209516193522590
0.7225509796081567
0.7265093962415033
0.7175529788084766
0.7313474610155938
0.7327469012395041
0.7255897640943623
0.7252698920431827
0.7182726909236306
0.7217113154738105
0.7243902439024390
0.7187524990003998
0.7231507397041184
0.7206717313074770
0.7139544182327069
0.7249500199920031
0.7171531387445021
0.7140343862455018
0.7182327069172331
0.7142343062774890
0.7091163534586166
0.7208316673330668
0.7199920031987205
0.7220311875249900
0.7222311075569772
0.7079168332666933
0.7144342263094762
0.7063174730107957
0.7111555377848860
0.7117552978808477
0.7150339864054378
0.7131947221111555
0.7165933626549380
0.7063174730107957
0.7167133146741304
0.7062774890043982
0.7122351059576170
0.7089564174330268
0.7103958416633347
0.7138744502199120
0.7087165133946421
0.7047580967612955
0.7139144342263095
0.7073970411835266
0.7033986405437825
0.7119552179128349
0.6994802079168333
0.7009196321471411
0.6996801279488205
0.7103158736505398
0.7037185125949620
0.6938424630147941
0.6980007996801280
0.6993202718912435
0.7038784486205518
0.7027588964414234
0.7009196321471411
0.6991203518592563
0.6928828468612555
0.7020791683326669
0.7027189124350260
0.6960815673730508
0.6925629748100760
