0.0014918332171598
0.0014142897570304
0.1115070061787558
0.0316048444348314
0.0211298524655759
0.0151269316269245
0.0131583318311992
0.0156571285012639
0.0104369881898672
0.0090230604915862
0.0079973725415310
0.0091073630127811
0.0075290829917485
0.0090982882964941
0.0064392581317074
0.0059342928764377
0.0074991428775997
0.0060252645451995
0.0088760447142527
0.0065335359291743
0.0056255324310881
0.0050492697357676
0.0049534695194403
0.0051875814575217
0.0047457394223605
0.0051658076348229
0.0051701375213269
0.0052688387980205
0.0062071611040579
0.0045512889560544
0.0051206399401105
0.0043047228076536
0.0042289960083113
0.0042523391998111
0.0046245507294596
0.0046169021695077
0.0044949455340438
0.0040175924030406
0.0049205054799906
0.0039914167366730
0.0053835376988225
0.0043865884468544
0.0043458092342521
0.0037517593346277
0.0050395647500869
0.0046327390924292
0.0045739953320292
0.0046772732016864
0.0038866697924415
0.0036176081150006
0.0039569760537206
0.0036628968513677
0.0036258453353355
0.0037478525412526
0.0043037266186021
0.0040431571745617
0.0035234293043507
0.0042624013115236
0.0033950438469557
0.0037642475054781
0.0038564595914253
0.0034479268492486
0.0035315480310081
0.0037435862752213
0.0035507226618139
0.0035834763191645
0.0032740534562564
0.0036221916620317
0.0032253031607477
0.0036675450873969
0.0033685391723083
0.0033432406846619
0.0032189402881470
0.0033337070327323
0.0035251454632512
0.0037714482833420
0.0033073452224700
0.0032352497540866
0.0032034799572485
0.0036457593205968
0.0030304147879546
0.0033415599211562
0.0031505563474239
0.0032179512134998
0.0038873660982569
0.0033190079815629
0.0029368967267063
0.0031853616876598
0.0030129664186921
0.0033869622526579
0.0029741996639956
0.0033003180417240
0.0029271944791596
0.0029472180745310
0.0028402181970578
0.0032178307596623
0.0035435979413523
0.0031925079412112
0.0030177863739169
0.0029229050215308
0.0031532497108353
0.0028744404089094
0.0028543419850637
0.0030224868870201
0.0031454225296921
0.0029318852496232
0.0027545086788050
0.0031007601591165
0.0031966205048018
0.0029757869871450
0.0026727397470884
0.0030203937242543
0.0028367869696493
0.0026678486068960
0.0026950381531034
0.0030388619330929
0.0027372888227713
0.0030507124610681
0.0028086244146017
0.0030352593462405
0.0037441456396242
0.0026274793374293
0.0027219791522250
0.0025772721021833
0.0031483160317040
0.0030070667025162
0.0027871071311669
0.0027267791891641
0.0025951002688003
0.0033526762141647
0.0027008752280757
0.0026189467930449
0.0026172354696147
0.0027052869203296
0.0025640830625733
0.0025478528723744
0.0026503728703121
0.0025343988342643
0.0025498942534122
0.0029607845147607
0.0029656388446428
0.0026861045858435
0.0027505860711857
0.0024955313522865
0.0026786444116402
0.0025120106453367
0.0024888649424571
0.0030596864792624
0.0025492178401949
0.0024792891821202
0.0026221254134493
0.0025670843955311
0.0025376360850951
0.0024583888432742
0.0029079164870116
0.0024632557161998
0.0026527914413844
0.0024685571608841
0.0028038779030016
0.0032793624049371
0.0030349757137876
0.0027054163543511
0.0024918635933485
0.0026265937653369
0.0026454623939468
0.0026383746304244
0.0025607814749016
0.0024264350880623
0.0023770842954050
0.0024416551765563
0.0026602520591976
0.0024653742784348
0.0024366714128448
0.0025258500328838
0.0026933415828606
0.0026606617209651
0.0030213232922547
0.0023653105373690
0.0024127749128300
0.0025652285924683
0.0023617209627098
0.0024585946121514
0.0024766158595218
0.0024396951375658
0.0026484296820222
0.0027179519893461
0.0024151590807833
0.0024486835456007
0.0023328736173357
0.0023509093482654
0.0026274995786396
0.0024494567408164
0.0024013576646121
0.0030875768170981
0.0023543685064070
0.0025270502878608
0.0023463540249742
0.0022901945316578
0.0026023204994298
0.0024473841004836
0.0023344972362228
0.0027054140291617
