273.0910026004530664
10.5649934300729953
0.1129633944397905
0.0331321161548774
0.0219118457543386
0.0157458697213290
0.0136036249245330
0.0160686225959534
0.0108951412892229
0.0092694863443801
0.0083007751079494
0.0093316462253416
0.0077035362569702
0.0093621537736371
0.0067210507043096
0.0061061421359755
0.0076203689189587
0.0061989467238853
0.0090316855015929
0.0066509208233483
0.0057245513925723
0.0051528043264354
0.0051056151404765
0.0053080241626383
0.0048362795367006
0.0052595529827904
0.0052422282256425
0.0053303892170309
0.0062844250627273
0.0046431019461884
0.0052595762111441
0.0043720653924003
0.0042777051556423
0.0043306685180900
0.0046907538747165
0.0046652038947625
0.0045666949233514
0.0040717004838052
0.0049932346076471
0.0040524589547481
0.0054355447239175
0.0044320450315091
0.0043960520949117
0.0038100246857011
0.0050901501335711
0.0046765321742823
0.0046276126505801
0.0047236622310124
0.0039233489579375
0.0036629593363988
0.0039953591703087
0.0037003820871703
0.0036654000533759
0.0037868114182249
0.0043490787350952
0.0040865456501469
0.0035766126507328
0.0043043697445005
0.0034369701168850
0.0037971219042151
0.0038907731174824
0.0034949577419990
0.0035562740456753
0.0037738168772298
0.0035794943418073
0.0036085915129167
0.0033099308631411
0.0036681729924540
0.0032569360282532
0.0037004556975210
0.0033948640939352
0.0033641572140197
0.0032554520539631
0.0033575079907104
0.0035560112875434
0.0037898735836409
0.0033341222277380
0.0032642334011499
0.0032260874257006
0.0036888972103139
0.0030658491795865
0.0033629572269139
0.0031772967552724
0.0032360698073584
0.0039185866044540
0.0033435214070167
0.0029625821046930
0.0032108115150155
0.0030437564175626
0.0034076438229648
0.0029962632513979
0.0033196680527062
0.0029560306929718
0.0029736368802024
0.0028640416722203
0.0032386744392584
0.0035839560329760
0.0032136821687439
0.0030375492836137
0.0029448718976697
0.0031801350839482
0.0028904307049013
0.0028753331594840
0.0030383947464125
0.0031685531417987
0.0029509390629647
0.0027691070119220
0.0031215498259570
0.0032138763311416
0.0030080439631819
0.0026953675242035
0.0030418715653486
0.0028492798397313
0.0026914088810953
0.0027102005448342
0.0030623659265179
0.0027545714613900
0.0030718973493210
0.0028308922970263
0.0030477291845134
0.0037556438216161
0.0026499276664847
0.0027380752750513
0.0025907280715001
0.0031696988931504
0.0030240340083492
0.0028127242438934
0.0027422256224444
0.0026180875893321
0.0033693477657018
0.0027190596254056
0.0026366085267243
0.0026394897012029
0.0027173552826760
0.0025802530999976
0.0025584361511209
0.0026628492493958
0.0025499366531564
0.0025667763535159
0.0029746294839400
0.0029796314459894
0.0027023319593921
0.0027625375692065
0.0025102457741975
0.0026997823734348
0.0025255557020885
0.0025054689750592
0.0030783787527436
0.0025628867016022
0.0024954762687390
0.0026350917435809
0.0025801962666928
0.0025496297138826
0.0024773245182897
0.0029265675068695
0.0024766436096006
0.0026671525748169
0.0024802157106542
0.0028214182514672
0.0032896577683931
0.0030527352512112
0.0027156335158198
0.0025039141554723
0.0026426652284461
0.0026551321088807
0.0026537687553790
0.0025730578540231
0.0024403382820581
0.0023879177707987
0.0024520925455217
0.0026734078754874
0.0024796857810098
0.0024483392776290
0.0025479493801234
0.0027026099385753
0.0026784388906922
0.0030345601553787
0.0023786484580152
0.0024237514683364
0.0025735400728721
0.0023706630988306
0.0024696285602715
0.0024906068836232
0.0024511921832124
0.0026608055399647
0.0027252428948095
0.0024261706005470
0.0024597076681134
0.0023512353685435
0.0023608258380542
0.0026416276878700
0.0024628075547962
0.0024098116501273
0.0030995315941057
0.0023638736515747
0.0025385068884526
0.0023560925174307
0.0022988572658639
0.0026193517337626
0.0024580575640635
0.0023428175246269
0.0027149805679512
