9.1866666666666656
10.2233333333333327
72.3516666666666737
85.9066666666666663
89.4533333333333331
91.0866666666666731
92.1150000000000091
92.7233333333333292
93.1700000000000017
93.6083333333333201
93.8766666666666794
94.1483333333333405
94.3583333333333343
94.5016666666666794
94.6949999999999932
94.8366666666666731
94.9099999999999966
95.0750000000000028
95.1599999999999966
95.2616666666666703
95.3299999999999983
95.4300000000000068
95.4599999999999937
95.5433333333333366
95.6050000000000040
95.6816666666666720
95.7199999999999989
95.7716666666666754
95.8166666666666771
95.8433333333333337
95.8883333333333354
95.9149999999999920
95.9716666666666640
96.0050000000000097
96.0250000000000057
96.0699999999999932
96.0833333333333286
96.1283333333333303
96.1433333333333309
96.1633333333333269
96.1949999999999932
96.2450000000000045
96.2366666666666646
96.2833333333333456
96.2966666666666669
96.2983333333333320
96.3166666666666629
96.3833333333333258
96.3750000000000142
96.3900000000000006
96.4166666666666572
96.4516666666666680
96.4616666666666731
96.4483333333333377
96.4783333333333388
96.4916666666666600
96.5049999999999955
96.5283333333333360
96.5433333333333366
96.5633333333333326
96.5583333333333371
96.5850000000000080
96.5716666666666725
96.5783333333333474
96.6216666666666697
96.6333333333333400
96.6516666666666708
96.6516666666666708
96.6416666666666657
96.6516666666666708
96.6650000000000063
96.6866666666666674
96.7099999999999937
96.7183333333333337
96.7049999999999983
96.7216666666666640
96.7516666666666652
96.7316666666666691
96.7716666666666754
96.7616666666666703
96.7883333333333411
96.8150000000000119
96.7950000000000159
96.8133333333333326
96.8500000000000085
96.8199999999999932
96.8399999999999892
96.8316666666666777
96.8599999999999852
96.8866666666666703
96.9000000000000057
96.8599999999999852
96.9066666666666805
96.9033333333333360
96.9083333333333314
96.9300000000000068
96.9399999999999977
96.9533333333333331
96.9300000000000068
96.9483333333333377
96.9583333333333286
96.9716666666666640
96.9716666666666640
96.9783333333333388
96.9849999999999994
96.9933333333333252
96.9966666666666697
96.9833333333333343
97.0066666666666606
97.0216666666666754
97.0216666666666612
97.0016666666666652
97.0250000000000057
97.0499999999999972
97.0566666666666578
97.0550000000000068
97.0750000000000028
97.0799999999999841
97.0966666666666640
97.0949999999999989
97.1033333333333388
97.1066666666666691
97.1033333333333388
97.1383333333333354
97.1233333333333348
97.1433333333333309
97.1416666666666657
97.1366666666666703
97.1500000000000057
97.1466666666666754
97.1366666666666703
97.1383333333333354
97.1366666666666703
97.1550000000000011
97.1583333333333314
97.1583333333333314
97.1716666666666669
97.1716666666666669
97.1633333333333411
97.1666666666666714
97.1816666666666720
97.1716666666666669
97.1816666666666720
97.1949999999999932
97.2000000000000028
97.2016666666666680
97.2083333333333428
97.2099999999999937
97.2166666666666686
97.2099999999999937
97.2133333333333240
97.2083333333333428
97.2233333333333292
97.2266666666666595
97.2283333333333388
97.2333333333333201
97.2316666666666691
97.2483333333333348
97.2283333333333388
97.2466666666666555
97.2783333333333360
97.2533333333333303
97.2450000000000045
97.2800000000000011
97.2483333333333348
97.2750000000000057
97.2699999999999960
97.2950000000000017
97.2800000000000153
97.2883333333333269
97.2933333333333366
97.2883333333333269
97.2883333333333269
97.2833333333333314
97.3149999999999977
97.3049999999999926
97.3166666666666771
97.3233333333333377
97.3100000000000023
97.3200000000000074
97.3266666666666680
97.3216666666666583
97.3216666666666583
97.3249999999999886
97.3416666666666544
97.3533333333333388
97.3349999999999937
97.3483333333333434
97.3500000000000085
97.3516666666666737
97.3633333333333297
97.3583333333333201
97.3500000000000085
97.3733333333333348
97.3633333333333297
97.3516666666666595
97.3633333333333297
97.3583333333333343
97.3500000000000085
97.3766666666666652
97.3750000000000000
97.3566666666666691
