2.3024750228563944
2.3024799759546917
0.9845239939530690
0.5227220844268798
0.4038097474753857
0.3444278684139252
0.3073094436804453
0.2820967972973982
0.2630696437219779
0.2487528414328893
0.2371652341822783
0.2279767715106408
0.2204079618056615
0.2140482562661171
0.2078842247605324
0.2026938311258952
0.1980424131795764
0.1940258125811815
0.1906062857121229
0.1871406437903643
0.1838537234634161
0.1810061270385981
0.1784604016602039
0.1759992031916976
0.1736703141580025
0.1716496190418800
0.1697790648564696
0.1680416590988636
0.1663581134354075
0.1646797722826401
0.1632018293251594
0.1615941733747721
0.1601918308814367
0.1589835646465421
0.1578274688805143
0.1565375157728791
0.1553192848826448
0.1540135124896963
0.1530478192150593
0.1519905981088678
0.1512751365502675
0.1501900786916415
0.1492889082536101
0.1483372461368640
0.1475233113964399
0.1467122106939554
0.1460127636392911
0.1452244987671574
0.1444468142906825
0.1437118197311958
0.1429912850737572
0.1423814281851053
0.1417679996619622
0.1410918840979536
0.1405461461335420
0.1399032747223973
0.1392373096490900
0.1387893053323030
0.1381204319745302
0.1375508815601468
0.1370618605698148
0.1365840457737446
0.1361018569623431
0.1355497004926205
0.1350375655422608
0.1345401513884465
0.1340535113026698
0.1337407144059738
0.1332742166807254
0.1329238099505504
0.1324505280921857
0.1320450514684121
0.1316536351079742
0.1312399018163482
0.1308642345632116
0.1304856842577457
0.1300278873746594
0.1296689274509748
0.1293019902984301
0.1289723951732119
0.1285890913744767
0.1283270465056101
0.1279807475909591
0.1276333847403526
0.1274078495169679
0.1270149055788914
0.1266408043911060
0.1263357400710384
0.1259881427799662
0.1257215958982706
0.1253823609992862
0.1251520665645599
0.1247822377632062
0.1244740526949366
0.1241793166344364
0.1239311409463485
0.1237473654309909
0.1234677875821789
0.1231397670835257
0.1228115564256907
0.1226184385091066
0.1223021530027191
0.1220773526303470
0.1219177512039741
0.1216419019271930
0.1213778028190136
0.1211795880337556
0.1209704230080048
0.1207054182295998
0.1204290490607421
0.1201674320399761
0.1199807047426701
0.1197561989307404
0.1195589916328589
0.1193117058890561
0.1192078612272938
0.1189541415885091
0.1187400645146767
0.1185293595780929
0.1183351604481538
0.1182457883705696
0.1179140220622222
0.1177783779859543
0.1175253168607752
0.1173965878720085
0.1172139574855566
0.1169797187457482
0.1168048844397068
0.1166145015900334
0.1165068728645643
0.1162794851700465
0.1161096917698781
0.1159053825865189
0.1157670431012909
0.1156173195491235
0.1154208854377270
0.1152715521107117
0.1151211382284760
0.1149783068368832
0.1148748129263520
0.1147616202692191
0.1145899760936697
0.1144626317352057
0.1142729831775030
0.1141679517269134
0.1139857997765144
0.1138201688284675
0.1137146054988106
0.1135494432836771
0.1134110635096828
0.1133144467137754
0.1131788420359294
0.1130285387367010
0.1129031482249498
0.1127862442033986
0.1126148029208183
0.1125053132941325
0.1123373224889239
0.1122402473916610
0.1121167377824585
0.1120261734264592
0.1118923094436526
0.1116833355883757
0.1115521351719896
0.1114538036227226
0.1113559538866083
0.1112102833370368
0.1110856676429510
0.1109205094471574
0.1108206335167090
0.1107509237319231
0.1105907866048316
0.1104586839633683
0.1103409808787207
0.1102725246580939
0.1101753025203943
0.1100799923256040
0.1099099280804396
0.1097992883063853
0.1097034725839893
0.1095862544183930
0.1095096502800783
0.1094421878983577
0.1093440372978648
0.1092396102448304
0.1091444511021177
0.1090388755758603
0.1089473335827390
0.1088657630831003
0.1087438978587588
0.1086725275814533
0.1085165026684602
0.1084141955008109
0.1083715581834316
0.1082082197127243
0.1081445909914871
0.1080597057382266
0.1079718260755142
0.1079071471917133
0.1078376372814178
0.1077418307597438
0.1077073585997025
