2.3096559578895568
2.3024480853080749
0.9848660215377807
0.5228006251851718
0.4038619367241859
0.3445052077094714
0.3073711294412613
0.2821438708623251
0.2631324102322261
0.2487878247499466
0.2372275934378306
0.2279891478498777
0.2203940222223600
0.2140732781738043
0.2079074453989665
0.2026941108996669
0.1980822471573949
0.1940449232041836
0.1906107060263554
0.1871701530024409
0.1838260759830475
0.1810194426745176
0.1784808837354183
0.1760142598489920
0.1736671112755934
0.1716447420865297
0.1698018816749255
0.1680502271880706
0.1663637694478035
0.1646922432119648
0.1632343728105227
0.1616162663986286
0.1601780091245969
0.1589679104348024
0.1578358044981956
0.1565534477343162
0.1553273817727963
0.1540260463198026
0.1530651233350237
0.1520015414647758
0.1512862405806780
0.1501903577248255
0.1493009950071573
0.1483418813854456
0.1475271966427565
0.1467135002205769
0.1460117700015505
0.1452281290958325
0.1444639654417832
0.1437319673530758
0.1429890981843074
0.1423885472958287
0.1417624160548051
0.1410917129337788
0.1405265846977631
0.1398971857905388
0.1392364685157935
0.1388162548288703
0.1381282441253463
0.1375643674274286
0.1370639446802437
0.1365856133391460
0.1361059937526782
0.1355530904894074
0.1350316789160172
0.1345458522548278
0.1340414743234714
0.1337487255324920
0.1332767549912135
0.1329331264406443
0.1324467998122175
0.1320464647253354
0.1316740401978294
0.1312429143905640
0.1308768566320340
0.1304850193222364
0.1300200134803851
0.1296731884434819
0.1293006691890458
0.1289639598670105
0.1285859935606520
0.1283080324927966
0.1279817486544450
0.1276387318278353
0.1274134161755442
0.1270200932194789
0.1266460115991533
0.1263339057549834
0.1259812038118641
0.1257259102165699
0.1253902522007624
0.1251573913842440
0.1247816640292605
0.1244826927671830
0.1241673449516296
0.1239204037442803
0.1237507976541916
0.1234714944824576
0.1231415639087558
0.1228090933258335
0.1226187149430315
0.1223043890813987
0.1220829827035467
0.1219271048933268
0.1216418295025826
0.1213688205465674
0.1211811995958288
0.1209728919113676
0.1207084391981363
0.1204340937082966
0.1201678311238686
0.1199848171566923
0.1197617896417777
0.1195561684240898
0.1193307649160425
0.1192007552370429
0.1189555979599555
0.1187346594000856
0.1185307315200567
0.1183340602268775
0.1182482055862745
0.1179236767535408
0.1177774901310603
0.1175324290042122
0.1174062213440736
0.1172108500376344
0.1169771071620286
0.1168100599482655
0.1166219272906582
0.1165008884732922
0.1162791538928946
0.1160982474140823
0.1159014372773468
0.1157664530972640
0.1156208193220198
0.1154315074900786
0.1152745889532069
0.1151239961763223
0.1149782264322042
0.1148775052860379
0.1147541068283220
0.1145819436877966
0.1144541249364615
0.1142733644525210
0.1141590305532018
0.1139993659898639
0.1138328870356083
0.1137130453785261
0.1135529893472791
0.1134143470222751
0.1133048836996158
0.1131853119184573
0.1130361579363545
0.1129057479600112
0.1127879252806306
0.1126284121980270
0.1125001325746377
0.1123407206828396
0.1122349472055832
0.1121278777276476
0.1120241906856497
0.1119046457767487
0.1116769220920901
0.1115485329339902
0.1114576433996360
0.1113587615671257
0.1112098881080747
0.1110944405672451
0.1109267581621806
0.1108280146221320
0.1107567024812102
0.1105926623870929
0.1104646102607250
0.1103326508181791
0.1102708123634259
0.1101840343564749
0.1100752683783571
0.1099158385033409
0.1097996947052578
0.1097114666774869
0.1095901727902392
0.1095193045074741
0.1094394823928674
0.1093357441703479
0.1092363690401117
0.1091494474147757
0.1090493835633000
0.1089494926099976
0.1088698421403766
0.1087356525296966
0.1086791724095742
0.1085015521819393
0.1084184008106589
0.1083640835513671
0.1082059059575200
0.1081339459180832
0.1080570818449060
0.1079737727758785
0.1078998695070545
0.1078341651767492
0.1077339110359549
0.1077058067381382
