9.7349999999999994
9.8066666666666666
72.3700000000000045
85.9283333333333275
89.4249999999999972
91.0999999999999943
92.0733333333333377
92.7133333333333383
93.1833333333333371
93.5966666666666640
93.9016666666666708
94.1599999999999966
94.3583333333333343
94.5066666666666606
94.6949999999999932
94.8416666666666686
94.9200000000000017
95.0716666666666725
95.1683333333333366
95.2450000000000045
95.3349999999999937
95.4316666666666720
95.4766666666666737
95.5583333333333371
95.6033333333333388
95.6749999999999972
95.7283333333333388
95.7833333333333314
95.8066666666666720
95.8433333333333337
95.8850000000000051
95.9216666666666669
95.9800000000000040
95.9983333333333348
96.0183333333333309
96.0633333333333326
96.0883333333333383
96.1333333333333400
96.1583333333333314
96.1716666666666669
96.1949999999999932
96.2383333333333297
96.2450000000000045
96.2733333333333263
96.3083333333333371
96.2983333333333320
96.3199999999999932
96.3866666666666703
96.3766666666666652
96.3933333333333309
96.4150000000000063
96.4516666666666680
96.4616666666666731
96.4599999999999937
96.4783333333333388
96.4833333333333343
96.5100000000000051
96.5316666666666663
96.5516666666666623
96.5583333333333371
96.5649999999999977
96.5849999999999937
96.5699999999999932
96.5733333333333377
96.6233333333333348
96.6316666666666606
96.6550000000000011
96.6616666666666617
96.6500000000000057
96.6550000000000011
96.6599999999999966
96.6899999999999977
96.7000000000000028
96.7166666666666686
96.7049999999999983
96.7216666666666640
96.7416666666666600
96.7383333333333297
96.7716666666666612
96.7650000000000006
96.7983333333333320
96.8050000000000068
96.8033333333333275
96.8116666666666674
96.8499999999999943
96.8250000000000028
96.8466666666666640
96.8366666666666731
96.8566666666666691
96.8933333333333309
96.8966666666666612
96.8666666666666600
96.9050000000000011
96.9000000000000057
96.8949999999999960
96.9216666666666669
96.9383333333333326
96.9500000000000028
96.9283333333333275
96.9533333333333331
96.9566666666666634
96.9800000000000040
96.9800000000000040
96.9749999999999943
96.9883333333333297
96.9883333333333297
96.9950000000000045
96.9866666666666646
97.0150000000000006
97.0233333333333263
97.0266666666666708
97.0116666666666703
97.0216666666666612
97.0499999999999972
97.0583333333333371
97.0550000000000068
97.0683333333333280
97.0833333333333286
97.0916666666666686
97.0983333333333292
97.1050000000000040
97.0983333333333292
97.1066666666666691
97.1299999999999955
97.1266666666666652
97.1416666666666657
97.1383333333333354
97.1366666666666703
97.1516666666666708
97.1466666666666612
97.1366666666666703
97.1383333333333354
97.1466666666666612
97.1533333333333360
97.1583333333333314
97.1633333333333269
97.1700000000000017
97.1716666666666669
97.1633333333333269
97.1666666666666714
97.1800000000000068
97.1716666666666669
97.1833333333333371
97.1983333333333377
97.2016666666666680
97.2049999999999983
97.2083333333333286
97.2066666666666634
97.2099999999999937
97.2133333333333383
97.2150000000000034
97.2066666666666634
97.2266666666666737
97.2283333333333388
97.2333333333333343
97.2349999999999994
97.2383333333333297
97.2533333333333303
97.2300000000000040
97.2500000000000000
97.2750000000000057
97.2533333333333303
97.2483333333333348
97.2766666666666708
97.2450000000000045
97.2750000000000057
97.2683333333333309
97.2916666666666714
97.2766666666666708
97.2916666666666714
97.2900000000000063
97.2933333333333366
97.2916666666666714
97.2833333333333314
97.3133333333333326
97.3100000000000023
97.3149999999999977
97.3216666666666725
97.3066666666666720
97.3216666666666725
97.3250000000000028
97.3250000000000028
97.3199999999999932
97.3250000000000028
97.3449999999999989
97.3533333333333388
97.3349999999999937
97.3483333333333292
97.3483333333333292
97.3533333333333388
97.3616666666666646
97.3649999999999949
97.3550000000000040
97.3716666666666697
97.3649999999999949
97.3566666666666691
97.3599999999999994
97.3616666666666646
97.3533333333333388
97.3750000000000000
97.3816666666666606
97.3550000000000040
