0.9999750099960016
0.9846561375449820
0.8039884046381447
0.8138444622151140
0.7761945221911235
0.7446521391443423
0.7302329068372651
0.7204668132746901
0.7002249100359856
0.6962514994002399
0.6981207516993203
0.6822171131547381
0.6899940023990403
0.6831917233106757
0.6727858856457417
0.6678378648540584
0.6664034386245501
0.6626699320271892
0.6526789284286285
0.6651589364254298
0.6541533386645342
0.6502698920431826
0.6500199920031987
0.6492153138744502
0.6479708116753299
0.6408786485405837
0.6392093162734905
0.6450919632147141
0.6355357856857257
0.6407736905237905
0.6265193922431027
0.6362804878048780
0.6329868052778889
0.6399940023990404
0.6356657337065175
0.6376549380247900
0.6371601359456218
0.6273090763694522
0.6278138744502200
0.6251349460215914
0.6344262295081967
0.6307926829268293
0.6290633746501400
0.6301479408236705
0.6207167133146740
0.6207117153138745
0.6166233506597361
0.6260895641743303
0.6128448620551780
0.6163234706117553
0.6224360255897641
0.6112804878048781
0.6205017992802879
0.6154538184726109
0.6171131547381048
0.6026139544182327
0.6118152738904439
0.6129448220711715
0.6157487005197921
0.6111455417832866
0.6138644542183127
0.6095111955217913
0.6108606557377050
0.6087614954018392
0.6026739304278288
0.6069472211115554
0.6072021191523391
0.5967762894842064
0.6100259896041584
0.5995951619352260
0.5989054378248700
0.5978208716513395
0.6094862055177929
0.6072770891643342
0.5979858056777290
0.6027039184326269
0.5942123150739704
0.5964514194322270
0.6066073570571771
0.5924930027988804
0.6004098360655739
0.5930277888844462
0.5999050379848061
0.5933826469412236
0.5895341863254697
0.5973060775689725
0.5931777289084366
0.5946871251499400
0.5795581767293083
0.5915533786485405
0.5900489804078368
0.5887844862055178
0.5888644542183127
0.5953768492602959
0.5858356657337065
0.5824270291883247
0.5874700119952019
0.5910735705717713
0.5784536185525790
0.5903138744502199
0.5909686125549780
0.5792882846861256
0.5771391443422631
0.5755747700919631
0.5791333466613354
0.5782437025189924
0.5826519392243104
0.5767343062774890
0.5797381047580967
0.5769242303078769
0.5852409036385446
0.5752898840463815
0.5874600159936025
0.5780587764894043
0.5908186725309876
0.5851909236305477
0.5796631347461015
0.5816523390643742
0.5719412235105958
0.5811975209916034
0.5779038384646142
0.5769792083166734
0.5777688924430228
0.5688824470211915
0.5739354258296681
0.5786935225909636
0.5734556177528989
0.5779338264694123
0.5705817672930827
0.5711465413834467
0.5751349460215914
0.5692023190723711
0.5634396241503399
0.5774040383846462
0.5720411835265894
0.5718712514994002
0.5657137145141943
0.5741903238704518
0.5704468212714915
0.5737005197920831
0.5663634546181527
0.5648340663734506
0.5709866053578568
0.5675629748100760
0.5724010395841663
0.5604508196721312
0.5638094762095162
0.5599560175929628
0.5787085165933626
0.5731207516993202
0.5598010795681727
0.5590663734506198
0.5614454218312674
0.5597810875649740
0.5612954818072771
0.5478108756497402
0.5576669332267092
0.5637295081967213
0.5534136345461815
0.5622301079568173
0.5549580167932827
0.5581217512994802
0.5558626549380248
0.5521141543382646
0.5614404238304678
0.5576069572171132
0.5429678128748501
0.5564274290283886
0.5577319072371052
0.5661035585765694
0.5468612554978008
0.5562724910035985
0.5523640543782486
0.5619552179128349
0.5551629348260696
0.5669982007197121
0.5578168732506997
0.5533636545381847
0.5574170331867253
0.5561775289884047
0.5471911235505797
0.5518542582966813
0.5535835665733706
0.5516393442622951
0.5591413434626149
0.5553778488604558
0.5528738504598161
0.5538584566173530
0.5561025589764095
0.5532087165133945
0.5574970011995202
0.5601909236305478
0.5447071171531388
0.5558126749300281
0.5617303078768493
0.5571471411435426
0.5550329868052779
0.5483956417433027
0.5397740903638544
0.5650139944022391
0.5497650939624150
0.5387844862055178
