274.2526357286178609
10.6404441312651983
0.0012152220092332
0.0009662788261072
0.0007833513430421
0.0005338936672435
0.0004725222018747
0.0005807290362228
0.0001939628326856
0.0001836497333140
0.0002810410490215
0.0001556345074935
0.0002563680674233
0.0001944534708967
0.0001510338775730
0.0001008558429729
0.0001720576545834
0.0001129384390140
0.0001253498575378
0.0001635760431913
0.0001260381663180
0.0000904829372900
0.0001115233292046
0.0000898986326531
0.0001115430549911
0.0000846937147965
0.0000636226990070
0.0000925784236163
0.0000673890469680
0.0000815423879705
0.0000648185619377
0.0000672428180951
0.0000589595218091
0.0000760369428197
0.0000611964270721
0.0000681533587817
0.0000644208057788
0.0000387122291535
0.0000505159395539
0.0000354046371625
0.0000599849511321
0.0000665171772539
0.0000516894211327
0.0000622413601631
0.0000433679580913
0.0000519791113870
0.0000330378290980
0.0000504658706066
0.0000416171465867
0.0000288893713837
0.0000388896408878
0.0000406322762723
0.0000369434186471
0.0000347530907772
0.0000485513880568
0.0000295109711625
0.0000392506977201
0.0000510504958543
0.0000389923188497
0.0000316199173302
0.0000359656042754
0.0000380753905139
0.0000279685714191
0.0000400818409176
0.0000268717287879
0.0000451198398267
0.0000344823435041
0.0000270345374084
0.0000266690397655
0.0000177823085915
0.0000256611107883
0.0000246801529702
0.0000417020641495
0.0000261574287006
0.0000232439943172
0.0000303639062939
0.0000346701399076
0.0000220243077351
0.0000424726397098
0.0000189417210266
0.0000276968694642
0.0000175348060786
0.0000312592284141
0.0000312958101583
0.0000261651156925
0.0000237043537849
0.0000230607202458
0.0000242326730549
0.0000239491268851
0.0000207690296232
0.0000238199147143
0.0000257529040503
0.0000292822287637
0.0000260672981409
0.0000270773340842
0.0000184136048312
0.0000269075603752
0.0000192827687684
0.0000208140476188
0.0000303225380833
0.0000227099853365
0.0000176982616447
0.0000184120594549
0.0000140369355420
0.0000164055067301
0.0000174097276214
0.0000221917340254
0.0000200110824563
0.0000195369025207
0.0000182266392743
0.0000207351955538
0.0000142926255613
0.0000224522797740
0.0000157244889069
0.0000253981003066
0.0000204813953758
0.0000209422547152
0.0000170387866972
0.0000203918516897
0.0000173848285905
0.0000181004251937
0.0000175198595977
0.0000189951012619
0.0000161096763952
0.0000154474070394
0.0000208071556785
0.0000199400926733
0.0000162631307314
0.0000175823388098
0.0000166224341944
0.0000180505957749
0.0000216570931030
0.0000155612777659
0.0000241882856051
0.0000137937874956
0.0000201582955447
0.0000133603527603
0.0000191707915319
0.0000262541576815
0.0000150467235018
0.0000123966734415
0.0000126044135400
0.0000118152484610
0.0000101278259941
0.0000195781141568
0.0000124326959537
0.0000116878654336
0.0000126336779357
0.0000181175034888
0.0000150070560592
0.0000097204837282
0.0000160034701493
0.0000218235505032
0.0000140057593210
0.0000111183333665
0.0000094622031614
0.0000085815021854
0.0000147134342496
0.0000107960105531
0.0000133606117906
0.0000093031841620
0.0000091694862182
0.0000119442231108
0.0000096685841574
0.0000134652913065
0.0000145084827361
0.0000102122591398
0.0000097335557022
0.0000147481326051
0.0000185966154690
0.0000110935405436
0.0000142948902319
0.0000107623694642
0.0000132312920931
0.0000185582869652
0.0000146594179752
0.0000115760220680
0.0000113180783084
0.0000141007530850
0.0000100715476491
0.0000091950406281
0.0000146248440177
0.0000115621505873
0.0000103666238615
0.0000150627538033
0.0000123587325141
0.0000096753509751
0.0000123631194934
0.0000120928210934
0.0000152247291124
0.0000158052995619
0.0000205812763942
0.0000097003454067
0.0000134872334517
0.0000138438506747
0.0000139918853704
0.0000121873023306
0.0000107198420973
0.0000105448624682
0.0000183470971995
0.0000081165704687
0.0000083031964826
