4.8467231450309880
4.6415838781682925
7.2088690489231899
21.7813160840774849
28.9645009312349160
33.3755709703789094
36.5868558898725880
39.1206219812430191
41.2295503367997327
43.0607676060023934
44.6045019089653749
46.0226525719511059
47.3154065238347457
48.5006404175649308
49.5785911514875792
50.5249406055305670
51.4408346165961206
52.3142927067003214
53.1415121985306769
53.8802860724752009
54.6301625146902481
55.3352648431025216
55.9912750653134310
56.6473819146031090
57.2605587643354141
57.8391550306347497
58.3719294286849149
58.9057987696845586
59.4136006098068066
59.9069764022743811
60.3860705859848537
60.8665593550378361
61.3285403900154336
61.7932423983839527
62.2286692764009501
62.6434538057130936
63.0644492896932434
63.4573690896729516
63.8472317180282261
64.2262782206102969
64.5899350766882350
64.9667430718633909
65.3302167656600972
65.6810499467221405
66.0072549370048165
66.3328540053976923
66.6872246990538713
66.9974255995396959
67.3241791185130154
67.6424596559878069
67.9465227796985403
68.2436802210933138
68.5191401526063402
68.8014172797991819
69.0693166438828001
69.3586271250283630
69.6164556098585479
69.8990351125098215
70.1614292102689632
70.4224132904347044
70.6784700770176215
70.9195610259266260
71.1653630097488730
71.4038494630986520
71.6420372859818571
71.8788742787282189
72.1168803052904934
72.3377895381709806
72.5821169349732003
72.7943006446085832
73.0282576930817839
73.2542296611845103
73.4862501756567070
73.7046505806893038
73.9158288188977508
74.1282456677771222
74.3219755559287734
74.5264769279758212
74.7182969374624548
74.9165711665721403
75.1248549494474815
75.3121923368075983
75.4988443025127225
75.7009674860130986
75.9026648234980996
76.0751975827593583
76.2535128479357240
76.4396731644717704
76.6191525547185819
76.7950832902441505
76.9771621991909143
77.1592951683327897
77.3517400871536438
77.5137146980368357
77.6848048964886004
77.8440591850064010
78.0042160684997157
78.1674902404917020
78.3367537656847048
78.5102330429024420
78.6765279958893728
78.8418122987118153
78.9903669765110976
79.1489509246921443
79.2957319908234979
79.4514593943614784
79.6023600869567076
79.7378295420819683
79.8806734997793910
80.0358083377828251
80.1896810964091458
80.3457954915627681
80.4904719966613698
80.6263092492475408
80.7713839797330593
80.9095206993821989
81.0448851722812265
81.1860167516953339
81.3136029294469580
81.4374825261872530
81.5680076704609007
81.7052181302108380
81.8384989350311400
81.9732630256211223
82.1118513229730382
82.2479616050353286
82.3740565855603535
82.5071567189685737
82.6341149559476378
82.7517829955516078
82.8797722786034967
83.0020684914952085
83.1221336669987920
83.2340611288786079
83.3544876349326529
83.4617170377697164
83.5740533352427093
83.6907385236178953
83.8253081432943787
83.9300439728826859
84.0475191719277319
84.1603641006548031
84.2726551260906547
84.3824553242418602
84.4977753856570217
84.6106033367245800
84.7177314658997460
84.8287810109809186
84.9382792248196949
85.0591360900355511
85.1611931609437534
85.2628351344098974
85.3725975642612696
85.4736732387832774
85.5832039973124381
85.6891165974497255
85.7932342690361196
85.8880104341396020
85.9846000829021619
86.0953397826727667
86.1994616207053781
86.2975914462437714
86.3999573131238208
86.4915177103002861
86.5870289116141407
86.6835948516777250
86.7794047852493833
86.8689713142539688
86.9637995230755791
87.0497284533595348
87.1457244280263126
87.2434078102754569
87.3372192071513496
87.4284292677677826
87.5120652765515956
87.6082021201250996
87.6996148638744586
87.7913897310350109
87.8731754240217242
87.9545264729146794
88.0380019866160950
88.1245463948274619
88.2145320715243741
88.2994458984945965
88.3892496390322577
88.4678758953646138
88.5481027507711929
88.6377296466348952
88.7240511973907502
88.8027755844782405
88.8898397131874560
88.9629381079615911
89.0417599838347513
89.1229176473420210
89.1970906353830770
89.2794402651631032
89.3554967405562763
89.4238751253481183
89.5050750333921883
89.5835155371288749
89.6729749402124980
89.7500750027810170
