0.9999600159936025
1.0000000000000000
0.9073970411835266
0.8951219512195122
0.8616553378648540
0.8243102758896441
0.8034786085565774
0.7926829268292683
0.7741303478608557
0.7679328268692523
0.7678928428628549
0.7586165533786485
0.7545381847261096
0.7479008396641343
0.7397441023590564
0.7358256697321072
0.7284686125549780
0.7248300679728109
0.7215113954418233
0.7241103558576569
0.7170331867253099
0.7100359856057576
0.7139544182327069
0.7096361455417833
0.7131947221111555
0.7083166733306677
0.7066773290683727
0.7057576969212315
0.7039984006397441
0.7014394242303079
0.6973210715713715
0.6972411035585766
0.6970411835265894
0.6992802878848461
0.6992403038784486
0.6936425429828069
0.6943622550979608
0.6888844462215113
0.6909636145541783
0.6876049580167933
0.6895641743302678
0.6907237105157937
0.6883246701319472
0.6848060775689724
0.6816873250699720
0.6823670531787285
0.6777289084366254
0.6798480607756897
0.6756097560975610
0.6778088764494202
0.6813274690123950
0.6754898040783687
0.6795281887245102
0.6752499000399840
0.6743302678928429
0.6730507796881248
0.6725709716113555
0.6744102359056378
0.6746501399440223
0.6692123150739704
0.6721311475409836
0.6715313874450219
0.6674930027988805
0.6716913234706118
0.6651739304278289
0.6680527788884446
0.6675329868052778
0.6632946821271491
0.6667333066773291
0.6642542982806877
0.6613354658136745
0.6628548580567772
0.6668532586965213
0.6625749700119952
0.6580167932826869
0.6606557377049180
0.6556577369052379
0.6561375449820072
0.6583766493402639
0.6546981207516993
0.6570571771291484
0.6489804078368653
0.6536985205917633
0.6521791283486605
0.6531787285085966
0.6526189524190323
0.6499000399840064
0.6504198320671731
0.6427029188324670
0.6481007596961216
0.6487405037984806
0.6533786485405838
0.6490203918432627
0.6504598160735706
0.6406237504998000
0.6419832067173131
0.6447820871651340
0.6504598160735706
0.6385445821671332
0.6449020391843263
0.6422231107556977
0.6364254298280688
0.6426629348260696
0.6327069172331068
0.6394642143142742
0.6392642942822870
0.6369452219112355
0.6377449020391843
0.6390243902439025
0.6403038784486206
0.6394242303078769
0.6333866453418633
0.6397441023590564
0.6355857656937225
0.6386245501799280
0.6403838464614154
0.6343062774890044
0.6367453018792483
0.6324670131947221
0.6345461815273891
0.6351059576169532
0.6312275089964015
0.6335065973610555
0.6244302279088365
0.6267093162734906
0.6309076369452219
0.6300679728108757
0.6254698120751699
0.6261895241903239
0.6262295081967213
0.6276689324270291
0.6217912834866054
0.6213514594162335
0.6282686925229908
0.6300279888044782
0.6265493802479009
0.6251499400239904
0.6263894442223110
0.6280687724910036
0.6279888044782087
0.6196321471411436
0.6165133946421432
0.6234306277489005
0.6250699720111955
0.6245901639344262
0.6169532187125150
0.6211515393842463
0.6186325469812075
0.6273490603758497
0.6202319072371052
0.6113154738104758
0.6157137145141943
0.6171531387445022
0.6125949620151939
0.6157936825269892
0.6109156337465014
0.6148340663734506
0.6159536185525790
0.6122351059576170
0.6150339864054378
0.6102359056377449
0.6117552978808477
0.6136745301879248
0.6124350259896042
0.6140343862455018
0.6124350259896042
0.6039584166333467
0.6095961615353859
0.6105957616953219
0.6126749300279888
0.6073170731707317
0.6121551379448221
0.6092363054778088
0.6072371051579368
0.6112754898040784
0.6126749300279888
0.6119952019192323
0.6057576969212315
0.6103958416633347
0.6039584166333467
0.6040783686525389
0.5962015193922431
0.6065973610555778
0.6064774090363855
0.6115953618552579
0.6062375049980008
0.6024390243902439
0.6038784486205517
0.6097560975609756
0.6054378248700519
0.6061575369852059
0.6118752499000399
0.5964414234306278
0.6017193122750900
0.6106757297081168
0.6061575369852059
0.6050779688124750
0.5997201119552179
0.6008396641343463
0.6076369452219113
0.6024790083966414
0.5949620151939224
