0.0015229382182264
0.0014463060068848
0.1655083071728649
0.0543908993326989
0.0406119843841533
0.0273345879244937
0.0150279075447637
0.0113614588696170
0.0109281983513974
0.0085239348767657
0.0107759989134628
0.0102244427672906
0.0074805171425619
0.0068898924714871
0.0073598347611870
0.0071417824453315
0.0053329013533165
0.0069361362221534
0.0048953083426098
0.0063051780541801
0.0046751404701322
0.0049149775998525
0.0043156747909769
0.0042700854470628
0.0043724631420459
0.0040409962098806
0.0039335732577320
0.0041078640932144
0.0038866451743647
0.0037973683696758
0.0042386181629218
0.0039397326410833
0.0046396516591508
0.0039567651527614
0.0045778993167392
0.0039863299805903
0.0036117019762706
0.0044364217729110
0.0043846365290534
0.0034138277783996
0.0041797813449418
0.0033621198555631
0.0041384721353191
0.0036857748738923
0.0037185185526090
0.0043641223352112
0.0033055090149709
0.0038720441595475
0.0034115810144471
0.0031906374032273
0.0035757943893144
0.0034453330155369
0.0034434208524667
0.0037815157328214
0.0030018985291437
0.0034967778550490
0.0028081991725410
0.0028556772177613
0.0038586770919763
0.0030033797129712
0.0034787620389887
0.0031134685315709
0.0046746198436518
0.0030546054451469
0.0028249975475730
0.0030369852336087
0.0027040237448737
0.0033985242344357
0.0031431606486088
0.0029707403937318
0.0027898997501820
0.0029620487153248
0.0028687354442414
0.0033947425722671
0.0028201746996373
0.0031266815622880
0.0026611006243811
0.0028526926833250
0.0029966450716188
0.0030307589123370
0.0025659663797058
0.0029661127694480
0.0029633525273312
0.0026739666995133
0.0026394796007025
0.0027732050318902
0.0030589673640238
0.0032764421215277
0.0030414085181985
0.0026000553591988
0.0031394261905963
0.0026426139679861
0.0026796293486565
0.0025138209517839
0.0025863984576620
0.0026890385518387
0.0026117842399032
0.0029705239516182
0.0025401566270267
0.0030564970540242
0.0027847444517204
0.0024796386601802
0.0025757582200843
0.0024841005634522
0.0025003811862325
0.0025059376107640
0.0026891467328484
0.0025020397142890
0.0026864046296887
0.0025336678498496
0.0024499320749362
0.0025666631293782
0.0024911740970579
0.0025513647646831
0.0029749595431321
0.0025805112528027
0.0027711455415619
0.0023697790329586
0.0032680285296772
0.0031284003235932
0.0024953709384140
0.0028469747657935
0.0022677015066586
0.0023098960841140
0.0023403888959122
0.0022594418570832
0.0025786347114987
0.0024536998706864
0.0022443236569691
0.0025770500786544
0.0025730360159884
0.0029213399214406
0.0022460160948695
0.0022673875199255
0.0023708023118241
0.0032372829627874
0.0027441533470230
0.0024125439896716
0.0023365247629725
0.0034349591442223
0.0022484330015189
0.0025797248311783
0.0024165510300909
0.0022948288773392
0.0025322939295676
0.0022925665916171
0.0024583759137400
0.0022072304072493
0.0022381689787504
0.0026373946270022
0.0024642072551889
0.0022035506031113
0.0023893133657189
0.0024488778468884
0.0022971858376014
0.0023194463985082
0.0023149421084701
0.0024135973232365
0.0022782608966319
0.0021581189052733
0.0024576851566371
0.0021989052913401
0.0021592792583991
0.0021145621712963
0.0025759166595487
0.0031326653066166
0.0027509084521649
0.0021144617876857
0.0025449804507205
0.0022834406653186
0.0023548536856645
0.0023413293808279
0.0024494950903462
0.0024025316226892
0.0023638526457609
0.0021991917891966
0.0021765332305144
0.0025786419000096
0.0024727775224110
0.0025575562418726
0.0022077260874662
0.0022022490441244
0.0023604306862452
0.0023658798312489
0.0025812088386781
0.0021599897477954
0.0023843967984549
0.0021154379737498
0.0021989255552093
0.0027796921237309
0.0020712429701165
0.0020276258884486
0.0020766127688896
0.0027914414434385
0.0021916031113420
0.0022972276183309
0.0021712280056443
0.0023216827738024
0.0022093854107270
0.0021030275251089
0.0022881957651149
0.0025048438057529
