274.2541586668360765
10.6418904372720835
0.1667235291820981
0.0553571781588061
0.0413953357271954
0.0278684815917372
0.0155004297466384
0.0119421879058398
0.0111221611840830
0.0087075846100797
0.0110570399624843
0.0103800772747841
0.0077368852099852
0.0070843459423838
0.0075108686387600
0.0072426382883044
0.0055049590078999
0.0070490746611673
0.0050206582001476
0.0064687540973714
0.0048011786364502
0.0050054605371425
0.0044271981201815
0.0043599840797159
0.0044840061970370
0.0041256899246772
0.0039971959567389
0.0042004425168307
0.0039540342213327
0.0038789107576463
0.0043034367248594
0.0040069754591784
0.0046986111809598
0.0040328020955812
0.0046390957438113
0.0040544833393719
0.0036761227820494
0.0044751340020644
0.0044351524686073
0.0034492324155622
0.0042397662960739
0.0034286370328171
0.0041901615564518
0.0037480162340554
0.0037618865107003
0.0044161014465982
0.0033385468440688
0.0039225100301542
0.0034531981610337
0.0032195267746110
0.0036146840302023
0.0034859652918091
0.0034803642711138
0.0038162688235986
0.0030504499172005
0.0035262888262115
0.0028474498702610
0.0029067277136157
0.0038976694108261
0.0030349996303014
0.0035147276432641
0.0031515439220848
0.0047025884150709
0.0030946872860645
0.0028518692763608
0.0030821050734354
0.0027385060883778
0.0034255587718441
0.0031698296883743
0.0029885227023233
0.0028155608609703
0.0029867288682950
0.0029104375083910
0.0034209000009677
0.0028434186939545
0.0031570454685819
0.0026957707642887
0.0028747169910601
0.0030391177113286
0.0030497006333636
0.0025936632491700
0.0029836475755267
0.0029946117557452
0.0027052625096716
0.0026656447163950
0.0027969093856751
0.0030820280842697
0.0033006747945825
0.0030653576450836
0.0026208243888220
0.0031632461053106
0.0026683668720364
0.0027089115774201
0.0025398882499249
0.0026134757917461
0.0027074521566698
0.0026386918002784
0.0029898067203867
0.0025609706746455
0.0030868195921075
0.0028074544370569
0.0024973369218249
0.0025941702795391
0.0024981374989942
0.0025167866929626
0.0025233473383853
0.0027113384668738
0.0025220507967453
0.0027059415322094
0.0025518944891239
0.0024706672704900
0.0025809557549395
0.0025136263768319
0.0025670892535900
0.0030003576434387
0.0026009926481785
0.0027920877962771
0.0023868178196558
0.0032884203813669
0.0031457851521837
0.0025134713636077
0.0028644946253912
0.0022866966079205
0.0023260057605092
0.0023558363029517
0.0022802490127617
0.0025985748041720
0.0024699630014178
0.0022619059957789
0.0025936725128488
0.0025910866117632
0.0029429970145437
0.0022615773726354
0.0022915758055306
0.0023845960993196
0.0032574412583321
0.0027575136997833
0.0024317147812035
0.0023627789206541
0.0034500058677240
0.0022608296749604
0.0025923292447183
0.0024283662785519
0.0023049567033333
0.0025518720437244
0.0023049992875708
0.0024700637791736
0.0022198640851851
0.0022562864822392
0.0026524016830614
0.0024739277389171
0.0022195540732606
0.0024111369162221
0.0024628836062094
0.0023083041709678
0.0023289086016697
0.0023235236106555
0.0024283107574861
0.0022890569071850
0.0021714795170639
0.0024669883407992
0.0022080747775583
0.0021712234815099
0.0021242307554537
0.0025893819508552
0.0031471737893527
0.0027611207113047
0.0021241953433879
0.0025597285833257
0.0023020372807876
0.0023659472262081
0.0023556242710598
0.0024602574598104
0.0024157629147823
0.0023824109327261
0.0022138512071718
0.0021881092525824
0.0025899599783180
0.0024868782754960
0.0025676277895217
0.0022169211280943
0.0022168738881421
0.0023719928368325
0.0023762464551104
0.0025962715924814
0.0021723484803095
0.0023940721494300
0.0021278010932432
0.0022110183763027
0.0027949168528432
0.0020870482696783
0.0020482071648428
0.0020863131142963
0.0028049286768902
0.0022054469620167
0.0023112195037012
0.0021834153079749
0.0023324026158997
0.0022199302731952
0.0021213746223084
0.0022963123355836
0.0025131470022355
