9.2750000000000004
9.7616666666666649
54.3566666666666620
82.1116666666666788
88.0750000000000028
90.3983333333333405
91.7983333333333320
92.6716666666666669
93.2600000000000051
93.7150000000000034
94.0899999999999892
94.4416666666666629
94.6233333333333206
94.7966666666666669
94.9533333333333331
95.1700000000000017
95.2750000000000057
95.3633333333333297
95.4666666666666828
95.5533333333333417
95.6416666666666657
95.6966666666666725
95.8033333333333275
95.8616666666666646
95.9199999999999875
95.9450000000000074
96.0233333333333263
96.0333333333333314
96.0783333333333331
96.1100000000000136
96.1583333333333314
96.1650000000000063
96.2016666666666680
96.2283333333333388
96.2750000000000057
96.2733333333333263
96.3266666666666680
96.3416666666666686
96.3633333333333297
96.3599999999999994
96.4099999999999966
96.4199999999999875
96.4383333333333326
96.4416666666666629
96.4633333333333240
96.4983333333333348
96.5216666666666612
96.5366666666666760
96.5616666666666816
96.5633333333333326
96.5966666666666640
96.6133333333333297
96.6266666666666652
96.6516666666666708
96.6633333333333269
96.6683333333333366
96.6916666666666629
96.6916666666666629
96.6949999999999932
96.7166666666666686
96.7216666666666782
96.7466666666666697
96.7300000000000040
96.7383333333333439
96.7450000000000045
96.7549999999999955
96.7633333333333354
96.7833333333333314
96.7916666666666714
96.7966666666666669
96.8033333333333275
96.8233333333333235
96.8233333333333235
96.8399999999999892
96.8233333333333235
96.8466666666666640
96.8566666666666549
96.8533333333333246
96.8516666666666737
96.8816666666666606
96.8966666666666612
96.9083333333333314
96.9116666666666760
96.9200000000000017
96.9233333333333462
96.9249999999999972
96.9333333333333371
96.9433333333333422
96.9483333333333377
96.9683333333333337
96.9683333333333337
96.9899999999999949
96.9633333333333383
97.0099999999999909
97.0066666666666606
97.0016666666666652
97.0066666666666606
97.0199999999999960
97.0333333333333314
97.0383333333333411
97.0316666666666663
97.0399999999999920
97.0550000000000068
97.0400000000000063
97.0633333333333326
97.0616666666666674
97.0633333333333326
97.0766666666666538
97.0849999999999937
97.0900000000000034
97.0949999999999989
97.1033333333333388
97.1000000000000085
97.0983333333333292
97.1250000000000000
97.1000000000000085
97.1266666666666652
97.1316666666666606
97.1483333333333263
97.1516666666666566
97.1416666666666657
97.1483333333333405
97.1500000000000057
97.1666666666666714
97.1816666666666720
97.1616666666666617
97.1733333333333320
97.1949999999999932
97.1866666666666674
97.1866666666666674
97.1983333333333377
97.2033333333333331
97.2116666666666589
97.2133333333333240
97.2366666666666646
97.2383333333333439
97.2483333333333348
97.2399999999999949
97.2433333333333394
97.2683333333333309
97.2516666666666652
97.2516666666666652
97.2833333333333314
97.2866666666666617
97.2800000000000011
97.2816666666666663
97.2766666666666708
97.2899999999999920
97.2866666666666760
97.2950000000000017
97.2816666666666663
97.2899999999999920
97.2999999999999972
97.2933333333333366
97.2999999999999972
97.3033333333333275
97.3149999999999977
97.3100000000000023
97.3233333333333377
97.3100000000000023
97.3366666666666731
97.3366666666666731
97.3300000000000125
97.3233333333333377
97.3449999999999989
97.3449999999999989
97.3550000000000040
97.3466666666666640
97.3366666666666731
97.3433333333333337
97.3449999999999989
97.3516666666666737
97.3400000000000034
97.3466666666666640
97.3433333333333337
97.3466666666666640
97.3516666666666737
97.3483333333333434
97.3466666666666640
97.3750000000000000
97.3700000000000045
97.3666666666666742
97.3733333333333348
97.3616666666666646
97.3666666666666742
97.3616666666666646
97.3599999999999994
97.3666666666666742
97.3750000000000000
97.3649999999999949
97.3850000000000051
97.3949999999999960
97.4050000000000011
97.4050000000000011
97.4066666666666663
97.4099999999999966
97.4016666666666708
97.4266666666666623
97.3983333333333263
97.4249999999999972
97.4149999999999920
97.4316666666666578
