2.3113520043373108
2.3028129341125485
1.5599981396675109
0.6593512818932533
0.4549625337719917
0.3692985160549481
0.3182139154235522
0.2850054334501425
0.2616716286798318
0.2441100297152996
0.2312295403470596
0.2205517566243808
0.2117641108224789
0.2045409421126048
0.1983790682355563
0.1930954743375381
0.1882252501934767
0.1841813561509053
0.1803160452932119
0.1772726022760073
0.1739802654763063
0.1713495838264624
0.1688308949102958
0.1663955574204524
0.1643904319733381
0.1623804852296909
0.1606321221694350
0.1589664937655131
0.1573963301102320
0.1558998033761978
0.1545775121430556
0.1531950624654690
0.1520101805677017
0.1507559006661177
0.1496609868422151
0.1485921730101109
0.1474638118783633
0.1466599549621344
0.1457523813699683
0.1447271030505498
0.1438842002759377
0.1429572176570694
0.1422424597457051
0.1414581980417172
0.1407152351737022
0.1400471727331479
0.1392717107022802
0.1387073373292883
0.1380034449140231
0.1373699526488781
0.1367844113424420
0.1361885671103994
0.1356979001392921
0.1352462100540598
0.1346127830808361
0.1341297162637115
0.1336487945487102
0.1330827438518405
0.1326530561352770
0.1321586792846521
0.1318200092961391
0.1313597034002344
0.1311255537107587
0.1305951554556688
0.1301856968700886
0.1297405511245132
0.1293214920635025
0.1289965245443086
0.1285787595743934
0.1282049444476763
0.1278142518808444
0.1274449319581191
0.1270076401869456
0.1267336209237576
0.1263383845632275
0.1260088414480289
0.1256846738537153
0.1254374957998594
0.1251445736328761
0.1248870945694546
0.1244735046580434
0.1242613876933853
0.1239688862368464
0.1236609543979168
0.1233703851230443
0.1231293226649364
0.1229617161800464
0.1226499817863107
0.1223874680126707
0.1220897521317005
0.1218579866379499
0.1215808389951785
0.1212465070664883
0.1209913979992270
0.1207663028001785
0.1205440958326062
0.1203203285366297
0.1201195146515966
0.1198560056830446
0.1196634099597732
0.1193480655277769
0.1190820445974668
0.1189076067954302
0.1186942845771710
0.1184975527862708
0.1182770460049311
0.1181022481565674
0.1178745390241345
0.1177172468309601
0.1174948239321510
0.1172736654569705
0.1170636572693785
0.1168546803678076
0.1166527665744225
0.1164886251673102
0.1162674099450310
0.1161140670383970
0.1158471147040526
0.1158012584482630
0.1156246948299308
0.1154063924521208
0.1152296718582511
0.1149881029531360
0.1148169152915478
0.1146410654609402
0.1144754254048069
0.1143174716266493
0.1141072122226159
0.1139347274189194
0.1138104134380817
0.1136010499556859
0.1135015088424087
0.1132873222852747
0.1131431571791569
0.1129821393564343
0.1129230911885699
0.1127276807889342
0.1125680458267530
0.1123215012234946
0.1123134669651588
0.1120390110597014
0.1119255044301351
0.1117611087235312
0.1115786324779193
0.1114797352557381
0.1113168681820234
0.1112018117810289
0.1110146083777150
0.1108510616560777
0.1107323134762545
0.1106016747002800
0.1104489430665970
0.1103338459740082
0.1101921146228909
0.1100623197694619
0.1099194100787242
0.1097988082920512
0.1096769289021691
0.1095434836069743
0.1093749974047144
0.1092812526529034
0.1091195163945357
0.1089976867283384
0.1089064311377704
0.1088655495186647
0.1087886649310589
0.1086449951827526
0.1084681120673816
0.1084335320790609
0.1082788527687391
0.1082081204285224
0.1080886367827654
0.1079924039974809
0.1078877266610662
0.1077938296983639
0.1076530367190639
0.1075480612705151
0.1074461338356137
0.1073586478625735
0.1072945144633452
0.1071811184180280
0.1070755756062766
0.1069634556497137
0.1068965847581625
0.1068348559173445
0.1067194409827391
0.1066531734978159
0.1065271125977238
0.1064583568086227
0.1064295194298029
0.1062423661718766
0.1061898384436965
0.1061274939589202
0.1061171636727949
0.1059727298915386
0.1059424129605293
0.1058531702078879
0.1057940777321656
0.1056796215727925
0.1056017545059323
0.1055151705900828
0.1054682694936792
