9.8716666666666661
9.8716666666666661
54.4716666666666640
82.0966666666666640
88.0766666666666680
90.4183333333333366
91.8016666666666623
92.6599999999999966
93.2516666666666652
93.7183333333333337
94.0966666666666640
94.4366666666666674
94.6166666666666600
94.7983333333333320
94.9383333333333326
95.1700000000000017
95.2616666666666703
95.3649999999999949
95.4633333333333383
95.5566666666666720
95.6466666666666612
95.6949999999999932
95.7916666666666714
95.8700000000000045
95.9083333333333314
95.9533333333333331
96.0183333333333309
96.0400000000000063
96.0699999999999932
96.1183333333333394
96.1550000000000011
96.1666666666666714
96.2083333333333286
96.2300000000000040
96.2750000000000057
96.2816666666666663
96.3299999999999983
96.3433333333333337
96.3583333333333343
96.3599999999999994
96.4233333333333320
96.4266666666666623
96.4466666666666725
96.4449999999999932
96.4650000000000034
96.5066666666666606
96.5283333333333360
96.5450000000000017
96.5566666666666720
96.5666666666666629
96.5883333333333383
96.6033333333333388
96.6233333333333348
96.6516666666666708
96.6650000000000063
96.6599999999999966
96.6883333333333326
96.6916666666666629
96.6933333333333280
96.7199999999999989
96.7133333333333383
96.7349999999999994
96.7283333333333388
96.7366666666666646
96.7500000000000000
96.7549999999999955
96.7666666666666657
96.7866666666666617
96.7933333333333366
96.7950000000000017
96.8066666666666720
96.8233333333333377
96.8266666666666680
96.8550000000000040
96.8233333333333377
96.8466666666666640
96.8550000000000040
96.8566666666666691
96.8616666666666646
96.8933333333333309
96.8883333333333354
96.9116666666666617
96.9066666666666663
96.9166666666666714
96.9183333333333366
96.9233333333333320
96.9350000000000023
96.9416666666666629
96.9533333333333331
96.9816666666666691
96.9733333333333292
96.9983333333333348
96.9699999999999989
97.0066666666666606
97.0116666666666703
96.9950000000000045
97.0049999999999955
97.0233333333333263
97.0333333333333314
97.0483333333333320
97.0300000000000011
97.0400000000000063
97.0516666666666623
97.0366666666666617
97.0649999999999977
97.0600000000000023
97.0649999999999977
97.0833333333333286
97.0883333333333383
97.0849999999999937
97.0933333333333337
97.1016666666666737
97.0916666666666686
97.1050000000000040
97.1266666666666652
97.1116666666666646
97.1283333333333303
97.1350000000000051
97.1483333333333263
97.1533333333333360
97.1350000000000051
97.1466666666666612
97.1550000000000011
97.1683333333333366
97.1783333333333275
97.1716666666666669
97.1666666666666714
97.1966666666666725
97.1899999999999977
97.1850000000000023
97.1966666666666725
97.1983333333333377
97.2083333333333286
97.2150000000000034
97.2399999999999949
97.2333333333333343
97.2416666666666600
97.2450000000000045
97.2433333333333394
97.2666666666666657
97.2516666666666652
97.2516666666666652
97.2833333333333314
97.2849999999999966
97.2816666666666663
97.2816666666666663
97.2816666666666663
97.2866666666666617
97.2833333333333314
97.2916666666666714
97.2849999999999966
97.2933333333333366
97.2950000000000017
97.2966666666666669
97.2983333333333320
97.3016666666666623
97.3133333333333326
97.3050000000000068
97.3166666666666629
97.3133333333333326
97.3400000000000034
97.3383333333333383
97.3299999999999983
97.3149999999999977
97.3449999999999989
97.3466666666666640
97.3516666666666737
97.3533333333333388
97.3383333333333383
97.3466666666666640
97.3483333333333292
97.3433333333333337
97.3366666666666731
97.3449999999999989
97.3333333333333286
97.3466666666666640
97.3449999999999989
97.3466666666666640
97.3433333333333337
97.3783333333333303
97.3733333333333348
97.3633333333333297
97.3733333333333348
97.3616666666666646
97.3750000000000000
97.3599999999999994
97.3700000000000045
97.3649999999999949
97.3750000000000000
97.3700000000000045
97.3933333333333309
97.3916666666666657
97.4033333333333360
97.4150000000000063
97.4166666666666714
97.4000000000000057
97.4033333333333360
97.4249999999999972
97.4033333333333360
97.4249999999999972
97.4166666666666714
97.4249999999999972
