2.3026868393262228
2.3026799268722535
1.5599303344726563
0.6592292117118835
0.4549031233509382
0.3692151533087095
0.3181669915358226
0.2849456404030323
0.2616805991967519
0.2441028203825156
0.2312430448095004
0.2205336875796318
0.2117104287544886
0.2045314121723175
0.1983606407836080
0.1930691471268733
0.1881803098469973
0.1841454586396615
0.1803035034507513
0.1772092406878869
0.1739787912314137
0.1713370558669170
0.1688139997035265
0.1663905882348617
0.1643535587906838
0.1623427128727237
0.1606112893591324
0.1589461265742779
0.1573935317506393
0.1558872485583027
0.1545953823258479
0.1531910688405236
0.1519941497941812
0.1507585972934961
0.1496651581277450
0.1485802203953266
0.1474762795433402
0.1466499483207861
0.1457263162831465
0.1447274684528510
0.1438721881637971
0.1429796572109064
0.1422548989991347
0.1414558611417810
0.1407059842621287
0.1400472705721855
0.1392624323536952
0.1387011702994506
0.1379952350740631
0.1373643723785877
0.1367623722950617
0.1361890235255162
0.1357013552526633
0.1352388244022926
0.1346115743925174
0.1341223069732388
0.1336278019572298
0.1330815164933602
0.1326451947063208
0.1321581420605381
0.1318105999166767
0.1313585346192122
0.1311100564916929
0.1305781923015912
0.1301669573823611
0.1297539584174752
0.1293044702912370
0.1289762110849222
0.1285725440402826
0.1282042757521073
0.1278151150698463
0.1274287020921707
0.1270206948479017
0.1267309998268882
0.1263383742198348
0.1260120315661033
0.1256859606857101
0.1254354456851880
0.1251450063655774
0.1248813182050983
0.1244725439180931
0.1242592760451138
0.1239549844210347
0.1236605736051997
0.1233597198292613
0.1231278006200989
0.1229509644269943
0.1226489214231571
0.1223720857108633
0.1220805912718177
0.1218618203148246
0.1215745362391075
0.1212388041774432
0.1209932873810331
0.1207775249307354
0.1205365885992845
0.1203213525466621
0.1201139153510332
0.1198427150246998
0.1196395506838957
0.1193542916203539
0.1190787316744526
0.1189081330016255
0.1186953665812810
0.1184947911391656
0.1182732106337945
0.1181034026001890
0.1178651897847652
0.1177220144828161
0.1174922797684868
0.1172636195997397
0.1170566080863277
0.1168535510805746
0.1166550810596595
0.1164867334112525
0.1162636257469654
0.1161086454113325
0.1158465927322706
0.1157950434113542
0.1156176340912779
0.1153985114663839
0.1152343154475093
0.1149894751846790
0.1148119779671232
0.1146416922931870
0.1144595614274343
0.1143252839962641
0.1141083372210463
0.1139211003589133
0.1138009856169422
0.1135993974866966
0.1135008933335543
0.1132838916045924
0.1131369611745079
0.1129874267195662
0.1129165584936738
0.1127370148708423
0.1125624942988157
0.1123278861656785
0.1122982832387090
0.1120362379188339
0.1119310547014078
0.1117515992944439
0.1115792032599449
0.1114538286427657
0.1113204535126686
0.1111892231971025
0.1110104964743058
0.1108553251932065
0.1107366874871155
0.1105946204230189
0.1104573868627350
0.1103277665351828
0.1101887751611570
0.1100576966613531
0.1099235203129550
0.1097917941153049
0.1096828243151307
0.1095425309911370
0.1093620535224676
0.1092803342332443
0.1091155560277402
0.1090033412620425
0.1089100469311078
0.1088636548817158
0.1087882584422827
0.1086367623629669
0.1084692430948218
0.1084332039515177
0.1082811816727122
0.1082051682509482
0.1080933343080183
0.1079903187702100
0.1078822737892469
0.1078051602452993
0.1076486415627102
0.1075541868644456
0.1074459542974830
0.1073615533376733
0.1072904193247358
0.1071786403536797
0.1070762723622223
0.1069565428048372
0.1068997082605958
0.1068285144388676
0.1067161280423403
0.1066546999474366
0.1065227111130953
0.1064545265575250
0.1064269608567158
0.1062502920831243
0.1061909053097169
0.1061268061990539
0.1061083867917458
0.1059721016873916
0.1059437208627661
0.1058479880064726
0.1057968326131503
0.1056854150230686
0.1055955837113162
0.1055084287181497
0.1054637290254235
