8.7200311
13.3822430
0.0000000
0.0000000
0.0000000
0.0000000
0.0000000
0.0000000
0.0000000
0.0000000
0.0000000
0.0000000
0.0000000
0.0000000
0.0000000
0.0000000
0.0000000
0.0000000
0.0000000
0.0000000
0.0000000
0.0000000
0.0000000
0.0000000
0.0000000
0.0000000
0.0000000
0.0000000
0.0000000
0.0000000
0.0000000
0.0000000
0.0000000
0.0000000
0.0304054
0.1523057
0.4216822
0.7129301
0.9593923
1.1434915
1.2360249
1.1955310
1.0838894
0.9275602
0.7624434
0.5993969
0.4940195
0.4004071
0.3540169
0.3090848
0.2920865
0.2528604
0.2128591
0.2002186
0.1787986
0.1738354
0.1771240
0.1782481
0.1796838
0.1773940
0.1797237
0.1817507
0.1847427
0.1872480
0.1698070
0.1677860
0.1561759
0.1524109
0.1299982
0.1133159
0.0892467
0.0758326
0.0832695
0.0803096
0.0744739
0.0772980
0.0819058
0.0859737
0.0814224
0.0788278
0.0858771
0.0925951
0.1041531
0.1117683
0.1079649
0.1132139
0.1115994
0.1064817
0.1115761
0.1126007
0.1111760
0.1048665
0.0974710
0.1052185
0.1007184
0.1075662
0.0984762
0.0887592
0.0806454
0.0749763
0.0721248
0.0761206
