0.6961949
0.8635480
0.4988458
0.4342996
0.4168175
0.4075396
0.4011342
0.3964976
0.3930704
0.3903852
0.3883159
0.3866480
0.3853024
0.3841881
0.3832242
0.3823912
0.3816095
0.3809187
0.3802921
0.3796777
0.3791686
0.3786636
0.3781791
0.3777212
0.3772959
0.3768924
0.3765227
0.3761440
0.3757646
0.3754010
0.3750457
0.3747452
0.3744481
0.3741503
0.3738729
0.3735854
0.3732954
0.3730054
0.3727456
0.3724902
0.3722338
0.3719862
0.3717261
0.3714838
0.3712481
0.3710188
0.3707950
0.3705722
0.3703537
0.3701360
0.3699249
0.3697211
0.3695202
0.3693247
0.3691332
0.3689424
0.3687632
0.3685887
0.3683926
0.3682008
0.3680239
0.3678379
0.3676519
0.3674706
0.3672986
0.3671313
0.3669591
0.3667924
0.3666211
0.3664661
0.3663074
0.3661576
0.3660193
0.3658710
0.3657290
0.3655811
0.3654330
0.3652955
0.3651549
0.3650075
0.3648641
0.3647292
0.3645976
0.3644556
0.3643218
0.3641961
0.3640637
0.3639224
0.3637782
0.3636446
0.3635148
0.3633904
0.3632737
0.3631599
0.3630506
0.3629339
0.3628106
0.3626906
0.3625733
0.3624608
0.3623493
0.3622417
