0.6922449
0.8114855
0.4894723
0.4314728
0.4155531
0.4066831
0.4004897
0.3959986
0.3927049
0.3900833
0.3880842
0.3864346
0.3850567
0.3839111
0.3829141
0.3820783
0.3812922
0.3805984
0.3799484
0.3793147
0.3787745
0.3782379
0.3777506
0.3772926
0.3768414
0.3764105
0.3760182
0.3756290
0.3752425
0.3748642
0.3745012
0.3741775
0.3738695
0.3735616
0.3732697
0.3729698
0.3726635
0.3723695
0.3720887
0.3718214
0.3715457
0.3712870
0.3710181
0.3707577
0.3705059
0.3702645
0.3700247
0.3697940
0.3695587
0.3693336
0.3691130
0.3689017
0.3686854
0.3684683
0.3682600
0.3680516
0.3678551
0.3676673
0.3674665
0.3672679
0.3670770
0.3668826
0.3666833
0.3664871
0.3663083
0.3661247
0.3659417
0.3657737
0.3656019
0.3654401
0.3652785
0.3651205
0.3649753
0.3648179
0.3646659
0.3645067
0.3643476
0.3641971
0.3640457
0.3638956
0.3637476
0.3635995
0.3634610
0.3633160
0.3631797
0.3630471
0.3629107
0.3627590
0.3626106
0.3624690
0.3623300
0.3621925
0.3620622
0.3619360
0.3618143
0.3616858
0.3615568
0.3614332
0.3613060
0.3611817
0.3610591
0.3609442
