0.0063729
0.0839981
0.0151232
0.0045608
0.0020399
0.0013817
0.0010399
0.0008051
0.0005896
0.0004870
0.0003738
0.0003443
0.0003964
0.0004468
0.0005003
0.0005049
0.0005119
0.0005168
0.0005546
0.0005857
0.0006358
0.0006868
0.0006914
0.0006915
0.0007332
0.0007775
0.0008141
0.0008309
0.0008425
0.0008661
0.0008784
0.0009160
0.0009335
0.0009498
0.0009731
0.0009931
0.0010195
0.0010259
0.0010598
0.0010790
0.0011102
0.0011281
0.0011422
0.0011715
0.0011976
0.0012169
0.0012428
0.0012556
0.0012827
0.0012947
0.0013100
0.0013220
0.0013469
0.0013817
0.0014089
0.0014372
0.0014652
0.0014865
0.0014940
0.0015052
0.0015277
0.0015413
0.0015627
0.0015868
0.0015977
0.0016240
0.0016414
0.0016436
0.0016444
0.0016553
0.0016600
0.0016732
0.0016844
0.0016990
0.0017152
0.0017334
0.0017512
0.0017723
0.0017896
0.0017940
0.0018014
0.0018226
0.0018337
0.0018387
0.0018427
0.0018540
0.0018602
0.0018770
0.0018839
0.0018966
0.0019117
0.0019327
0.0019547
0.0019747
0.0019945
0.0020137
0.0020230
0.0020287
0.0020447
0.0020638
0.0020817
0.0020935
