0.7001449
0.9156106
0.5082192
0.4371264
0.4180818
0.4083960
0.4017788
0.3969966
0.3934359
0.3906870
0.3885476
0.3868614
0.3855481
0.3844650
0.3835343
0.3827041
0.3819267
0.3812390
0.3806358
0.3800408
0.3795627
0.3790893
0.3786076
0.3781498
0.3777504
0.3773744
0.3770273
0.3766590
0.3762868
0.3759378
0.3755901
0.3753129
0.3750267
0.3747390
0.3744760
0.3742009
0.3739273
0.3736413
0.3734024
0.3731589
0.3729219
0.3726854
0.3724340
0.3722099
0.3719904
0.3717730
0.3715653
0.3713504
0.3711488
0.3709385
0.3707369
0.3705405
0.3703551
0.3701811
0.3700064
0.3698332
0.3696713
0.3695100
0.3693186
0.3691338
0.3689708
0.3687932
0.3686205
0.3684540
0.3682888
0.3681378
0.3679765
0.3678111
0.3676403
0.3674920
0.3673362
0.3671946
0.3670633
0.3669240
0.3667920
0.3666555
0.3665185
0.3663940
0.3662641
0.3661194
0.3659806
0.3658588
0.3657342
0.3655952
0.3654639
0.3653452
0.3652166
0.3650858
0.3649458
0.3648201
0.3646997
0.3645883
0.3644852
0.3643839
0.3642868
0.3641820
0.3640645
0.3639480
0.3638406
0.3637400
0.3636396
0.3635392
