0.1459858
0.0337977
0.0037433
0.0069106
0.0064375
0.0044709
0.0030003
0.0021453
0.0016493
0.0013122
0.0011161
0.0009484
0.0009170
0.0008698
0.0008577
0.0007351
0.0006353
0.0006030
0.0006558
0.0005350
0.0006280
0.0005183
0.0005419
0.0003971
0.0003870
0.0004050
0.0003874
0.0004734
0.0004106
0.0003821
0.0003403
0.0004224
0.0002622
0.0002497
0.0003249
0.0002810
0.0003153
0.0002126
0.0002414
0.0003770
0.0003402
0.0002141
0.0002371
0.0002419
0.0002020
0.0002745
0.0003670
0.0002069
0.0001938
0.0002594
0.0002406
0.0003247
0.0001720
0.0001613
0.0002179
0.0002786
0.0002867
0.0003060
0.0004696
0.0001881
0.0001997
0.0001682
0.0002707
0.0001893
0.0002873
0.0002561
0.0001748
0.0001400
0.0002776
0.0001796
0.0001506
0.0001693
0.0002209
0.0001523
0.0001635
0.0003308
0.0002238
0.0003092
0.0001674
0.0001988
0.0001562
0.0003497
0.0002008
0.0001842
0.0001865
0.0001072
0.0002628
0.0001322
0.0000934
0.0001179
0.0001293
0.0001885
0.0001891
0.0001966
0.0001690
0.0002331
0.0002522
0.0002230
0.0002019
0.0001320
0.0001410
0.0002248
