0.1398316
0.0302629
0.0034976
0.0067911
0.0062689
0.0042758
0.0028286
0.0019823
0.0015933
0.0012353
0.0010400
0.0008851
0.0008267
0.0006926
0.0007115
0.0005342
0.0005444
0.0005332
0.0005429
0.0004673
0.0004688
0.0004228
0.0004260
0.0003244
0.0003169
0.0003368
0.0002982
0.0002780
0.0002070
0.0002805
0.0002650
0.0002897
0.0002205
0.0002110
0.0002097
0.0002229
0.0002092
0.0001755
0.0001625
0.0001678
0.0002315
0.0001630
0.0001473
0.0001860
0.0001558
0.0002075
0.0001704
0.0001603
0.0001398
0.0001604
0.0001428
0.0001862
0.0001207
0.0001143
0.0001515
0.0001598
0.0001259
0.0001486
0.0002782
0.0001217
0.0001330
0.0001111
0.0001503
0.0001298
0.0000824
0.0001653
0.0001119
0.0000950
0.0001350
0.0000990
0.0001123
0.0001090
0.0000619
0.0000915
0.0001143
0.0001291
0.0001015
0.0001796
0.0000785
0.0001151
0.0000764
0.0001715
0.0001098
0.0001067
0.0001198
0.0000720
-0.0000351
0.0000884
0.0000719
0.0000604
0.0000649
0.0001084
0.0001205
0.0001043
0.0000639
0.0000797
0.0001151
0.0000952
0.0001141
0.0000620
0.0000812
0.0001285
