0.0099293
0.0057031
0.0003964
0.0001928
0.0002720
0.0003147
0.0002770
0.0002629
0.0000903
0.0001241
0.0001228
0.0001021
0.0001457
0.0002858
0.0002359
0.0003241
0.0001468
0.0001128
0.0001822
0.0001092
0.0002568
0.0001542
0.0001871
0.0001171
0.0001131
0.0001100
0.0001439
0.0003152
0.0003285
0.0001639
0.0001214
0.0002141
0.0000673
0.0000623
0.0001859
0.0000937
0.0001712
0.0000600
0.0001272
0.0003375
0.0001754
0.0000824
0.0001448
0.0000901
0.0000746
0.0001082
0.0003172
0.0000751
0.0000871
0.0001597
0.0001578
0.0002234
0.0000829
0.0000758
0.0001071
0.0001917
0.0002595
0.0002539
0.0003088
0.0001071
0.0001077
0.0000921
0.0001942
0.0000960
0.0003307
0.0001464
0.0001016
0.0000726
0.0002301
0.0001301
0.0000618
0.0000973
0.0002565
0.0000981
0.0000794
0.0003253
0.0001973
0.0002091
0.0001434
0.0001350
0.0001289
0.0002875
0.0001469
0.0001250
0.0001077
0.0000569
0.0004806
0.0000706
0.0000346
0.0000927
0.0001039
0.0001291
0.0001106
0.0001489
0.0001697
0.0002475
0.0002211
0.0002061
0.0001416
0.0001130
0.0000966
0.0001554
