0.1521400
0.0373325
0.0039890
0.0070301
0.0066061
0.0046659
0.0031719
0.0023082
0.0017052
0.0013892
0.0011922
0.0010117
0.0010073
0.0010469
0.0010039
0.0009360
0.0007263
0.0006729
0.0007687
0.0006027
0.0007872
0.0006139
0.0006579
0.0004697
0.0004571
0.0004732
0.0004766
0.0006688
0.0006143
0.0004837
0.0004156
0.0005551
0.0003039
0.0002883
0.0004401
0.0003391
0.0004215
0.0002498
0.0003202
0.0005861
0.0004489
0.0002651
0.0003269
0.0002978
0.0002482
0.0003416
0.0005636
0.0002535
0.0002477
0.0003584
0.0003384
0.0004631
0.0002234
0.0002083
0.0002843
0.0003975
0.0004476
0.0004634
0.0006611
0.0002545
0.0002664
0.0002253
0.0003911
0.0002488
0.0004923
0.0003469
0.0002378
0.0001850
0.0004202
0.0002603
0.0001889
0.0002296
0.0003799
0.0002130
0.0002127
0.0005324
0.0003460
0.0004388
0.0002562
0.0002825
0.0002361
0.0005279
0.0002919
0.0002617
0.0002533
0.0001425
0.0005607
0.0001760
0.0001149
0.0001753
0.0001937
0.0002685
0.0002577
0.0002889
0.0002742
0.0003865
0.0003892
0.0003508
0.0002896
0.0002020
0.0002009
0.0003211
