0.9999411
1.0000000
0.9999411
0.9992929
0.9940483
0.9386270
0.8241014
0.6897171
0.5807012
0.5121980
0.4580731
0.4142015
0.3710077
0.3340896
0.3014732
0.2752210
0.2453153
0.2229817
0.2064820
0.1895698
0.1800530
0.1645551
0.1527401
0.1423984
0.1400707
0.1352387
0.1255451
0.1205068
0.1225987
0.1160577
0.1098704
0.1086034
0.1110489
0.1105480
0.1051562
0.1051267
0.1137596
0.1070124
0.1121391
0.1068061
0.1041249
0.0977313
0.1010902
0.1016794
0.1183265
0.1002652
0.1045080
0.1067177
0.1068651
0.1122275
0.1061285
0.0993223
0.1075427
0.0984090
0.1035946
0.1087802
0.1052445
0.1031821
0.1124632
0.0960813
0.1061874
0.1048910
0.1024750
0.1120801
0.1048026
0.1068651
0.0946376
0.1170301
0.1035946
0.1074838
0.1065115
0.1127283
0.1040660
0.1062758
0.1113435
0.0948144
0.1019151
0.0944903
0.0975840
0.0966117
0.0993518
0.0916323
0.1026517
0.0917501
0.1039187
0.0999116
0.1012375
0.0991750
0.0990277
0.0947555
0.0934885
0.0991750
0.0922805
0.0924867
0.0932823
0.0927519
0.0870654
0.0882145
0.0874484
0.0881261
0.0931644
0.0868297
