0.9998680
1.0000000
0.9998680
0.9989542
0.9936255
0.9368246
0.8216255
0.6842450
0.5728523
0.5045193
0.4529643
0.4089513
0.3658213
0.3285907
0.2954646
0.2686470
0.2382888
0.2175112
0.1987805
0.1824392
0.1726151
0.1592195
0.1445068
0.1347567
0.1340575
0.1260615
0.1168895
0.1151495
0.1159056
0.1070773
0.0995369
0.1025924
0.1046258
0.1027181
0.0968542
0.0949679
0.1027413
0.0974265
0.1057489
0.0974796
0.0975556
0.0911277
0.0951747
0.0950423
0.1071978
0.0886199
0.0943458
0.0964964
0.0948330
0.0965243
0.0926568
0.0918996
0.0973901
0.0901737
0.0916988
0.0958716
0.0990185
0.0926218
0.1029078
0.0878236
0.0980110
0.0939339
0.0931676
0.1037911
0.0945061
0.0921573
0.0848878
0.1058931
0.0908329
0.0958489
0.0933419
0.0951669
0.0948860
0.0916873
0.0990181
0.0834983
0.0926607
0.0819453
0.0848945
0.0870695
0.0847460
0.0833096
0.0928595
0.0847355
0.0927225
0.0878966
0.0906254
0.0892401
0.0842182
0.0831520
0.0838796
0.0858049
0.0787742
0.0833666
0.0829446
0.0828936
0.0754663
0.0754309
0.0795203
0.0745524
0.0807402
0.0822040
