0.0001179
0.0000000
0.0001179
0.0005465
0.0006821
0.0029080
0.0039945
0.0088288
0.0126636
0.0123889
0.0082425
0.0084708
0.0083677
0.0088719
0.0096942
0.0106065
0.0113366
0.0088262
0.0124257
0.0115046
0.0120004
0.0086085
0.0132837
0.0123291
0.0097018
0.0148065
0.0139650
0.0086435
0.0107987
0.0144891
0.0166721
0.0096982
0.0103631
0.0126329
0.0133945
0.0163903
0.0177769
0.0154660
0.0103100
0.0150474
0.0105989
0.0106544
0.0095441
0.0107083
0.0179551
0.0187886
0.0163958
0.0164912
0.0194126
0.0253356
0.0217353
0.0119758
0.0163804
0.0132868
0.0191927
0.0208269
0.0100452
0.0170380
0.0154166
0.0133230
0.0131919
0.0176783
0.0150166
0.0133736
0.0166125
0.0237296
0.0157303
0.0179684
0.0205898
0.0187718
0.0212479
0.0283337
0.0148111
0.0235371
0.0198859
0.0182575
0.0149312
0.0202401
0.0204733
0.0153955
0.0235650
0.0134278
0.0157988
0.0113175
0.0180640
0.0193850
0.0171216
0.0160290
0.0238938
0.0187211
0.0155031
0.0215715
0.0217912
0.0147145
0.0166788
0.0159054
0.0187141
0.0206251
0.0127913
0.0218999
0.0200452
0.0074632
