1.0000141
1.0000000
1.0000141
0.9996316
0.9944711
0.9404294
0.8265772
0.6951893
0.5885502
0.5198767
0.4631818
0.4194518
0.3761940
0.3395884
0.3074817
0.2817950
0.2523418
0.2284522
0.2141836
0.1967005
0.1874910
0.1698907
0.1609734
0.1500400
0.1460839
0.1444158
0.1342007
0.1258641
0.1292918
0.1250382
0.1202039
0.1146144
0.1174720
0.1183780
0.1134581
0.1152855
0.1247778
0.1165983
0.1185292
0.1161326
0.1106942
0.1043349
0.1070057
0.1083165
0.1294552
0.1119105
0.1146701
0.1169391
0.1188971
0.1279306
0.1196001
0.1067450
0.1176954
0.1066442
0.1154904
0.1216888
0.1114706
0.1137423
0.1220185
0.1043390
0.1143638
0.1158481
0.1117823
0.1203692
0.1150991
0.1215728
0.1043874
0.1281670
0.1163562
0.1191187
0.1196811
0.1302898
0.1132460
0.1208642
0.1236690
0.1061305
0.1111696
0.1070352
0.1102735
0.1061539
0.1139576
0.0999550
0.1124440
0.0987648
0.1151148
0.1119266
0.1118495
0.1091099
0.1138372
0.1063589
0.1030974
0.1125452
0.1057868
0.1016069
0.1036199
0.1026102
0.0986645
0.1009981
0.0953766
0.1016998
0.1055886
0.0914554
