0.1459858
0.1150117
0.0065591
0.0021694
0.0013588
0.0007671
0.0006704
0.0005338
0.0005712
0.0004722
0.0004148
0.0004307
0.0004057
0.0003539
0.0003196
0.0002398
0.0002639
0.0002891
0.0002442
0.0002590
0.0002220
0.0002169
0.0001728
0.0002640
0.0002023
0.0001614
0.0002220
0.0001629
0.0001909
0.0002099
0.0002682
0.0002404
0.0001461
0.0002645
0.0002003
0.0001335
0.0001515
0.0002447
0.0001443
0.0001819
0.0001711
0.0001652
0.0001549
0.0001528
0.0001464
0.0001106
0.0001207
0.0001549
0.0001381
0.0001036
0.0001267
0.0001842
0.0001211
0.0001305
0.0001877
0.0001290
0.0001247
0.0001215
0.0001550
0.0001424
0.0001067
0.0001454
0.0001576
0.0001250
0.0001874
0.0001100
0.0001289
0.0000978
0.0001150
0.0001089
0.0001567
0.0000894
0.0000842
0.0001202
0.0000910
0.0001692
0.0001403
0.0001848
0.0001034
0.0001087
0.0001120
0.0001015
0.0000921
0.0001330
0.0001277
0.0001072
0.0001586
0.0000901
0.0000958
0.0001072
0.0001487
0.0001356
0.0001720
0.0001504
0.0001247
0.0001147
0.0001203
0.0000842
0.0001246
0.0001068
0.0001053
0.0001049
