0.1398316
0.1067920
0.0062079
0.0020271
0.0011774
0.0007007
0.0005461
0.0004556
0.0004408
0.0003925
0.0003559
0.0002957
0.0002924
0.0002850
0.0002451
0.0002041
0.0002059
0.0002208
0.0001979
0.0001661
0.0001927
0.0001609
0.0001476
0.0001942
0.0001266
0.0001370
0.0001571
0.0001413
0.0001232
0.0001624
0.0001673
0.0001492
0.0001213
0.0001678
0.0000909
0.0001013
0.0000820
0.0001248
0.0001041
0.0000984
0.0000817
0.0001015
0.0001203
0.0001101
0.0001031
0.0000835
0.0001018
0.0000659
0.0000993
0.0000813
0.0000913
0.0001113
0.0000980
0.0000896
0.0001221
0.0000956
0.0000889
0.0000944
0.0001040
0.0000909
0.0000784
0.0001030
0.0000619
0.0000864
0.0000915
0.0000752
0.0000728
0.0000788
0.0000565
0.0000847
0.0000774
0.0000666
0.0000641
0.0000939
0.0000669
0.0000817
0.0000441
0.0001259
0.0000562
0.0000906
0.0000667
0.0000669
0.0000710
0.0000925
0.0000911
0.0000831
0.0001049
0.0000640
0.0000731
0.0000681
0.0000753
0.0000926
0.0000606
0.0000850
0.0000706
0.0000883
0.0000709
0.0000625
0.0000771
0.0000752
0.0000646
0.0000799
