0.0099293
0.0132617
0.0005666
0.0002296
0.0002926
0.0001072
0.0002005
0.0001263
0.0002104
0.0001286
0.0000949
0.0002179
0.0001827
0.0001111
0.0001202
0.0000576
0.0000935
0.0001101
0.0000747
0.0001500
0.0000473
0.0000904
0.0000406
0.0001126
0.0001222
0.0000395
0.0001048
0.0000349
0.0001091
0.0000767
0.0001629
0.0001471
0.0000399
0.0001560
0.0001765
0.0000518
0.0001121
0.0001935
0.0000650
0.0001348
0.0001443
0.0001028
0.0000557
0.0000688
0.0000698
0.0000438
0.0000304
0.0001436
0.0000627
0.0000358
0.0000571
0.0001176
0.0000373
0.0000660
0.0001059
0.0000539
0.0000577
0.0000437
0.0000822
0.0000831
0.0000457
0.0000685
0.0001544
0.0000622
0.0001547
0.0000562
0.0000905
0.0000308
0.0000943
0.0000390
0.0001280
0.0000368
0.0000324
0.0000424
0.0000389
0.0001412
0.0001553
0.0000950
0.0000761
0.0000292
0.0000731
0.0000560
0.0000342
0.0000653
0.0000591
0.0000388
0.0000866
0.0000421
0.0000367
0.0000630
0.0001184
0.0000694
0.0001798
0.0001055
0.0000872
0.0000427
0.0000797
0.0000349
0.0000765
0.0000509
0.0000656
0.0000402
