0.1521400
0.1232314
0.0069102
0.0023117
0.0015401
0.0008336
0.0007947
0.0006121
0.0007016
0.0005519
0.0004736
0.0005658
0.0005189
0.0004228
0.0003941
0.0002755
0.0003218
0.0003573
0.0002905
0.0003520
0.0002513
0.0002729
0.0001979
0.0003338
0.0002780
0.0001859
0.0002870
0.0001845
0.0002585
0.0002574
0.0003692
0.0003316
0.0001708
0.0003612
0.0003097
0.0001656
0.0002210
0.0003647
0.0001846
0.0002655
0.0002606
0.0002288
0.0001894
0.0001954
0.0001896
0.0001378
0.0001395
0.0002439
0.0001770
0.0001258
0.0001621
0.0002571
0.0001442
0.0001714
0.0002533
0.0001624
0.0001605
0.0001485
0.0002059
0.0001939
0.0001351
0.0001878
0.0002533
0.0001635
0.0002833
0.0001448
0.0001850
0.0001169
0.0001735
0.0001331
0.0002360
0.0001123
0.0001043
0.0001464
0.0001151
0.0002567
0.0002366
0.0002437
0.0001506
0.0001268
0.0001573
0.0001362
0.0001133
0.0001735
0.0001643
0.0001313
0.0002122
0.0001162
0.0001186
0.0001463
0.0002220
0.0001786
0.0002835
0.0002157
0.0001787
0.0001412
0.0001697
0.0001058
0.0001720
0.0001383
0.0001459
0.0001298
