0.9999963
0.9999890
0.9994402
0.9982911
0.9969063
0.9957867
0.9945787
0.9934590
0.9928698
0.9920153
0.9912493
0.9903064
0.9895109
0.9888332
0.9879788
0.9867413
0.9856511
0.9847378
0.9835003
0.9823512
0.9814968
0.9803477
0.9796700
0.9786682
0.9780200
0.9770772
0.9759576
0.9750147
0.9738951
0.9730996
0.9720684
0.9709193
0.9700943
0.9691809
0.9682086
0.9671184
0.9658810
0.9646730
0.9637301
0.9627873
0.9617855
0.9612257
0.9602829
0.9590748
0.9583677
0.9576016
0.9566293
0.9555981
0.9549794
0.9540365
0.9537124
0.9525928
0.9515321
0.9503536
0.9493518
0.9483500
0.9473483
0.9464054
0.9454626
0.9443430
0.9433707
0.9423984
0.9414850
0.9405127
0.9393930
0.9386565
0.9377725
0.9369476
0.9357690
0.9348556
0.9337949
0.9329405
0.9318798
0.9308191
0.9301414
0.9288156
0.9277549
0.9268120
0.9261049
0.9249558
0.9243076
0.9235710
0.9225987
0.9215969
0.9207130
0.9197407
0.9188863
0.9176783
0.9166470
0.9157631
0.9149971
0.9139953
0.9131703
0.9121980
0.9112846
0.9103712
0.9100766
0.9106953
0.9121906
0.9123527
0.9129714
0.9129641
