0.9999895
0.9999785
0.9991762
0.9980106
0.9962724
0.9951807
0.9940236
0.9928827
0.9923611
0.9915874
0.9905512
0.9896307
0.9887353
0.9880480
0.9871114
0.9858617
0.9847983
0.9839017
0.9825067
0.9812301
0.9804325
0.9792307
0.9785713
0.9775872
0.9769237
0.9761503
0.9749906
0.9740185
0.9730110
0.9720599
0.9711097
0.9700664
0.9692525
0.9683675
0.9674405
0.9663174
0.9648781
0.9636225
0.9626270
0.9617476
0.9605631
0.9599573
0.9590077
0.9578217
0.9571290
0.9563300
0.9553833
0.9543921
0.9536834
0.9527530
0.9523768
0.9511492
0.9500390
0.9486714
0.9478251
0.9466525
0.9456784
0.9446817
0.9437101
0.9425905
0.9417053
0.9406926
0.9397618
0.9388968
0.9377905
0.9372167
0.9363798
0.9355283
0.9342764
0.9332689
0.9322028
0.9314655
0.9302777
0.9291438
0.9285485
0.9271595
0.9260055
0.9253280
0.9244177
0.9232213
0.9226692
0.9218001
0.9207926
0.9197938
0.9189932
0.9180706
0.9172816
0.9158867
0.9147678
0.9137354
0.9129829
0.9118933
0.9110033
0.9100280
0.9092356
0.9081171
0.9073315
0.9067612
0.9062335
0.9055539
0.9056348
0.9056894
