0.0000110
0.0000169
0.0004260
0.0004526
0.0010228
0.0009776
0.0008956
0.0009299
0.0008208
0.0006904
0.0011262
0.0010902
0.0012514
0.0012669
0.0013995
0.0014192
0.0013760
0.0013489
0.0016030
0.0018088
0.0017170
0.0018021
0.0017727
0.0017441
0.0017688
0.0014954
0.0015602
0.0016073
0.0014265
0.0016774
0.0015468
0.0013760
0.0013582
0.0013124
0.0012392
0.0012924
0.0016181
0.0016949
0.0017798
0.0016774
0.0019723
0.0020464
0.0020574
0.0020219
0.0019985
0.0020517
0.0020105
0.0019457
0.0020909
0.0020709
0.0021549
0.0023291
0.0024090
0.0027140
0.0024632
0.0027389
0.0026941
0.0027810
0.0028274
0.0028274
0.0026869
0.0027521
0.0027802
0.0026070
0.0025856
0.0023230
0.0022470
0.0022898
0.0024081
0.0025600
0.0025688
0.0023798
0.0025848
0.0027030
0.0025701
0.0026720
0.0028224
0.0023944
0.0027222
0.0027984
0.0026434
0.0028572
0.0029139
0.0029092
0.0027748
0.0026946
0.0025890
0.0028905
0.0030319
0.0032715
0.0032497
0.0033914
0.0034963
0.0035011
0.0033059
0.0036368
0.0044290
0.0063473
0.0096113
0.0109692
0.0118370
0.0117369
