1.0000032
0.9999994
0.9997042
0.9985716
0.9975402
0.9963926
0.9951338
0.9940354
0.9933785
0.9924432
0.9919473
0.9909821
0.9902865
0.9896185
0.9888462
0.9876209
0.9865040
0.9855738
0.9844938
0.9834723
0.9825610
0.9814646
0.9807688
0.9797492
0.9791164
0.9780041
0.9769246
0.9760110
0.9747793
0.9741392
0.9730271
0.9717721
0.9709361
0.9699943
0.9689767
0.9679195
0.9668839
0.9657234
0.9648333
0.9638269
0.9630080
0.9624941
0.9615580
0.9603280
0.9596064
0.9588733
0.9578754
0.9568041
0.9562753
0.9553201
0.9550480
0.9540364
0.9530252
0.9520357
0.9508785
0.9500476
0.9490181
0.9481291
0.9472151
0.9460954
0.9450360
0.9441041
0.9432082
0.9421285
0.9409956
0.9400962
0.9391652
0.9383668
0.9372616
0.9364423
0.9353871
0.9344155
0.9334818
0.9324944
0.9317344
0.9304717
0.9295042
0.9282961
0.9277921
0.9266903
0.9259460
0.9253419
0.9244048
0.9234001
0.9224328
0.9214109
0.9204909
0.9194698
0.9185262
0.9177908
0.9170112
0.9160973
0.9153373
0.9143680
0.9133336
0.9126254
0.9128217
0.9146294
0.9181478
0.9191514
0.9203081
0.9202387
