0.9999892
0.9943482
0.4951478
0.2773912
0.1802132
0.1346950
0.1101088
0.0967673
0.0875930
0.0814251
0.0762444
0.0727173
0.0690088
0.0651810
0.0634143
0.0613098
0.0591805
0.0574169
0.0556642
0.0538526
0.0529057
0.0522874
0.0504634
0.0496622
0.0482566
0.0474244
0.0462404
0.0457212
0.0454702
0.0444303
0.0433021
0.0424482
0.0416222
0.0411434
0.0406010
0.0399284
0.0392481
0.0384376
0.0379262
0.0377402
0.0370971
0.0365175
0.0358480
0.0357705
0.0354063
0.0344254
0.0340131
0.0337838
0.0334041
0.0329655
0.0325037
0.0325099
0.0320435
0.0316653
0.0315801
0.0307913
0.0305867
0.0302551
0.0298119
0.0296553
0.0295298
0.0294058
0.0290959
0.0283536
0.0284388
0.0283784
0.0280452
0.0279956
0.0276330
0.0272378
0.0272409
0.0270720
0.0268535
0.0266318
0.0266086
0.0261700
0.0259298
0.0259019
0.0255780
0.0256106
0.0254339
0.0251813
0.0249814
0.0248109
0.0252464
0.0249396
0.0243879
0.0243584
0.0238346
0.0238315
0.0238284
0.0238145
0.0234487
0.0232147
0.0235495
0.0233325
0.0232938
0.0230846
0.0233170
0.0229978
0.0227142
0.0226956
