0.9999777
0.9942316
0.4904078
0.2737930
0.1783635
0.1316691
0.1063969
0.0932153
0.0838906
0.0774698
0.0730132
0.0693480
0.0657150
0.0617580
0.0600035
0.0575875
0.0560621
0.0541008
0.0524900
0.0503762
0.0494340
0.0487164
0.0470158
0.0459814
0.0450058
0.0437811
0.0425830
0.0420125
0.0416697
0.0408884
0.0397199
0.0389330
0.0379576
0.0375606
0.0368465
0.0365347
0.0354739
0.0345947
0.0341015
0.0337965
0.0331712
0.0327369
0.0323824
0.0320304
0.0314433
0.0305692
0.0301884
0.0304448
0.0297158
0.0292592
0.0286492
0.0288860
0.0283040
0.0278591
0.0275976
0.0271196
0.0266666
0.0265710
0.0260708
0.0260641
0.0258165
0.0255902
0.0252389
0.0247651
0.0246924
0.0244697
0.0242678
0.0241897
0.0236403
0.0233211
0.0235031
0.0234733
0.0231619
0.0230340
0.0228972
0.0225969
0.0223970
0.0224010
0.0219952
0.0221243
0.0219252
0.0216462
0.0216001
0.0213922
0.0215590
0.0215339
0.0209868
0.0208579
0.0204321
0.0204467
0.0204927
0.0202734
0.0200799
0.0200685
0.0204119
0.0201746
0.0200999
0.0198993
0.0199552
0.0197536
0.0195147
0.0195184
