0.0000184
0.0001880
0.0076475
0.0058054
0.0029844
0.0048820
0.0059887
0.0057308
0.0059734
0.0063815
0.0052133
0.0054361
0.0053143
0.0055226
0.0055031
0.0060057
0.0050312
0.0053503
0.0051213
0.0056089
0.0056014
0.0057615
0.0055623
0.0059386
0.0052448
0.0058781
0.0059008
0.0059838
0.0061318
0.0057146
0.0057796
0.0056715
0.0059126
0.0057804
0.0060574
0.0054755
0.0060893
0.0062002
0.0061707
0.0063629
0.0063341
0.0060997
0.0055914
0.0060343
0.0063939
0.0062216
0.0061709
0.0053871
0.0059508
0.0059798
0.0062190
0.0058469
0.0060332
0.0061410
0.0064253
0.0059239
0.0063248
0.0059440
0.0060359
0.0057941
0.0059911
0.0061561
0.0062229
0.0057896
0.0060444
0.0063062
0.0060945
0.0061405
0.0064417
0.0063193
0.0060305
0.0058061
0.0059559
0.0058048
0.0059881
0.0057650
0.0056999
0.0056484
0.0057805
0.0056248
0.0056609
0.0057036
0.0054554
0.0055158
0.0059492
0.0054947
0.0054872
0.0056477
0.0054897
0.0054611
0.0053818
0.0057131
0.0054354
0.0050761
0.0050622
0.0050950
0.0051529
0.0051391
0.0054240
0.0052341
0.0051620
0.0051260
