1.0000006
0.9944647
0.4998878
0.2809894
0.1820630
0.1377209
0.1138206
0.1003193
0.0912953
0.0853804
0.0794757
0.0760866
0.0723026
0.0686040
0.0668252
0.0650322
0.0622989
0.0607331
0.0588384
0.0573290
0.0563775
0.0558584
0.0539109
0.0533430
0.0515073
0.0510677
0.0498977
0.0494300
0.0492707
0.0479722
0.0468843
0.0459635
0.0452869
0.0447261
0.0443554
0.0433221
0.0430222
0.0422805
0.0417508
0.0416840
0.0410230
0.0402981
0.0393136
0.0395106
0.0393693
0.0382815
0.0378379
0.0371228
0.0370924
0.0366718
0.0363583
0.0361339
0.0357829
0.0354715
0.0355625
0.0344630
0.0345069
0.0339392
0.0335530
0.0332466
0.0332431
0.0332214
0.0329529
0.0319420
0.0321852
0.0322870
0.0318226
0.0318015
0.0316256
0.0311545
0.0309787
0.0306707
0.0305450
0.0302297
0.0303200
0.0297432
0.0294627
0.0294028
0.0291609
0.0290969
0.0289426
0.0287164
0.0283627
0.0282297
0.0289338
0.0283452
0.0277889
0.0278589
0.0272372
0.0272163
0.0271641
0.0273555
0.0268176
0.0263609
0.0266871
0.0264904
0.0264876
0.0262698
0.0266788
0.0262419
0.0259136
0.0258727
