50.1670762
75.9213759
75.9213759
75.9213759
75.9213759
78.0844595
81.5629607
82.5396192
82.8578010
83.0537469
83.2312654
83.4207617
83.5663391
83.6314496
83.7079238
83.7939189
83.8452088
83.8817568
83.9152334
83.9514742
83.9788084
84.0227273
84.0414619
84.0586609
84.0949017
84.1213145
84.1305283
84.1526413
84.1738329
84.1805897
84.1944103
84.2128378
84.2303440
84.2420147
84.2641278
84.2681204
84.2693489
84.2893120
84.2982187
84.2997543
84.3175676
84.3175676
84.3344595
84.3273956
84.3461302
84.3571867
84.3498157
84.3630221
84.3590295
84.3710074
84.3664005
84.3829853
84.3869779
84.3983415
84.3915848
84.3992629
84.4041769
84.4081695
84.4093980
84.4087838
84.4299754
84.4195332
84.4321253
84.4428747
84.4416462
84.4394963
84.4434889
84.4450246
84.4505528
84.4576167
84.4656020
84.4699017
84.4686732
84.4705160
84.4824939
84.4898649
84.4867936
84.4944717
84.4855651
84.4941646
84.4981572
84.5024570
84.5132064
84.5006143
84.5058354
84.5055283
84.5159705
84.5153563
84.5110565
84.5147420
84.5202703
84.5156634
84.5221130
84.5107494
84.5196560
84.5098280
84.5233415
84.5230344
84.5313268
84.5350123
84.5353194
84.5205774
