34.2017089
75.9213759
75.9213759
75.9213759
75.9213759
76.8894069
81.0960655
82.3905614
82.7711754
82.9761188
83.1553248
83.3495219
83.5047924
83.5846184
83.6575091
83.7459724
83.8044971
83.8345383
83.8627636
83.9036249
83.9359862
83.9670931
83.9985113
84.0195725
84.0543679
84.0848228
84.0873002
84.1142243
84.1399406
84.1516978
84.1587462
84.1773775
84.1861891
84.2073528
84.2201291
84.2287843
84.2279886
84.2481119
84.2621283
84.2581881
84.2797078
84.2867460
84.2978033
84.2930150
84.3194739
84.3337943
84.3167673
84.3325981
84.3274386
84.3404337
84.3266703
84.3410939
84.3555232
84.3655529
84.3510474
84.3610753
84.3705099
84.3653322
84.3695131
84.3683825
84.3943810
84.3859092
84.3991054
84.4014990
84.4069425
84.4031858
84.4050309
84.4035890
84.4124388
84.4211970
84.4267297
84.4335917
84.4306587
84.4219079
84.4358095
84.4458971
84.4473711
84.4539992
84.4415825
84.4465899
84.4540598
84.4649898
84.4785189
84.4553330
84.4662569
84.4617293
84.4737882
84.4768041
84.4699656
84.4749394
84.4805971
84.4758239
84.4850621
84.4738174
84.4816587
84.4779727
84.4855009
84.4849528
84.4971979
84.4993975
84.4969062
84.4848788
