25.7586349
0.0000000
0.0000000
0.0000000
0.0000000
1.9281062
0.7532920
0.2404909
0.1397623
0.1252458
0.1225230
0.1149387
0.0992998
0.0755578
0.0813395
0.0773572
0.0656846
0.0761826
0.0846552
0.0772003
0.0690895
0.0897605
0.0692968
0.0630655
0.0653975
0.0588760
0.0697445
0.0619823
0.0546821
0.0466143
0.0575407
0.0572119
0.0712398
0.0559238
0.0709878
0.0634651
0.0667311
0.0664726
0.0582284
0.0670631
0.0610832
0.0497278
0.0591414
0.0554699
0.0430074
0.0377414
0.0533205
0.0490863
0.0509689
0.0493278
0.0641010
0.0675878
0.0507491
0.0529014
0.0654033
0.0616121
0.0543187
0.0691141
0.0643506
0.0651837
0.0574283
0.0542491
0.0532745
0.0667558
0.0559912
0.0585837
0.0620484
0.0668525
0.0614934
0.0587597
0.0627168
0.0585829
0.0613329
0.0784247
0.0753209
0.0709380
0.0636046
0.0652986
0.0709619
0.0767574
0.0711471
0.0604499
0.0559651
0.0730571
0.0638562
0.0706655
0.0680572
0.0622003
0.0662964
0.0642178
0.0640089
0.0642773
0.0597783
0.0595863
0.0613052
0.0513956
0.0610523
0.0614412
0.0550637
0.0574612
0.0619762
0.0575964
