66.1324435
75.9213759
75.9213759
75.9213759
75.9213759
79.2795121
82.0298559
82.6886770
82.9444265
83.1313751
83.3072059
83.4920014
83.6278857
83.6782809
83.7583386
83.8418654
83.8859206
83.9289752
83.9677033
83.9993235
84.0216305
84.0783614
84.0844125
84.0977493
84.1354355
84.1578062
84.1737563
84.1910583
84.2077252
84.2094815
84.2300744
84.2482982
84.2744989
84.2766767
84.3081265
84.3074564
84.3107092
84.3305122
84.3343090
84.3413204
84.3554273
84.3483891
84.3711157
84.3617762
84.3727865
84.3805791
84.3828641
84.3934461
84.3906203
84.4015811
84.4061307
84.4248766
84.4184325
84.4311301
84.4321221
84.4374505
84.4378440
84.4510069
84.4492830
84.4491850
84.4655699
84.4531571
84.4651452
84.4842504
84.4763499
84.4758069
84.4819470
84.4864602
84.4886668
84.4940364
84.5044742
84.5062118
84.5066877
84.5191241
84.5291782
84.5338327
84.5262162
84.5349443
84.5295478
84.5417393
84.5422547
84.5399242
84.5478939
84.5458955
84.5454139
84.5493272
84.5581528
84.5539084
84.5521474
84.5545446
84.5599434
84.5555029
84.5591640
84.5476813
84.5576534
84.5416833
84.5611821
84.5611160
84.5654556
84.5706271
84.5737326
84.5562760
