2.3024263
5.7955307
0.2784640
0.2053258
0.1740754
0.1565226
0.1453329
0.1381415
0.1327668
0.1290287
0.1262824
0.1239174
0.1223019
0.1206266
0.1192518
0.1180091
0.1169896
0.1157475
0.1145946
0.1135932
0.1126482
0.1115485
0.1105712
0.1097131
0.1090767
0.1083629
0.1076914
0.1068827
0.1060102
0.1053144
0.1046755
0.1041519
0.1037175
0.1031023
0.1027007
0.1021390
0.1017562
0.1011366
0.1008021
0.1004008
0.1000093
0.0994744
0.0989960
0.0986462
0.0981916
0.0978484
0.0976217
0.0973580
0.0972245
0.0968281
0.0966693
0.0964027
0.0960955
0.0956838
0.0952993
0.0950688
0.0949102
0.0946862
0.0945238
0.0940605
0.0934715
0.0933373
0.0932794
0.0931028
0.0929861
0.0929947
0.0929339
0.0927113
0.0924066
0.0920735
0.0918444
0.0917411
0.0915360
0.0913000
0.0908632
0.0904319
0.0902770
0.0905189
0.0904885
0.0900807
0.0899980
0.0897447
0.0894915
0.0893074
0.0892252
0.0891705
0.0891938
0.0891573
0.0890548
0.0888343
0.0888965
0.0887609
0.0884205
0.0881672
0.0878204
0.0878369
0.0875918
0.0873223
0.0871901
0.0872385
0.0869170
0.0868082
0.0865182
0.0864107
0.0866134
0.0870510
0.0872766
0.0876320
0.0874478
0.0869888
0.0866954
0.0862496
0.0859741
0.0857027
0.0854130
0.0855980
0.0857568
0.0855952
0.0854150
0.0858551
0.0860892
0.0858163
0.0859400
0.0856368
0.0853190
0.0850672
0.0852234
0.0849981
0.0846934
0.0841833
0.0837010
0.0834150
0.0832780
0.0830968
0.0831834
0.0837346
0.0841650
0.0846070
0.0846943
0.0841325
0.0835915
0.0831729
0.0827685
0.0825626
0.0823951
0.0823942
0.0824831
0.0824879
0.0827152
0.0828213
0.0832425
0.0831922
0.0829231
0.0822673
0.0820945
0.0818350
0.0816169
0.0815115
0.0813908
0.0813752
0.0814285
0.0814607
0.0824351
0.0832061
0.0832477
0.0831420
0.0829443
0.0825013
0.0822276
0.0820089
0.0819426
0.0817755
0.0816544
0.0813502
0.0811468
0.0808860
0.0807584
0.0810375
0.0809668
0.0810389
0.0809868
0.0809710
0.0809194
0.0810347
0.0808294
0.0805927
0.0810339
0.0810985
0.0807599
0.0804890
0.0802065
0.0798308
0.0794621
0.0791860
0.0788666
0.0788767
0.0794585
0.0794937
0.0793769
0.0792064
0.0790917
0.0787478
