2.3020925
4.9412975
0.2459280
0.1835211
0.1559989
0.1407491
0.1313609
0.1252010
0.1209149
0.1178992
0.1158065
0.1141548
0.1129018
0.1120281
0.1112001
0.1105572
0.1098260
0.1088184
0.1079155
0.1071689
0.1064797
0.1057490
0.1048758
0.1041616
0.1035911
0.1030758
0.1026197
0.1020307
0.1014287
0.1007179
0.1000711
0.0996298
0.0992893
0.0988448
0.0983684
0.0979028
0.0975112
0.0970898
0.0968465
0.0965467
0.0961451
0.0956685
0.0953956
0.0950174
0.0945323
0.0941030
0.0939026
0.0937076
0.0937342
0.0934747
0.0933766
0.0930193
0.0926771
0.0923457
0.0918700
0.0916687
0.0914550
0.0909556
0.0908046
0.0905696
0.0900907
0.0899487
0.0898677
0.0897192
0.0895150
0.0892444
0.0893454
0.0893131
0.0889987
0.0885508
0.0881930
0.0881683
0.0879427
0.0877986
0.0874910
0.0871124
0.0870239
0.0874535
0.0874767
0.0869295
0.0867828
0.0865492
0.0864857
0.0863831
0.0863214
0.0859760
0.0856540
0.0859567
0.0859819
0.0857853
0.0856020
0.0853977
0.0851350
0.0850666
0.0847850
0.0844165
0.0842235
0.0841254
0.0841124
0.0839808
0.0837678
0.0836672
0.0835093
0.0835347
0.0837080
0.0838326
0.0838513
0.0837993
0.0837415
0.0839356
0.0838660
0.0834820
0.0831551
0.0829491
0.0826217
0.0827930
0.0827077
0.0824323
0.0821978
0.0829213
0.0836435
0.0831680
0.0835785
0.0830821
0.0826011
0.0821141
0.0816586
0.0816677
0.0817979
0.0813781
0.0808862
0.0806297
0.0805134
0.0804151
0.0804358
0.0807309
0.0809145
0.0808437
0.0807680
0.0807870
0.0805137
0.0804959
0.0802344
0.0799601
0.0796964
0.0794004
0.0793486
0.0794664
0.0800161
0.0804846
0.0810630
0.0812030
0.0808962
0.0802295
0.0799821
0.0795098
0.0792013
0.0793591
0.0793257
0.0792372
0.0792733
0.0793568
0.0795320
0.0787487
0.0787561
0.0788814
0.0790784
0.0789986
0.0786929
0.0784864
0.0784114
0.0783813
0.0783529
0.0781977
0.0782458
0.0783353
0.0784032
0.0786784
0.0784300
0.0782410
0.0780894
0.0780055
0.0776032
0.0776285
0.0774807
0.0773810
0.0783163
0.0785151
0.0782609
0.0781741
0.0778882
0.0774789
0.0770541
0.0768041
0.0764246
0.0762673
0.0766426
0.0768496
0.0768392
0.0765907
0.0762770
0.0759702
