0.0003809
0.9745528
0.0371187
0.0248759
0.0206226
0.0179952
0.0159400
0.0147631
0.0135213
0.0126970
0.0119514
0.0111377
0.0107242
0.0098096
0.0091858
0.0085014
0.0081726
0.0079050
0.0076199
0.0073291
0.0070373
0.0066164
0.0064976
0.0063334
0.0062583
0.0060319
0.0057860
0.0055354
0.0052268
0.0052439
0.0052529
0.0051590
0.0050519
0.0048572
0.0049425
0.0048330
0.0048429
0.0046167
0.0045127
0.0043969
0.0044084
0.0043419
0.0041076
0.0041400
0.0041747
0.0042730
0.0042430
0.0041645
0.0039819
0.0038257
0.0037565
0.0038599
0.0038999
0.0038082
0.0039123
0.0038791
0.0039419
0.0042561
0.0042430
0.0039826
0.0038569
0.0038658
0.0038923
0.0038602
0.0039599
0.0042785
0.0040939
0.0038768
0.0038879
0.0040189
0.0041657
0.0040760
0.0040995
0.0039946
0.0038472
0.0037870
0.0037114
0.0034972
0.0034360
0.0035951
0.0036681
0.0036456
0.0034292
0.0033362
0.0033128
0.0036444
0.0040385
0.0036514
0.0035057
0.0034785
0.0037586
0.0038369
0.0037483
0.0035374
0.0034630
0.0039022
0.0038428
0.0036472
0.0035112
0.0037165
0.0035927
0.0035834
0.0034327
0.0032811
0.0033146
0.0036717
0.0039078
0.0043725
0.0042283
0.0034832
0.0032280
0.0031574
0.0032161
0.0031414
0.0031845
0.0032002
0.0034786
0.0036084
0.0036704
0.0033471
0.0027903
0.0030213
0.0026941
0.0029145
0.0031007
0.0033691
0.0040669
0.0037995
0.0033034
0.0032004
0.0032113
0.0031776
0.0031540
0.0030594
0.0031346
0.0034268
0.0037084
0.0042934
0.0044793
0.0038167
0.0035113
0.0030541
0.0028910
0.0029691
0.0030788
0.0034154
0.0035759
0.0034471
0.0030793
0.0026658
0.0024864
0.0022694
0.0023124
0.0023248
0.0024099
0.0026528
0.0027559
0.0024555
0.0023560
0.0024391
0.0024588
0.0024002
0.0033120
0.0050852
0.0051242
0.0048607
0.0044104
0.0039961
0.0040325
0.0040187
0.0040286
0.0038723
0.0037664
0.0035965
0.0033096
0.0029100
0.0026870
0.0026913
0.0028941
0.0031920
0.0033054
0.0033832
0.0037832
0.0038859
0.0038204
0.0036640
0.0031004
0.0029473
0.0028509
0.0026409
0.0026449
0.0026831
0.0027472
0.0027175
0.0027860
0.0029769
0.0032125
0.0030166
0.0028951
0.0029842
0.0032111
0.0031689
