2.3027602
6.6497639
0.3109999
0.2271305
0.1921519
0.1722961
0.1593049
0.1510819
0.1446188
0.1401581
0.1367583
0.1336801
0.1317021
0.1292251
0.1273035
0.1254609
0.1241532
0.1226765
0.1212738
0.1200174
0.1188167
0.1173480
0.1162665
0.1152645
0.1145623
0.1136501
0.1127631
0.1117347
0.1105917
0.1099109
0.1092799
0.1086740
0.1081457
0.1073598
0.1070330
0.1063753
0.1060012
0.1051833
0.1047576
0.1042548
0.1038734
0.1032802
0.1025965
0.1022751
0.1018509
0.1015938
0.1013408
0.1010083
0.1007148
0.1001815
0.0999620
0.0997860
0.0995139
0.0990218
0.0987286
0.0984689
0.0983655
0.0984168
0.0982429
0.0975514
0.0968522
0.0967259
0.0966912
0.0964864
0.0964571
0.0967450
0.0965224
0.0961095
0.0958145
0.0955962
0.0954959
0.0953138
0.0951293
0.0948014
0.0942354
0.0937513
0.0935302
0.0935843
0.0935003
0.0932319
0.0932133
0.0929403
0.0924974
0.0922318
0.0921290
0.0923649
0.0927337
0.0923579
0.0921277
0.0918833
0.0921910
0.0921240
0.0917061
0.0912678
0.0908558
0.0912573
0.0909601
0.0905192
0.0902678
0.0904961
0.0900661
0.0899492
0.0895272
0.0892867
0.0895187
0.0902694
0.0907020
0.0914647
0.0911541
0.0900420
0.0895249
0.0890171
0.0887932
0.0884563
0.0882043
0.0884031
0.0888059
0.0887581
0.0886322
0.0887890
0.0885350
0.0884646
0.0883015
0.0881914
0.0880368
0.0880204
0.0887882
0.0883285
0.0875889
0.0869886
0.0865158
0.0862003
0.0860426
0.0857785
0.0859310
0.0867383
0.0874155
0.0883703
0.0886206
0.0874780
0.0866693
0.0858500
0.0853026
0.0851651
0.0850938
0.0853879
0.0856175
0.0855094
0.0854143
0.0851579
0.0854219
0.0851815
0.0849500
0.0843051
0.0842068
0.0841603
0.0840325
0.0836638
0.0834559
0.0835131
0.0835837
0.0835645
0.0853382
0.0876634
0.0877393
0.0874026
0.0868102
0.0860040
0.0857623
0.0855315
0.0854738
0.0851697
0.0849558
0.0845027
0.0840478
0.0834367
0.0831137
0.0833965
0.0835036
0.0838368
0.0838841
0.0839366
0.0842355
0.0844409
0.0841781
0.0838043
0.0837515
0.0836820
0.0832588
0.0828038
0.0825249
0.0821826
0.0818701
0.0815680
0.0813086
0.0814860
0.0822744
0.0821379
0.0819146
0.0818221
0.0819063
0.0815255
