0.0013464
94.4864392
0.0084948
0.0064798
0.0051086
0.0041575
0.0038048
0.0036005
0.0043181
0.0041328
0.0045155
0.0055473
0.0047579
0.0044685
0.0045419
0.0052541
0.0051064
0.0056903
0.0054206
0.0053426
0.0047515
0.0053640
0.0047256
0.0051216
0.0053332
0.0044899
0.0046386
0.0046682
0.0050157
0.0043245
0.0045364
0.0050753
0.0049309
0.0041938
0.0043180
0.0045471
0.0042345
0.0040556
0.0039965
0.0047657
0.0044250
0.0042340
0.0039300
0.0035963
0.0035521
0.0034742
0.0035576
0.0034409
0.0038741
0.0043433
0.0038850
0.0046108
0.0035506
0.0043363
0.0048807
0.0058756
0.0046441
0.0038273
0.0038147
0.0036820
0.0037546
0.0034985
0.0034160
0.0034275
0.0036090
0.0042200
0.0041849
0.0034142
0.0035998
0.0036466
0.0037169
0.0037730
0.0038580
0.0037067
0.0036075
0.0037805
0.0035717
0.0034135
0.0033989
0.0034709
0.0030906
0.0028482
0.0032909
0.0031403
0.0028563
0.0028973
0.0032378
0.0035271
0.0037141
0.0035043
0.0034813
0.0031273
0.0032208
0.0030797
0.0029495
0.0030384
0.0030085
0.0036855
0.0036216
0.0036129
0.0030556
0.0028370
0.0036298
0.0032778
0.0033777
0.0033499
0.0032360
0.0030509
0.0030075
0.0030030
0.0033011
0.0028554
0.0027476
0.0031856
0.0029253
0.0028786
0.0030830
0.0032003
0.0032830
0.0033489
0.0035054
0.0031443
0.0031824
0.0027670
0.0027608
0.0032100
0.0030964
0.0030081
0.0032212
0.0028543
0.0029163
0.0033175
0.0036676
0.0033396
0.0030443
0.0029111
0.0029310
0.0029637
0.0026223
0.0027806
0.0031339
0.0033483
0.0028279
0.0026885
0.0029166
0.0032433
0.0032434
0.0030212
0.0035662
0.0033099
0.0032911
0.0032819
0.0028892
0.0027547
0.0032042
0.0029519
0.0028352
0.0027195
0.0028538
0.0031800
0.0040244
0.0039863
0.0037080
0.0033517
0.0029835
0.0025680
0.0025773
0.0026537
0.0028810
0.0029418
0.0032842
0.0031569
0.0030785
0.0028541
0.0030248
0.0033206
0.0031841
0.0035662
0.0031058
0.0031744
0.0032881
0.0031690
0.0040958
0.0036483
0.0033057
0.0030621
0.0030500
0.0032704
0.0031402
0.0029757
0.0029560
0.0027770
0.0025941
0.0028954
0.0027211
0.0027702
0.0035924
0.0033414
0.0037536
0.0036564
0.0035506
0.0037005
