0.0012027
47.4273118
0.0075717
0.0060052
0.0043224
0.0034449
0.0031436
0.0032192
0.0035374
0.0035416
0.0041462
0.0048994
0.0041275
0.0039074
0.0040368
0.0045781
0.0042022
0.0046257
0.0048249
0.0049503
0.0043529
0.0046929
0.0042329
0.0046225
0.0049494
0.0043052
0.0039121
0.0041373
0.0045691
0.0037343
0.0041958
0.0044088
0.0038416
0.0037007
0.0035739
0.0039091
0.0036282
0.0035105
0.0034967
0.0039205
0.0037875
0.0033216
0.0028415
0.0030122
0.0032766
0.0031999
0.0030432
0.0029101
0.0035787
0.0036427
0.0034056
0.0036048
0.0030552
0.0030257
0.0038272
0.0021460
0.0029121
0.0031155
0.0032027
0.0026179
0.0025210
0.0028410
0.0028603
0.0031078
0.0031123
0.0031120
0.0035223
0.0031947
0.0034319
0.0031278
0.0033487
0.0033911
0.0030928
0.0032876
0.0029419
0.0029836
0.0032340
0.0030284
0.0031885
0.0031026
0.0028542
0.0025471
0.0027839
0.0026738
0.0026785
0.0025367
0.0030605
0.0029041
0.0034597
0.0032538
0.0026631
0.0026814
0.0030807
0.0029716
0.0027417
0.0025829
0.0025053
0.0025236
0.0027443
0.0028196
0.0027152
0.0025381
0.0031284
0.0030176
0.0027610
0.0027188
0.0025128
0.0024078
0.0025331
0.0025155
0.0026640
0.0022850
0.0025212
0.0026459
0.0024642
0.0024880
0.0026813
0.0026486
0.0024096
0.0029686
0.0027361
0.0026270
0.0026399
0.0023843
0.0025489
0.0024628
0.0028462
0.0026933
0.0024679
0.0024974
0.0026969
0.0025043
0.0032119
0.0028573
0.0024683
0.0025285
0.0025980
0.0025395
0.0023982
0.0024374
0.0025421
0.0019246
0.0022069
0.0022213
0.0025028
0.0025693
0.0027150
0.0028588
0.0029731
0.0030172
0.0030154
0.0029485
0.0025606
0.0024189
0.0025590
0.0024819
0.0024776
0.0023818
0.0023457
0.0020680
0.0024304
0.0024901
0.0029466
0.0028014
0.0025723
0.0022667
0.0023142
0.0023234
0.0024767
0.0022386
0.0025390
0.0025262
0.0028157
0.0022955
0.0023534
0.0020123
0.0022224
0.0019349
0.0020465
0.0021022
0.0028006
0.0027352
0.0035452
0.0031767
0.0026859
0.0023735
0.0022624
0.0023480
0.0027110
0.0024976
0.0025339
0.0022973
0.0022763
0.0021084
0.0021286
0.0024452
0.0025996
0.0030671
0.0029667
0.0030012
0.0030573
0.0032093
