0.0001639
53.6874529
0.0010531
0.0005415
0.0008969
0.0008130
0.0007543
0.0004350
0.0008907
0.0006745
0.0004214
0.0007392
0.0007191
0.0006402
0.0005763
0.0007712
0.0010316
0.0012146
0.0006796
0.0004475
0.0004547
0.0007656
0.0005621
0.0005694
0.0004379
0.0002108
0.0008288
0.0006057
0.0005095
0.0006734
0.0003886
0.0007604
0.0012428
0.0005625
0.0008489
0.0007279
0.0006917
0.0006219
0.0005702
0.0009643
0.0007273
0.0010409
0.0012419
0.0006663
0.0003143
0.0003130
0.0005869
0.0006056
0.0003370
0.0007992
0.0005470
0.0011477
0.0005652
0.0014952
0.0012019
0.0042550
0.0019760
0.0008121
0.0006982
0.0012140
0.0014074
0.0007502
0.0006339
0.0003647
0.0005667
0.0012640
0.0007560
0.0002504
0.0001916
0.0005919
0.0004200
0.0004357
0.0008730
0.0004781
0.0007594
0.0009091
0.0003854
0.0004394
0.0002400
0.0004201
0.0002697
0.0003435
0.0005784
0.0005321
0.0002029
0.0004114
0.0002023
0.0007108
0.0002903
0.0002857
0.0009334
0.0005088
0.0001599
0.0001232
0.0002371
0.0005196
0.0005741
0.0013255
0.0010008
0.0009051
0.0003883
0.0003411
0.0005721
0.0002969
0.0007035
0.0007200
0.0008251
0.0007336
0.0005413
0.0005562
0.0007269
0.0006507
0.0002582
0.0006157
0.0005261
0.0004457
0.0004583
0.0006294
0.0009965
0.0004340
0.0008776
0.0005902
0.0006190
0.0004365
0.0002417
0.0008525
0.0002855
0.0003591
0.0008593
0.0004071
0.0002503
0.0009277
0.0005198
0.0005502
0.0006571
0.0004365
0.0003799
0.0004839
0.0002557
0.0003915
0.0006752
0.0016242
0.0007085
0.0005330
0.0004721
0.0007689
0.0006028
0.0001853
0.0006766
0.0003339
0.0003146
0.0003804
0.0003748
0.0003832
0.0007361
0.0005361
0.0004080
0.0003853
0.0005797
0.0012686
0.0018185
0.0017069
0.0008687
0.0006278
0.0004691
0.0003437
0.0003002
0.0003768
0.0004612
0.0008023
0.0008502
0.0007196
0.0002998
0.0006372
0.0007660
0.0014926
0.0010972
0.0018610
0.0012085
0.0012232
0.0005561
0.0004948
0.0006282
0.0005380
0.0007071
0.0007856
0.0008985
0.0010522
0.0004896
0.0005454
0.0004815
0.0005473
0.0003626
0.0008979
0.0006759
0.0003708
0.0011327
0.0003130
0.0008977
0.0007475
0.0005628
0.0005604
