0.0014900
141.5455665
0.0094179
0.0069545
0.0058948
0.0048702
0.0044660
0.0039819
0.0050988
0.0047240
0.0048849
0.0061952
0.0053882
0.0050297
0.0050471
0.0059301
0.0060107
0.0067549
0.0060163
0.0057349
0.0051501
0.0060351
0.0052184
0.0056207
0.0057170
0.0046747
0.0053651
0.0051991
0.0054622
0.0049148
0.0048770
0.0057418
0.0060203
0.0046868
0.0050621
0.0051851
0.0048408
0.0046007
0.0044963
0.0056109
0.0050625
0.0051464
0.0050185
0.0041803
0.0038276
0.0037485
0.0040720
0.0039717
0.0041695
0.0050438
0.0043645
0.0056169
0.0040460
0.0056468
0.0059342
0.0096053
0.0063761
0.0045392
0.0044267
0.0047462
0.0049882
0.0041561
0.0039717
0.0037472
0.0041058
0.0053280
0.0048476
0.0036337
0.0037678
0.0041654
0.0040850
0.0041549
0.0046232
0.0041257
0.0042731
0.0045774
0.0039095
0.0037986
0.0036093
0.0038391
0.0033270
0.0031493
0.0037979
0.0036067
0.0030342
0.0032578
0.0034152
0.0041502
0.0039686
0.0037548
0.0042994
0.0035733
0.0033609
0.0031877
0.0031573
0.0034939
0.0035117
0.0048473
0.0044988
0.0044063
0.0033960
0.0031360
0.0041313
0.0035380
0.0039943
0.0039810
0.0039592
0.0036939
0.0034820
0.0034905
0.0039383
0.0034258
0.0029739
0.0037252
0.0033864
0.0032692
0.0034847
0.0037520
0.0041564
0.0037293
0.0042746
0.0036616
0.0037250
0.0031496
0.0029726
0.0039573
0.0033467
0.0033229
0.0039744
0.0032111
0.0031357
0.0041307
0.0041232
0.0038218
0.0036203
0.0032938
0.0032640
0.0033879
0.0028465
0.0031238
0.0037257
0.0047720
0.0034489
0.0031557
0.0033305
0.0039172
0.0037718
0.0031837
0.0041593
0.0036026
0.0035668
0.0036153
0.0032177
0.0030906
0.0038493
0.0034218
0.0031928
0.0030573
0.0033619
0.0042920
0.0056185
0.0054825
0.0044695
0.0039021
0.0033947
0.0028692
0.0028405
0.0029840
0.0032853
0.0036451
0.0040295
0.0037877
0.0033413
0.0034126
0.0036963
0.0046290
0.0041458
0.0051975
0.0041651
0.0042466
0.0037756
0.0036027
0.0046465
0.0041198
0.0039254
0.0037507
0.0038376
0.0041927
0.0035693
0.0034538
0.0033781
0.0032568
0.0029119
0.0036825
0.0033135
0.0030952
0.0045853
0.0036157
0.0045404
0.0043116
0.0040439
0.0041917
